     0/219     2.47G   0.08931   0.03257         0    0.1219         0       256         0         0 0.0001881 2.643e-05   0.09767   0.03556         0
     1/219     2.47G   0.07651   0.03406         0    0.1106         0       256         0         0 0.0004918 7.343e-05   0.09106   0.03548         0
     2/219     2.47G   0.07181    0.0336         0    0.1054         0       256         0         0  0.002097 0.0003408   0.08545   0.03678         0
     3/219     2.47G   0.06606   0.03383         0   0.09989         0       256         0         0   0.03286  0.007412   0.07064   0.03851         0
     4/219     2.47G   0.05607   0.03276         0   0.08882         0       256    0.6092    0.6429    0.6526     0.165   0.05676   0.03532         0
     5/219     2.47G   0.05971   0.02557         0   0.08528         0       256    0.4382    0.7521     0.559    0.1942   0.06192   0.03012         0
     6/219     2.47G   0.05461   0.02365         0   0.07826         0       256    0.2449    0.8929    0.3343    0.1036   0.06392   0.02487         0
     7/219     2.47G   0.05664   0.02013         0   0.07677         0       256    0.3293    0.9286    0.5886    0.1458   0.06651   0.02304         0
     8/219     2.47G   0.05642   0.01711         0   0.07352         0       256    0.2174    0.8929    0.2536    0.1024   0.06491    0.0219         0
     9/219     2.47G   0.05759   0.01612         0    0.0737         0       256    0.2776    0.8571    0.4952    0.1934   0.05332   0.02297         0
    10/219     2.47G   0.05274   0.01578         0   0.06851         0       256    0.1366    0.8929    0.3957    0.1282   0.06604   0.01904         0
    11/219     2.47G   0.05897   0.01419         0   0.07315         0       256    0.1523    0.8929    0.4603    0.1192   0.06564   0.01771         0
    12/219     2.47G   0.05776   0.01446         0   0.07222         0       256    0.2021    0.6429     0.435     0.106   0.06655   0.02312         0
    13/219     2.47G   0.05562   0.01552         0   0.07113         0       256    0.1047    0.9286    0.5499    0.1766   0.06658   0.01795         0
    14/219     2.47G   0.05868   0.01463         0   0.07331         0       256    0.2217    0.8571    0.6184    0.2826    0.0574   0.02214         0
    15/219     2.47G   0.05449   0.01321         0    0.0677         0       256    0.1119    0.8214    0.3226    0.0839   0.08309   0.01801         0
    16/219     2.47G    0.0655   0.01733         0   0.08283         0       256    0.2121    0.8571     0.614    0.1579   0.06052   0.02251         0
    17/219     2.47G    0.0596   0.01447         0   0.07407         0       256    0.1561      0.75    0.3263   0.08524   0.07159   0.02149         0
    18/219     2.47G   0.05646   0.01371         0   0.07017         0       256    0.1606         1    0.5673    0.1959   0.05396   0.01767         0
    19/219     2.47G   0.05073   0.01262         0   0.06335         0       256    0.1436    0.9643    0.6727    0.2918   0.05199   0.01727         0
    20/219     2.47G   0.04834   0.01229         0   0.06063         0       256    0.2007    0.9643    0.6929    0.3606   0.05054   0.01572         0
    21/219     2.47G    0.0501   0.01164         0   0.06174         0       256    0.2007    0.9286    0.6675    0.2371   0.05363   0.01649         0
    22/219     2.47G   0.04739   0.01035         0   0.05773         0       256    0.1658    0.9286    0.6802    0.1959   0.05439   0.01537         0
    23/219     2.47G   0.04357   0.01109         0   0.05466         0       256    0.2303    0.9286    0.7716    0.3159   0.04477    0.0165         0
    24/219     2.47G   0.04053   0.01106         0    0.0516         0       256    0.2493    0.9286    0.8613    0.4351   0.04813   0.01807         0
    25/219     2.47G   0.04253   0.01151         0   0.05404         0       256    0.2289    0.9286      0.87    0.4679   0.05236   0.01574         0
    26/219     2.47G   0.04429  0.009431         0   0.05372         0       256    0.3137    0.9286     0.868    0.4251   0.04329   0.01631         0
    27/219     2.47G   0.03824  0.009731         0   0.04797         0       256    0.2948    0.8929    0.7341    0.4214   0.04612   0.01729         0
    28/219     2.47G    0.0415  0.009355         0   0.05086         0       256    0.4737    0.8571    0.7456    0.4427   0.04749   0.02154         0
    29/219     2.47G   0.03683  0.009794         0   0.04662         0       256    0.4627    0.9286    0.9349    0.5423   0.04439   0.01648         0
    30/219     2.47G   0.03711  0.008947         0   0.04606         0       256    0.2877    0.9286    0.8798     0.503   0.04218   0.01605         0
    31/219     2.47G   0.03385  0.008486         0   0.04233         0       256    0.3145    0.9286     0.925    0.5384   0.04056   0.01465         0
    32/219     2.47G   0.03185  0.008753         0   0.04061         0       256    0.5346    0.8929    0.8775    0.5294   0.04655   0.01749         0
    33/219     2.47G   0.03534  0.008955         0   0.04429         0       256    0.4917    0.9286    0.9041    0.5894   0.03955   0.01554         0
    34/219     2.47G   0.02973  0.008434         0   0.03817         0       256    0.4934    0.9286    0.9271    0.5292   0.03636   0.01604         0
    35/219     2.47G   0.03078  0.007764         0   0.03854         0       256    0.3532    0.9286    0.8698    0.4597   0.03685   0.01618         0
    36/219     2.47G   0.02961  0.008165         0   0.03778         0       256    0.3639    0.9286    0.7382    0.3323   0.04379   0.01678         0
    37/219     2.47G   0.03799  0.007688         0   0.04568         0       256    0.3928    0.8571    0.8054    0.5059   0.04435   0.01994         0
    38/219     2.47G   0.03495   0.01095         0    0.0459         0       256    0.4362    0.8929    0.7782    0.4811     0.035   0.02543         0
    39/219     2.47G   0.02567   0.01138         0   0.03705         0       256    0.4658         1    0.9298    0.5547   0.03208   0.01974         0
    40/219     2.47G   0.02838  0.009189         0   0.03757         0       256    0.4685    0.9286    0.8848    0.5835   0.03442   0.01919         0
    41/219     2.47G   0.02793  0.008655         0   0.03658         0       256    0.3585    0.9286    0.8134     0.429   0.04037   0.02003         0
    42/219     2.47G   0.02973  0.007908         0   0.03764         0       256    0.5187    0.8571    0.8735     0.546     0.037   0.02104         0
    43/219     2.47G   0.02698  0.007798         0   0.03478         0       256    0.6891    0.9286    0.9169    0.5959   0.03257   0.01865         0
    44/219     2.47G   0.02414  0.007139         0   0.03128         0       256    0.5293    0.9286    0.8846    0.5032   0.03694   0.02049         0
    45/219     2.47G   0.02748  0.007205         0   0.03469         0       256    0.6776    0.8929    0.8669    0.5924   0.03268   0.02187         0
    46/219     2.47G   0.02219  0.006959         0   0.02915         0       256    0.6421    0.8214    0.8587    0.5775   0.03438   0.02292         0
    47/219     2.47G   0.02365  0.007347         0   0.03099         0       256    0.4245    0.9643    0.9454    0.6449   0.03161   0.01595         0
    48/219     2.47G   0.02585  0.006926         0   0.03278         0       256    0.4795    0.9643    0.9273    0.5624   0.03231   0.01667         0
    49/219     2.47G   0.02243  0.007193         0   0.02962         0       256    0.5329    0.9286    0.9333    0.6133   0.03069   0.01718         0
    50/219     2.47G   0.02149  0.006514         0   0.02801         0       256    0.6675    0.9286    0.9299    0.6325   0.02896   0.01717         0
    51/219     2.47G   0.02213  0.006169         0    0.0283         0       256    0.7152    0.9286    0.9161    0.6201   0.03042   0.01782         0
    52/219     2.47G   0.02447  0.006463         0   0.03093         0       256    0.8318    0.9286    0.9249     0.631   0.03558   0.02028         0
    53/219     2.47G   0.02284  0.006539         0   0.02937         0       256    0.8885    0.9286    0.9249    0.6621   0.03529   0.02119         0
    54/219     2.47G   0.02234  0.006086         0   0.02842         0       256    0.5773    0.8929    0.8825    0.5838    0.0348   0.01995         0
    55/219     2.47G   0.02129  0.005882         0   0.02718         0       256     0.655    0.8929    0.8699    0.5757   0.03167   0.02032         0
    56/219     2.47G   0.02302  0.006433         0   0.02945         0       256    0.7475    0.8929    0.8884    0.6455   0.03315   0.02117         0
    57/219     2.47G   0.02326   0.00611         0   0.02937         0       256    0.8368    0.8929    0.9027    0.6501   0.03074   0.02061         0
    58/219     2.47G   0.01953  0.005887         0   0.02542         0       256    0.7996    0.9286    0.9197    0.6369   0.02989   0.01907         0
    59/219     2.47G   0.02185  0.005918         0   0.02777         0       256    0.7275    0.9286    0.9211    0.6213   0.03325   0.01971         0
    60/219     2.47G   0.02363  0.006306         0   0.02994         0       256    0.8228    0.8929    0.9118    0.6674   0.03232   0.02132         0
    61/219     2.47G   0.01924  0.006069         0   0.02531         0       256    0.7699    0.9286     0.922    0.6686   0.02973   0.01988         0
    62/219     2.47G    0.0181  0.005429         0   0.02353         0       256    0.6807    0.9286    0.9337    0.6698   0.02766   0.01778         0
    63/219     2.47G   0.02069  0.005682         0   0.02637         0       256    0.6545    0.9286    0.9284    0.6628   0.03052   0.01915         0
    64/219     2.47G   0.02029  0.006228         0   0.02652         0       256     0.754    0.9286    0.9272    0.6578   0.03034   0.02019         0
    65/219     2.47G   0.01953  0.005971         0    0.0255         0       256    0.6582    0.9286    0.9161    0.5935   0.03235   0.02019         0
    66/219     2.47G   0.02122  0.005783         0   0.02701         0       256     0.844    0.9286    0.9307    0.6366   0.02953    0.0197         0
    67/219     2.47G   0.01712  0.005217         0   0.02234         0       256    0.8386    0.8929     0.916    0.6344   0.03001   0.02011         0
    68/219     2.47G   0.01895  0.005557         0   0.02451         0       256    0.8278    0.8582    0.9137    0.6106    0.0311   0.02088         0
    69/219     2.47G   0.01826  0.005353         0   0.02361         0       256    0.8458    0.8929    0.9188    0.6096   0.03104   0.02064         0
    70/219     2.47G   0.01808  0.005222         0   0.02331         0       256    0.8659    0.9286    0.9354    0.6529   0.02758   0.01938         0
    71/219     2.47G   0.01599  0.005235         0   0.02123         0       256    0.8372    0.9286    0.9358    0.6524   0.02803   0.01889         0
    72/219     2.47G    0.0195  0.005394         0   0.02489         0       256    0.8068    0.9286    0.9311    0.6922   0.02827   0.01909         0
    73/219     2.47G   0.01693   0.00525         0   0.02218         0       256     0.831    0.9286    0.9321    0.6794   0.02703   0.01934         0
    74/219     2.47G   0.01465  0.004786         0   0.01944         0       256    0.8669    0.9286    0.9381    0.6794   0.02683   0.01764         0
    75/219     2.47G   0.01709  0.005078         0   0.02217         0       256    0.8549    0.9286    0.9422    0.6536   0.02825   0.01797         0
    76/219     2.47G   0.02005  0.005802         0   0.02585         0       256    0.8514    0.9286    0.9483    0.6999   0.02907   0.01858         0
    77/219     2.47G   0.01791  0.005323         0   0.02324         0       256    0.8212    0.9286    0.9459    0.6727   0.02712   0.01885         0
    78/219     2.47G   0.01228  0.004593         0   0.01687         0       256    0.7964    0.9286    0.9517     0.683    0.0266   0.01697         0
    79/219     2.47G   0.01569  0.004822         0   0.02051         0       256    0.6812    0.9286    0.9393    0.6129   0.02774   0.01743         0
    80/219     2.47G   0.01853   0.00538         0   0.02391         0       256    0.6688    0.9286    0.9323    0.6622   0.02924   0.01813         0
    81/219     2.47G    0.0195   0.00525         0   0.02475         0       256    0.8066    0.9286    0.9332    0.6941   0.02882   0.01916         0
    82/219     2.47G   0.01695  0.005227         0   0.02218         0       256    0.8724    0.9286    0.9303    0.6989   0.02747   0.01862         0
    83/219     2.47G   0.01502  0.004838         0   0.01986         0       256    0.8138    0.9286    0.9213    0.6348   0.02791   0.01892         0
    84/219     2.47G   0.01833  0.005292         0   0.02362         0       256    0.8179    0.9286    0.9191    0.6363   0.02975   0.01974         0
    85/219     2.47G   0.01497   0.00482         0   0.01979         0       256    0.8519    0.9286     0.916    0.6379   0.02827   0.02005         0
    86/219     2.47G   0.01383  0.004714         0   0.01855         0       256    0.8667    0.9286    0.9227      0.65   0.02728   0.01925         0
    87/219     2.47G   0.01547  0.004651         0   0.02012         0       256    0.8158    0.9286    0.9155    0.6332   0.02918   0.02045         0
    88/219     2.47G     0.018   0.00508         0   0.02308         0       256    0.8665    0.9271    0.9157    0.6605   0.03086   0.02187         0
    89/219     2.47G   0.01512  0.004967         0   0.02008         0       256    0.8628    0.8929     0.918    0.6674   0.03089   0.02213         0
    90/219     2.47G   0.01363  0.004565         0   0.01819         0       256    0.8102    0.9286    0.9238    0.6931   0.02799   0.02025         0
    91/219     2.47G    0.0134  0.004449         0   0.01785         0       256    0.7715    0.9286    0.9244    0.6363   0.02839   0.01994         0
    92/219     2.47G   0.01765  0.005084         0   0.02274         0       256     0.761    0.9286    0.9066    0.6052   0.03018   0.02062         0
    93/219     2.47G   0.01806  0.004945         0     0.023         0       256    0.7998    0.9286    0.9181    0.6754   0.02953   0.02166         0
    94/219     2.47G   0.01083  0.004607         0   0.01544         0       256    0.8688    0.9286    0.9236    0.6792   0.02828   0.02056         0
    95/219     2.47G   0.01189  0.004274         0   0.01617         0       256    0.7854    0.9286    0.9199    0.6406   0.02879   0.02024         0
    96/219     2.47G   0.01523  0.004718         0   0.01994         0       256    0.7696    0.9286    0.9206     0.621   0.02901   0.02029         0
    97/219     2.47G   0.01535  0.004672         0   0.02003         0       256    0.7974    0.9286    0.9296    0.6667   0.02899   0.02046         0
    98/219     2.47G   0.01337  0.004512         0   0.01788         0       256    0.8363    0.9286    0.9356    0.6948   0.02754   0.02037         0
    99/219     2.47G   0.01249  0.004203         0    0.0167         0       256    0.8392    0.9286    0.9285    0.6842   0.02716   0.02023         0
   100/219     2.47G   0.01414  0.004471         0   0.01861         0       256    0.7904    0.9286    0.9274    0.6333   0.02882   0.02033         0
   101/219     2.47G   0.01486  0.004634         0    0.0195         0       256     0.827    0.9286    0.9207    0.6721   0.02795   0.02095         0
   102/219     2.47G   0.01205  0.004144         0   0.01619         0       256    0.8198    0.9286    0.9225    0.6744   0.02826   0.02079         0
   103/219     2.47G   0.01193  0.004107         0   0.01603         0       256    0.7885    0.9286     0.919    0.6647   0.02858   0.02118         0
   104/219     2.47G     0.014  0.004603         0   0.01861         0       256    0.7975    0.9286    0.9203    0.6669   0.02867   0.02132         0
   105/219     2.47G   0.01183  0.004104         0   0.01594         0       256    0.8049    0.9286      0.92    0.6501   0.02878   0.02081         0
   106/219     2.47G   0.01212  0.004073         0   0.01619         0       256    0.7853    0.9286    0.9215    0.6733    0.0279   0.02054         0
   107/219     2.47G   0.01211  0.004139         0   0.01625         0       256    0.8462    0.9286    0.9247    0.6692   0.02772     0.021         0
   108/219     2.47G   0.01276   0.00422         0   0.01698         0       256    0.8332    0.9286    0.9263    0.6628   0.02781   0.02105         0
   109/219     2.47G   0.01287  0.004152         0   0.01702         0       256    0.8436    0.9286    0.9265     0.682   0.02756   0.02121         0
   110/219     2.47G   0.01101  0.003817         0   0.01483         0       256    0.8176    0.9286    0.9258    0.6784   0.02661   0.02058         0
   111/219     2.47G  0.009862  0.003629         0   0.01349         0       256    0.8143    0.9286    0.9229    0.6644   0.02719   0.02101         0
   112/219     2.47G   0.01221  0.003981         0   0.01619         0       256    0.8084    0.9286    0.9227    0.6723   0.02642   0.02071         0
   113/219     2.47G    0.0114  0.003767         0   0.01517         0       256    0.8218    0.9286    0.9178    0.6571   0.02735   0.02108         0
   114/219     2.47G   0.01104  0.003834         0   0.01487         0       256    0.8325    0.9286    0.9178    0.6649   0.02706   0.02098         0
   115/219     2.47G  0.009368  0.003495         0   0.01286         0       256    0.8419    0.9286    0.9178    0.6619    0.0276   0.02127         0
   116/219     2.47G   0.01022  0.003609         0   0.01383         0       256    0.8102    0.9286    0.9167    0.6709    0.0277   0.02137         0
   117/219     2.47G   0.01069  0.003686         0   0.01438         0       256    0.8192    0.9286    0.9167    0.6507   0.02907   0.02165         0
   118/219     2.47G   0.01201  0.003868         0   0.01588         0       256    0.8165    0.9286    0.9178    0.6765   0.02807   0.02146         0
   119/219     2.47G   0.01246  0.003942         0    0.0164         0       256    0.8231    0.9286    0.9147    0.6689   0.02812    0.0221         0
   120/219     2.47G   0.01053  0.003902         0   0.01443         0       256    0.8495    0.9286    0.9166    0.6799   0.02881   0.02228         0
   121/219     2.47G   0.01193  0.004046         0   0.01597         0       256    0.8544    0.9286    0.9166    0.6944   0.02839   0.02188         0
   122/219     2.47G  0.009534  0.003537         0   0.01307         0       256    0.8447    0.9286     0.915    0.6837   0.02749   0.02064         0
   123/219     2.47G   0.01094  0.003789         0   0.01473         0       256    0.8434    0.9286    0.9206    0.6714   0.02745   0.02088         0
   124/219     2.47G   0.01168  0.003881         0   0.01556         0       256    0.8396    0.9286    0.9176    0.6871   0.02729   0.02115         0
   125/219     2.47G  0.009758  0.003405         0   0.01316         0       256     0.845    0.9286    0.9199    0.6902   0.02749   0.02123         0
   126/219     2.47G  0.009214  0.003399         0   0.01261         0       256    0.8484    0.9286    0.9225    0.6938   0.02769   0.02124         0
   127/219     2.47G  0.008942  0.003344         0   0.01229         0       256    0.8504    0.9286    0.9219    0.6918   0.02764   0.02166         0
   128/219     2.47G   0.00971  0.003397         0   0.01311         0       256    0.8452    0.9286    0.9203    0.6787   0.02763   0.02136         0
   129/219     2.47G   0.01241  0.003796         0    0.0162         0       256     0.848    0.9286    0.9228    0.6798   0.02814   0.02156         0
   130/219     2.47G  0.009692  0.003475         0   0.01317         0       256    0.8448    0.9286    0.9244    0.6688   0.02764   0.02123         0
   131/219     2.47G  0.009839  0.003537         0   0.01338         0       256    0.8469    0.9286    0.9242    0.6685   0.02836   0.02162         0
   132/219     2.47G  0.009356  0.003385         0   0.01274         0       256    0.8427    0.9286    0.9249    0.6661   0.02779   0.02139         0
   133/219     2.47G  0.009256  0.003345         0    0.0126         0       256    0.8329    0.9286    0.9262    0.6701   0.02732   0.02107         0
   134/219     2.47G  0.008736  0.003164         0    0.0119         0       256    0.8465    0.9286    0.9277    0.6775   0.02686   0.02083         0
   135/219     2.47G  0.008218  0.003203         0   0.01142         0       256    0.8413    0.9286    0.9273    0.6731   0.02736   0.02127         0
   136/219     2.47G  0.009642   0.00362         0   0.01326         0       256    0.8466    0.9286    0.9281     0.681   0.02667   0.02112         0
   137/219     2.47G  0.009793  0.003576         0   0.01337         0       256     0.842    0.9286    0.9255    0.6658   0.02694   0.02102         0
   138/219     2.47G  0.008038  0.003133         0   0.01117         0       256    0.8416    0.9286    0.9245    0.6899   0.02613   0.02048         0
   139/219     2.47G  0.008215  0.003084         0    0.0113         0       256    0.8427    0.9286    0.9238    0.6819   0.02654   0.02083         0
   140/219     2.47G  0.008589  0.003213         0    0.0118         0       256    0.8224    0.9286    0.9216    0.6834   0.02675   0.02086         0
   141/219     2.47G  0.008737  0.003296         0   0.01203         0       256     0.846    0.9286    0.9207    0.6739   0.02693   0.02075         0
   142/219     2.47G  0.007267  0.003013         0   0.01028         0       256    0.8439    0.9286    0.9232    0.6933   0.02645   0.02026         0
   143/219     2.47G  0.007981  0.003184         0   0.01116         0       256    0.8416    0.9286    0.9232    0.6739   0.02631    0.0205         0
   144/219     2.47G    0.0094    0.0033         0    0.0127         0       256    0.8348    0.9286    0.9224    0.6856    0.0265   0.02052         0
   145/219     2.47G  0.009133   0.00333         0   0.01246         0       256    0.8356    0.9286    0.9206    0.6866   0.02617   0.02069         0
   146/219     2.47G  0.008009   0.00316         0   0.01117         0       256    0.8322    0.9286    0.9185    0.6724   0.02561   0.02039         0
   147/219     2.47G   0.00761  0.003028         0   0.01064         0       256    0.8391    0.9286    0.9209    0.6934   0.02611   0.02083         0
   148/219     2.47G  0.009052  0.003333         0   0.01239         0       256    0.8289    0.9286    0.9194    0.6929   0.02621   0.02085         0
   149/219     2.47G  0.007779  0.003047         0   0.01083         0       256    0.8413    0.9286    0.9193    0.6907    0.0267   0.02112         0
   150/219     2.47G   0.00752  0.002978         0    0.0105         0       256    0.8448    0.9286     0.922    0.6785   0.02683     0.021         0
   151/219     2.47G  0.007068  0.002831         0  0.009898         0       256    0.8475    0.9286    0.9221    0.6683   0.02713   0.02155         0
   152/219     2.47G  0.009128  0.003307         0   0.01244         0       256    0.8494    0.9286    0.9238    0.6705   0.02775   0.02172         0
   153/219     2.47G  0.007442   0.00282         0   0.01026         0       256    0.8502    0.9286    0.9237     0.689   0.02783   0.02178         0
   154/219     2.47G  0.007691  0.002853         0   0.01054         0       256    0.8491    0.9286    0.9249    0.6848   0.02764   0.02127         0
   155/219     2.47G  0.006572  0.002749         0  0.009321         0       256    0.8507    0.9286    0.9248    0.6908   0.02771   0.02171         0
   156/219     2.47G  0.008112  0.003099         0   0.01121         0       256    0.8485    0.9286    0.9278    0.7004    0.0275   0.02149         0
   157/219     2.47G  0.007965  0.002857         0   0.01082         0       256    0.8471    0.9286    0.9265    0.6921   0.02748    0.0217         0
   158/219     2.47G  0.006632  0.002653         0  0.009285         0       256    0.8477    0.9286    0.9288    0.6947   0.02716   0.02152         0
   159/219     2.47G  0.006144  0.002658         0  0.008802         0       256     0.848    0.9286    0.9288    0.6874   0.02745   0.02181         0
   160/219     2.47G  0.006522    0.0028         0  0.009321         0       256    0.8459    0.9286    0.9289    0.6872   0.02742   0.02173         0
   161/219     2.47G  0.006797  0.002667         0  0.009464         0       256    0.8438    0.9286    0.9266    0.6879   0.02731   0.02159         0
   162/219     2.47G  0.006593  0.002567         0   0.00916         0       256    0.8422    0.9286    0.9268    0.6948   0.02681   0.02137         0
   163/219     2.47G  0.006454  0.002665         0  0.009119         0       256    0.8434    0.9286    0.9249    0.6884   0.02719    0.0217         0
   164/219     2.47G  0.006784  0.002742         0  0.009526         0       256    0.8436    0.9286     0.925    0.6705   0.02734   0.02195         0
   165/219     2.47G  0.007714  0.002877         0   0.01059         0       256    0.8461    0.9286    0.9246    0.6786    0.0275   0.02235         0
   166/219     2.47G  0.005755  0.002499         0  0.008253         0       256    0.8455    0.9286    0.9257    0.6847   0.02706   0.02205         0
   167/219     2.47G  0.005586  0.002471         0  0.008057         0       256    0.8469    0.9286    0.9242    0.6831    0.0274   0.02209         0
   168/219     2.47G  0.006758  0.002804         0  0.009563         0       256    0.8447    0.9286    0.9243    0.6889   0.02731   0.02184         0
   169/219     2.47G  0.005876  0.002606         0  0.008482         0       256    0.8437    0.9286    0.9252    0.6902   0.02725   0.02175         0
   170/219     2.47G  0.005883  0.002436         0  0.008319         0       256     0.841    0.9286    0.9281    0.6961   0.02691   0.02106         0
   171/219     2.47G  0.006002  0.002471         0  0.008473         0       256    0.8411    0.9286    0.9276    0.6802   0.02711   0.02155         0
   172/219     2.47G  0.005679   0.00247         0  0.008148         0       256    0.8408    0.9286    0.9272    0.6828   0.02684   0.02131         0
   173/219     2.47G  0.005068  0.002257         0  0.007325         0       256    0.8408    0.9286    0.9284    0.6937     0.027   0.02112         0
   174/219     2.47G  0.005987  0.002436         0  0.008423         0       256    0.8425    0.9286    0.9279    0.6896   0.02658    0.0207         0
   175/219     2.47G  0.005028  0.002262         0   0.00729         0       256    0.8449    0.9286    0.9279    0.6866   0.02697   0.02112         0
   176/219     2.47G  0.005991  0.002584         0  0.008575         0       256    0.8456    0.9286    0.9254     0.673   0.02678   0.02133         0
   177/219     2.47G  0.006489  0.002638         0  0.009127         0       256    0.8461    0.9286    0.9251    0.6894   0.02713   0.02151         0
   178/219     2.47G  0.005494  0.002335         0  0.007829         0       256    0.8456    0.9286    0.9251    0.6901   0.02697   0.02155         0
   179/219     2.47G  0.006875  0.002684         0  0.009559         0       256    0.8476    0.9286    0.9261    0.6912   0.02734   0.02202         0
   180/219     2.47G  0.005154  0.002329         0  0.007482         0       256    0.8485    0.9286    0.9264    0.6954   0.02734   0.02206         0
   181/219     2.47G  0.006493  0.002525         0  0.009018         0       256    0.8497    0.9286    0.9253    0.6926   0.02728   0.02203         0
   182/219     2.47G  0.006117  0.002445         0  0.008562         0       256    0.8485    0.9286    0.9276    0.6846   0.02687   0.02133         0
   183/219     2.47G  0.005402  0.002384         0  0.007787         0       256    0.8488    0.9286    0.9274    0.6852    0.0271   0.02151         0
   184/219     2.47G   0.00659  0.002703         0  0.009292         0       256     0.847    0.9286    0.9295    0.6865   0.02683   0.02125         0
   185/219     2.47G  0.005228   0.00228         0  0.007508         0       256    0.8461    0.9286    0.9296    0.6881   0.02682    0.0214         0
   186/219     2.47G  0.006092  0.002443         0  0.008535         0       256    0.8449    0.9286    0.9302    0.6843   0.02636    0.0211         0
   187/219     2.47G  0.004963  0.002285         0  0.007248         0       256    0.8465    0.9286    0.9288    0.6919   0.02684   0.02158         0
   188/219     2.47G  0.005355  0.002416         0  0.007771         0       256    0.8466    0.9286    0.9289    0.6904   0.02705   0.02167         0
   189/219     2.47G  0.004964  0.002205         0  0.007169         0       256    0.8463    0.9286    0.9273    0.6872   0.02697   0.02166         0
   190/219     2.47G  0.005177  0.002171         0  0.007348         0       256     0.846    0.9286    0.9278    0.6858   0.02663   0.02128         0
   191/219     2.47G  0.004103  0.002002         0  0.006105         0       256    0.8461    0.9286    0.9287    0.6867   0.02681   0.02163         0
   192/219     2.47G  0.005652  0.002411         0  0.008063         0       256    0.8456    0.9286    0.9286    0.6932    0.0269   0.02155         0
   193/219     2.47G  0.005222  0.002245         0  0.007467         0       256    0.8472    0.9286    0.9255    0.6929    0.0269   0.02144         0
   194/219     2.47G  0.005711  0.002266         0  0.007978         0       256    0.8481    0.9286    0.9258    0.7009   0.02662   0.02124         0
   195/219     2.47G  0.004959  0.002173         0  0.007132         0       256    0.8488    0.9286    0.9269    0.7072   0.02691   0.02178         0
   196/219     2.47G  0.004804  0.002245         0  0.007049         0       256    0.8516    0.9286    0.9254     0.687   0.02711   0.02187         0
   197/219     2.47G   0.00548  0.002395         0  0.007875         0       256    0.8542    0.9286    0.9252    0.6864   0.02719   0.02205         0
   198/219     2.47G  0.004656  0.002079         0  0.006735         0       256    0.8515    0.9286    0.9254    0.6852    0.0267   0.02177         0
   199/219     2.47G   0.00492  0.002231         0  0.007151         0       256    0.8513    0.9286    0.9267     0.684   0.02702    0.0221         0
   200/219     2.47G  0.004869  0.002192         0  0.007061         0       256    0.8497    0.9286    0.9275    0.6918   0.02715   0.02204         0
   201/219     2.47G  0.004847  0.002203         0   0.00705         0       256    0.8493    0.9286    0.9262    0.6914    0.0272   0.02196         0
   202/219     2.47G   0.00502  0.002146         0  0.007166         0       256    0.8466    0.9286    0.9267    0.6938   0.02688   0.02165         0
   203/219     2.47G  0.003971   0.00195         0  0.005921         0       256    0.8467    0.9286    0.9278    0.6912   0.02714   0.02186         0
   204/219     2.47G  0.004537  0.002199         0  0.006736         0       256    0.8458    0.9286    0.9282    0.6892    0.0269   0.02171         0
   205/219     2.47G  0.004491   0.00208         0  0.006571         0       256    0.8468    0.9286    0.9276     0.696   0.02693   0.02163         0
   206/219     2.47G  0.004882  0.002092         0  0.006974         0       256    0.8459    0.9286     0.929    0.6912    0.0268   0.02135         0
   207/219     2.47G  0.004603  0.002117         0   0.00672         0       256    0.8471    0.9286    0.9291     0.688   0.02722   0.02176         0
   208/219     2.47G  0.004252  0.002077         0  0.006329         0       256    0.8471    0.9286    0.9291    0.6816   0.02731   0.02181         0
   209/219     2.47G  0.004897  0.002135         0  0.007033         0       256    0.8468    0.9286    0.9274    0.6934   0.02743   0.02199         0
   210/219     2.47G  0.004555  0.002029         0  0.006584         0       256    0.8451    0.9286    0.9275    0.6893   0.02723   0.02187         0
   211/219     2.47G  0.004512   0.00206         0  0.006572         0       256    0.8453    0.9286    0.9282    0.6916   0.02756   0.02218         0
   212/219     2.47G  0.005092  0.002191         0  0.007283         0       256    0.8445    0.9286    0.9286    0.6932   0.02764   0.02204         0
   213/219     2.47G  0.005313  0.002195         0  0.007508         0       256    0.8441    0.9286    0.9278    0.6853   0.02732   0.02193         0
   214/219     2.47G  0.004141   0.00197         0  0.006111         0       256     0.842    0.9286    0.9298    0.6988   0.02689   0.02149         0
   215/219     2.47G  0.004025  0.001961         0  0.005986         0       256    0.8392    0.9286     0.929    0.6919   0.02726   0.02185         0
   216/219     2.47G  0.004426  0.002082         0  0.006508         0       256    0.8457    0.9286     0.929    0.6864   0.02741   0.02186         0
   217/219     2.47G  0.003792  0.001882         0  0.005674         0       256    0.8362    0.9286    0.9289     0.694   0.02737   0.02182         0
   218/219     2.47G  0.003985  0.001887         0  0.005872         0       256    0.8385    0.9286    0.9294    0.6984   0.02686   0.02152         0
   219/219     2.47G  0.004586  0.002072         0  0.006658         0       256      0.83    0.9286    0.9288    0.6875   0.02712   0.02171         0
