     0/219     2.47G   0.08929   0.03259         0    0.1219         0       256         0         0 0.0001673 2.569e-05   0.09774   0.03552         0
     1/219     2.47G   0.07698   0.03392         0    0.1109         0       256         0         0 0.0007999 0.0001172   0.09081   0.03573         0
     2/219     2.47G   0.07095   0.03415         0    0.1051         0       256         0         0  0.003502 0.0008479   0.08214   0.03766         0
     3/219     2.47G   0.06399   0.03459         0   0.09859         0       256         0         0   0.01999  0.004582    0.0809   0.03458         0
     4/219     2.47G   0.05669   0.03201         0    0.0887         0       256    0.6327    0.5357    0.6124    0.1754   0.06019    0.0329         0
     5/219     2.47G   0.05741   0.02592         0   0.08333         0       256    0.3424    0.7999    0.6387    0.1704   0.05878   0.02799         0
     6/219     2.47G   0.05445   0.02215         0    0.0766         0       256    0.2928    0.8571    0.5616    0.1394   0.05947   0.02487         0
     7/219     2.47G   0.05892   0.01817         0   0.07709         0       256    0.2923    0.7143    0.4327    0.1092     0.063   0.02387         0
     8/219     2.47G   0.06007   0.01703         0   0.07711         0       256    0.3131    0.6786    0.4061    0.1413   0.06004   0.02488         0
     9/219     2.47G   0.05711   0.01736         0   0.07447         0       256    0.1361    0.9286    0.2846    0.1308   0.06245   0.02065         0
    10/219     2.47G   0.05487    0.0161         0   0.07097         0       256      0.21    0.8571     0.538    0.2558   0.06037   0.02054         0
    11/219     2.47G   0.05415   0.01399         0   0.06814         0       256    0.1074    0.9286    0.3685    0.1629   0.07088   0.01637         0
    12/219     2.47G   0.05981   0.01527         0   0.07508         0       256    0.2526    0.7857    0.3836   0.07382   0.05832   0.02441         0
    13/219     2.47G   0.05601   0.01552         0   0.07153         0       256    0.1587    0.9286    0.7481    0.2146   0.06208   0.01794         0
    14/219     2.47G   0.05609   0.01403         0   0.07011         0       256    0.3051    0.8214    0.6881    0.3408   0.05299   0.02294         0
    15/219     2.47G   0.05559   0.01315         0   0.06874         0       256    0.2279    0.8214    0.3146   0.05725   0.07008   0.02026         0
    16/219     2.47G   0.05976   0.01911         0   0.07887         0       256    0.1157    0.9286    0.5072    0.1321   0.06045   0.02203         0
    17/219     2.47G   0.05556   0.01563         0   0.07119         0       256    0.1605    0.8571    0.4349    0.1042    0.0635   0.02067         0
    18/219     2.47G   0.05205   0.01499         0   0.06704         0       256    0.1816    0.8929    0.3557   0.09474   0.05582   0.01965         0
    19/219     2.47G   0.04779   0.01241         0    0.0602         0       256    0.1123    0.9643    0.3327    0.1444   0.06331    0.0161         0
    20/219     2.47G   0.06086   0.01132         0   0.07219         0       256    0.1941    0.6786    0.5421    0.2295   0.06221   0.02324         0
    21/219     2.47G     0.051   0.01762         0   0.06862         0       256   0.08819    0.9643    0.5828    0.2318   0.06587   0.01981         0
    22/219     2.47G   0.05064   0.01477         0   0.06541         0       256    0.2542    0.9643    0.7506    0.4557   0.05953   0.01885         0
    23/219     2.47G   0.04822   0.01233         0   0.06056         0       256    0.2664    0.9286    0.5481    0.2393   0.04686   0.02044         0
    24/219     2.47G   0.04455   0.01191         0   0.05645         0       256    0.2625    0.9286    0.6345    0.2719   0.06686   0.01528         0
    25/219     2.47G   0.06039   0.00979         0   0.07018         0       256    0.2467    0.9286    0.8269    0.4849   0.04812   0.01723         0
    26/219     2.47G   0.04489   0.01017         0   0.05506         0       256    0.2936    0.9286    0.7615    0.4108   0.04257    0.0193         0
    27/219     2.47G   0.03814   0.01074         0   0.04888         0       256    0.3264    0.9286    0.6722    0.3559     0.041   0.01861         0
    28/219     2.47G   0.03544   0.01052         0   0.04597         0       256    0.3256    0.8623    0.7243    0.3292    0.0444   0.01996         0
    29/219     2.47G    0.0363   0.01014         0   0.04645         0       256    0.3051    0.8929    0.6875    0.3441   0.04085   0.02056         0
    30/219     2.47G   0.03635  0.009238         0   0.04559         0       256    0.4134    0.8929    0.8157    0.4408    0.0392   0.02168         0
    31/219     2.47G   0.03419  0.009057         0   0.04324         0       256    0.3421    0.8929    0.6459    0.3245   0.04365   0.02245         0
    32/219     2.47G   0.03708  0.009003         0   0.04609         0       256    0.3776    0.8929    0.7867    0.5186   0.04203   0.02015         0
    33/219     2.47G   0.03327   0.00941         0   0.04268         0       256    0.3916    0.8929     0.818    0.4868   0.04294   0.01847         0
    34/219     2.47G   0.03534  0.008275         0   0.04361         0       256    0.4668    0.9286    0.8873    0.5625   0.03662   0.01782         0
    35/219     2.47G   0.03004  0.008341         0   0.03838         0       256    0.4678    0.9286    0.8491    0.5598   0.03531   0.01713         0
    36/219     2.47G   0.03076  0.008361         0   0.03912         0       256    0.4938    0.9286    0.8735    0.5747   0.03451   0.01731         0
    37/219     2.47G   0.02825  0.008029         0   0.03628         0       256    0.4273    0.9286    0.8316    0.4524   0.03699   0.01768         0
    38/219     2.47G    0.0269  0.007726         0   0.03463         0       256     0.514    0.9286    0.8438    0.4906   0.03399   0.01852         0
    39/219     2.47G   0.02397  0.007174         0   0.03114         0       256     0.549    0.8929    0.8674    0.4573   0.03755   0.01857         0
    40/219     2.47G   0.03008  0.007127         0   0.03721         0       256    0.5621    0.8571    0.8009    0.4982   0.03898   0.02119         0
    41/219     2.47G   0.02675  0.007917         0   0.03467         0       256    0.6255    0.8571    0.8813    0.5372   0.03443    0.0203         0
    42/219     2.47G   0.02504  0.007018         0   0.03206         0       256    0.5036    0.9286    0.8803    0.4775   0.03572   0.01857         0
    43/219     2.47G   0.02743  0.007123         0   0.03456         0       256    0.4962    0.9286    0.7887    0.3883   0.03548   0.01944         0
    44/219     2.47G    0.0284  0.008138         0   0.03653         0       256      0.68    0.9286    0.8974    0.5473   0.03302   0.02028         0
    45/219     2.47G   0.02748  0.007553         0   0.03503         0       256    0.6211    0.9286    0.8787    0.4973   0.03183   0.01924         0
    46/219     2.47G   0.02122  0.006731         0   0.02796         0       256    0.6302    0.9286    0.9127    0.5991   0.03035   0.01773         0
    47/219     2.47G   0.02513  0.006784         0   0.03191         0       256    0.6121    0.9286    0.9214    0.6239   0.02937   0.01747         0
    48/219     2.47G   0.02527  0.006859         0   0.03213         0       256    0.6475    0.9286    0.9036    0.5361   0.03637   0.01924         0
    49/219     2.47G   0.02669  0.008046         0   0.03474         0       256     0.714    0.9286    0.9118    0.6563   0.03255   0.01924         0
    50/219     2.47G    0.0203  0.006703         0   0.02701         0       256    0.6073    0.9286    0.9182    0.6264   0.03031   0.01725         0
    51/219     2.47G    0.0206  0.006246         0   0.02684         0       256    0.5731    0.9286    0.9047    0.5915   0.02989   0.01711         0
    52/219     2.47G   0.02378  0.006453         0   0.03024         0       256    0.6241    0.9286    0.9151    0.5925   0.03155   0.01832         0
    53/219     2.47G   0.02151  0.006619         0   0.02812         0       256     0.721    0.9286    0.9162    0.5599   0.03158   0.01978         0
    54/219     2.47G   0.02161   0.00685         0   0.02846         0       256    0.6469    0.9286    0.9241    0.6406   0.03069    0.0189         0
    55/219     2.47G   0.02255  0.006461         0   0.02901         0       256    0.5806    0.9286    0.8845     0.637   0.03033    0.0184         0
    56/219     2.47G     0.022  0.006651         0   0.02865         0       256    0.6128    0.9286    0.9198     0.581   0.03112   0.01826         0
    57/219     2.47G   0.02126  0.006481         0   0.02774         0       256    0.5037    0.8929    0.9008    0.5289   0.03084   0.01882         0
    58/219     2.47G   0.01761  0.006199         0    0.0238         0       256    0.6469    0.8929    0.9171    0.6145   0.02972   0.01787         0
    59/219     2.47G   0.01846  0.005759         0   0.02421         0       256    0.6256    0.9286    0.9058    0.6271   0.03177    0.0178         0
    60/219     2.47G   0.02201  0.006466         0   0.02848         0       256    0.7043    0.9286    0.9175     0.691   0.02945   0.01846         0
    61/219     2.47G   0.01778  0.005889         0   0.02367         0       256    0.6353    0.9286    0.9092    0.6022   0.02996   0.01832         0
    62/219     2.47G     0.018  0.005596         0   0.02359         0       256    0.6168    0.9286    0.9279    0.6368   0.02991   0.01826         0
    63/219     2.47G   0.02157  0.005829         0    0.0274         0       256    0.6052    0.9286    0.9184    0.6227   0.03172   0.01847         0
    64/219     2.47G   0.02322  0.006262         0   0.02948         0       256    0.7323    0.9286    0.9202    0.6916   0.03021   0.01902         0
    65/219     2.47G   0.01848  0.006274         0   0.02475         0       256    0.7523    0.9286    0.9243    0.6864   0.02983   0.01904         0
    66/219     2.47G   0.01501  0.005364         0   0.02038         0       256    0.6299    0.9286    0.9183    0.6803   0.02762   0.01809         0
    67/219     2.47G   0.01881  0.005636         0   0.02444         0       256    0.5261    0.9286    0.9048    0.5059   0.03221   0.01857         0
    68/219     2.47G    0.0251   0.00646         0   0.03156         0       256    0.6968    0.8929    0.8895    0.5295   0.03063   0.02076         0
    69/219     2.47G    0.0202  0.006324         0   0.02653         0       256    0.7101    0.8929    0.8767    0.5265   0.03223   0.02174         0
    70/219     2.47G   0.01908  0.006061         0   0.02514         0       256    0.6938    0.9286    0.8906    0.6501   0.02896   0.02028         0
    71/219     2.47G   0.01533  0.005255         0   0.02058         0       256    0.6909    0.9286    0.9079    0.6581   0.03003   0.01909         0
    72/219     2.47G   0.01789  0.005423         0   0.02331         0       256    0.7017    0.9286    0.9241    0.6132   0.03067   0.01883         0
    73/219     2.47G   0.02121  0.005742         0   0.02695         0       256     0.761    0.8929    0.9083    0.6421   0.03126   0.01962         0
    74/219     2.47G   0.01551  0.005476         0   0.02098         0       256    0.7225    0.8929    0.9122    0.6866   0.02873   0.01937         0
    75/219     2.47G   0.01613  0.005345         0   0.02147         0       256    0.6772    0.8929    0.9028    0.6389   0.03088   0.01942         0
    76/219     2.47G   0.01994  0.005604         0   0.02555         0       256    0.7382    0.8929    0.8973     0.654   0.03046   0.01982         0
    77/219     2.47G   0.01658  0.005425         0   0.02201         0       256    0.6557    0.8929    0.8989     0.619    0.0305   0.02014         0
    78/219     2.47G   0.01461  0.005023         0   0.01963         0       256    0.7202    0.8929    0.9048    0.6216   0.02931   0.01988         0
    79/219     2.47G   0.01557  0.005016         0   0.02059         0       256    0.6961    0.8929    0.8937    0.6354   0.03034   0.01987         0
    80/219     2.47G   0.01621   0.00517         0   0.02138         0       256    0.7156    0.8929    0.8994    0.6299    0.0301   0.02068         0
    81/219     2.47G   0.01892  0.005596         0   0.02452         0       256     0.788    0.8929    0.9003    0.6288   0.02991   0.02163         0
    82/219     2.47G   0.01434  0.005247         0   0.01958         0       256    0.6856    0.8929    0.9104    0.6558   0.02842   0.02123         0
    83/219     2.47G   0.01355  0.004801         0   0.01835         0       256     0.695    0.8929    0.9121    0.6427   0.02896    0.0202         0
    84/219     2.47G   0.01493  0.004883         0   0.01981         0       256    0.6602    0.8929    0.9183    0.6543   0.02951   0.02013         0
    85/219     2.47G   0.01689  0.005102         0   0.02199         0       256    0.6869    0.8929    0.9168    0.6815   0.03001   0.02023         0
    86/219     2.47G   0.01393  0.004827         0   0.01876         0       256    0.6977    0.8929    0.9226    0.6798   0.02871   0.02009         0
    87/219     2.47G   0.01316  0.004689         0   0.01785         0       256    0.6104    0.8929     0.918    0.6443   0.02987   0.02025         0
    88/219     2.47G    0.0209   0.00558         0   0.02648         0       256    0.6043    0.8929    0.9151    0.6304    0.0294   0.02018         0
    89/219     2.47G   0.01452  0.004959         0   0.01948         0       256    0.6407    0.9286    0.9171    0.6265   0.02864   0.02008         0
    90/219     2.47G   0.01366  0.004806         0   0.01846         0       256    0.6686    0.9286    0.9264    0.6743   0.02685   0.01941         0
    91/219     2.47G   0.01406  0.004817         0   0.01887         0       256    0.7073    0.9286    0.9266    0.6709   0.02691   0.01915         0
    92/219     2.47G    0.0145  0.004742         0   0.01924         0       256    0.6134    0.9286    0.9231    0.6645   0.02793   0.01945         0
    93/219     2.47G   0.01753   0.00483         0   0.02236         0       256    0.7436    0.9286    0.9134    0.6615   0.02794   0.01986         0
    94/219     2.47G   0.01293   0.00468         0   0.01761         0       256    0.7737    0.9286    0.9113     0.697   0.02616   0.02017         0
    95/219     2.47G   0.01187  0.004344         0   0.01621         0       256    0.7551    0.9286    0.9115     0.682   0.02706   0.01984         0
    96/219     2.47G   0.01305  0.004524         0   0.01757         0       256    0.7251    0.9286    0.8959    0.6563    0.0278   0.02016         0
    97/219     2.47G   0.01527  0.004675         0   0.01994         0       256    0.8002    0.9286     0.897    0.6607   0.02886   0.02085         0
    98/219     2.47G   0.01457  0.004558         0   0.01913         0       256     0.752    0.9286    0.8998    0.6607   0.02845   0.02074         0
    99/219     2.47G   0.01358  0.004516         0   0.01809         0       256    0.7647    0.9286    0.9065    0.6844   0.02881   0.02043         0
   100/219     2.47G   0.01503  0.004636         0   0.01967         0       256    0.7903    0.9286    0.9051    0.6797   0.02882   0.02095         0
   101/219     2.47G   0.01339  0.004494         0   0.01789         0       256    0.7594    0.9286     0.906     0.685   0.02891   0.02114         0
   102/219     2.47G   0.01221  0.004226         0   0.01643         0       256    0.7728    0.9286    0.8993    0.7091   0.02752   0.02033         0
   103/219     2.47G   0.01068  0.004066         0   0.01474         0       256    0.7401    0.9286    0.9035    0.6654   0.02761    0.0202         0
   104/219     2.47G   0.01345  0.004529         0   0.01798         0       256    0.7334    0.9286    0.9056    0.6663   0.02754   0.01985         0
   105/219     2.47G   0.01183  0.004132         0   0.01596         0       256    0.6974    0.9286    0.9102     0.683   0.02746   0.01973         0
   106/219     2.47G   0.01114  0.004142         0   0.01528         0       256      0.75    0.9286    0.9157    0.6663    0.0276   0.02003         0
   107/219     2.47G   0.01124  0.004102         0   0.01534         0       256    0.7998    0.9286    0.9119    0.6497   0.02781   0.02032         0
   108/219     2.47G   0.01204  0.004214         0   0.01625         0       256    0.7638    0.8929    0.9128    0.6596   0.02776   0.02056         0
   109/219     2.47G   0.01168  0.004024         0    0.0157         0       256    0.7749    0.8929    0.9161    0.6585   0.02824   0.02016         0
   110/219     2.47G   0.01067  0.003862         0   0.01453         0       256    0.8008    0.9286    0.9113    0.6928   0.02696   0.01979         0
   111/219     2.47G   0.01035  0.003835         0   0.01419         0       256    0.7464    0.9286    0.9059    0.6794    0.0271   0.01989         0
   112/219     2.47G   0.01309   0.00424         0   0.01733         0       256    0.7023    0.9286    0.9127    0.7075   0.02693      0.02         0
   113/219     2.47G   0.01115   0.00405         0    0.0152         0       256    0.7551    0.9286    0.9223    0.6947   0.02739   0.02025         0
   114/219     2.47G   0.01187  0.004026         0    0.0159         0       256    0.7131    0.9286    0.9199    0.7033    0.0267   0.02025         0
   115/219     2.47G   0.01002  0.003883         0   0.01391         0       256    0.7103    0.9286    0.9173    0.6993   0.02687    0.0201         0
   116/219     2.47G   0.01121   0.00409         0    0.0153         0       256    0.6642    0.9286    0.9128    0.6833   0.02685   0.02027         0
   117/219     2.47G   0.01048  0.003801         0   0.01428         0       256    0.6704    0.9286    0.9154    0.6881   0.02665   0.02027         0
   118/219     2.47G  0.009801  0.003724         0   0.01353         0       256    0.7078    0.9286    0.9151    0.6672   0.02687   0.02009         0
   119/219     2.47G  0.008977  0.003589         0   0.01257         0       256    0.7432    0.9286    0.9078    0.6914   0.02747   0.02008         0
   120/219     2.47G   0.01173  0.003985         0   0.01572         0       256    0.7336    0.9286    0.9061    0.6765   0.02706   0.02016         0
   121/219     2.47G   0.01169  0.004234         0   0.01593         0       256    0.7666    0.9286    0.9038    0.6945   0.02694   0.02041         0
   122/219     2.47G  0.009658  0.003754         0   0.01341         0       256    0.7353    0.9286    0.8999    0.6769   0.02742   0.02061         0
   123/219     2.47G  0.009654  0.003647         0    0.0133         0       256     0.738    0.9286    0.9078    0.6564   0.02801   0.02068         0
   124/219     2.47G   0.01156  0.004076         0   0.01563         0       256    0.7413    0.9214    0.9069    0.6795   0.02795   0.02091         0
   125/219     2.47G  0.009386  0.003559         0   0.01294         0       256    0.7419    0.9286    0.9088    0.6885   0.02726   0.02099         0
   126/219     2.47G  0.009797  0.003585         0   0.01338         0       256    0.7202    0.9286    0.9059    0.6962   0.02733   0.02077         0
   127/219     2.47G  0.009624  0.003642         0   0.01327         0       256    0.7613    0.8929    0.9078    0.6806   0.02778   0.02074         0
   128/219     2.47G   0.01088  0.003994         0   0.01488         0       256    0.7904    0.8929    0.9038    0.6855   0.02779   0.02136         0
   129/219     2.47G  0.008219  0.003441         0   0.01166         0       256    0.7847    0.8929    0.8988    0.6786   0.02819   0.02124         0
   130/219     2.47G  0.008382  0.003368         0   0.01175         0       256    0.7589    0.8929    0.9046    0.6736   0.02733    0.0208         0
   131/219     2.47G  0.009617  0.003595         0   0.01321         0       256    0.7643    0.8929    0.9017    0.6772   0.02701   0.02076         0
   132/219     2.47G  0.008603  0.003413         0   0.01202         0       256     0.793    0.8929    0.8991     0.681    0.0273   0.02082         0
   133/219     2.47G  0.008478  0.003358         0   0.01184         0       256    0.7481    0.8929     0.899    0.6787   0.02746   0.02076         0
   134/219     2.47G  0.008834  0.003416         0   0.01225         0       256    0.7402    0.8929    0.9043    0.6707   0.02717   0.02055         0
   135/219     2.47G  0.008568  0.003354         0   0.01192         0       256    0.7677    0.8929    0.9011    0.6573   0.02767   0.02061         0
   136/219     2.47G   0.01092  0.003868         0   0.01479         0       256    0.7871    0.8929    0.9005    0.6773   0.02746    0.0208         0
   137/219     2.47G    0.0075  0.003231         0   0.01073         0       256    0.7861    0.8929     0.902    0.6802   0.02791   0.02098         0
   138/219     2.47G  0.008588  0.003408         0     0.012         0       256    0.7893    0.9286    0.9078     0.681    0.0271    0.0206         0
   139/219     2.47G  0.008362  0.003337         0    0.0117         0       256     0.774    0.9286    0.9045    0.6994   0.02705   0.02033         0
   140/219     2.47G  0.008143   0.00329         0   0.01143         0       256    0.7191    0.9286    0.9041    0.6831   0.02698   0.02029         0
   141/219     2.47G  0.008413  0.003276         0   0.01169         0       256    0.7099    0.9286    0.9046    0.6828   0.02702   0.02032         0
   142/219     2.47G   0.00789  0.003162         0   0.01105         0       256    0.6903    0.9286     0.908     0.686   0.02693    0.0203         0
   143/219     2.47G  0.007643  0.003111         0   0.01075         0       256    0.7412    0.9286    0.9105    0.6857   0.02723   0.02038         0
   144/219     2.47G    0.0091  0.003491         0   0.01259         0       256    0.7983    0.9286    0.9096    0.6932   0.02717   0.02047         0
   145/219     2.47G  0.007832  0.003087         0   0.01092         0       256    0.7833    0.9286    0.9078    0.6951    0.0272    0.0208         0
   146/219     2.47G  0.007634  0.003124         0   0.01076         0       256    0.7492    0.9286    0.9087    0.7081   0.02743   0.02041         0
   147/219     2.47G  0.006883  0.002955         0  0.009838         0       256    0.7545    0.9286    0.9098    0.6945   0.02752   0.02034         0
   148/219     2.47G  0.009395  0.003509         0    0.0129         0       256    0.7571    0.9286    0.9067    0.6981   0.02747   0.02032         0
   149/219     2.47G  0.007793  0.003093         0   0.01089         0       256     0.751    0.9286    0.9036    0.6753   0.02792   0.02053         0
   150/219     2.47G   0.00808  0.003111         0   0.01119         0       256    0.7713    0.9286    0.9066    0.6864   0.02686   0.02069         0
   151/219     2.47G  0.007757  0.003076         0   0.01083         0       256    0.7708    0.9286    0.9088    0.6911   0.02744   0.02091         0
   152/219     2.47G  0.009757  0.003545         0    0.0133         0       256    0.8009    0.9286    0.9052     0.687    0.0276   0.02136         0
   153/219     2.47G  0.006548  0.002981         0  0.009529         0       256    0.7969    0.9286    0.9072    0.6822   0.02749   0.02155         0
   154/219     2.47G  0.006877  0.002945         0  0.009821         0       256    0.7766    0.9286    0.9112    0.7006   0.02725   0.02116         0
   155/219     2.47G  0.006501  0.002831         0  0.009332         0       256    0.8118    0.9247    0.9097    0.6903   0.02759    0.0211         0
   156/219     2.47G  0.007291  0.003064         0   0.01036         0       256    0.7189    0.8929    0.9081    0.6774    0.0276   0.02116         0
   157/219     2.47G   0.00725  0.002927         0   0.01018         0       256     0.736    0.8929     0.905    0.6689   0.02756   0.02146         0
   158/219     2.47G   0.00752  0.002995         0   0.01051         0       256    0.7602    0.8929    0.9079    0.6861    0.0272   0.02158         0
   159/219     2.47G  0.006637  0.002937         0  0.009574         0       256    0.7846    0.8929    0.9044    0.6868   0.02713   0.02165         0
   160/219     2.47G  0.007444  0.003101         0   0.01054         0       256    0.7842    0.8929     0.907    0.6769   0.02721   0.02156         0
   161/219     2.47G  0.007401  0.002975         0   0.01038         0       256    0.7862    0.8929    0.9057    0.6797   0.02692   0.02136         0
   162/219     2.47G  0.006451  0.002817         0  0.009269         0       256    0.7594    0.9286    0.9061    0.6882   0.02646   0.02106         0
   163/219     2.47G   0.00548  0.002611         0  0.008091         0       256    0.7853    0.8929    0.9044    0.6788   0.02686   0.02098         0
   164/219     2.47G  0.007209  0.002942         0   0.01015         0       256    0.7833    0.8929    0.9057    0.6795   0.02656   0.02089         0
   165/219     2.47G  0.006669    0.0028         0   0.00947         0       256    0.7716    0.8929     0.905    0.6779   0.02666   0.02093         0
   166/219     2.47G  0.005945  0.002665         0   0.00861         0       256    0.7892    0.9286    0.9074    0.6935   0.02683   0.02077         0
   167/219     2.47G  0.006464  0.002758         0  0.009222         0       256    0.7692    0.8929    0.9048    0.6867    0.0269   0.02086         0
   168/219     2.47G  0.006261  0.002823         0  0.009084         0       256    0.7833    0.8929    0.9055    0.6879   0.02702   0.02087         0
   169/219     2.47G  0.007349  0.002811         0   0.01016         0       256    0.7767    0.9286    0.9078    0.6935   0.02675   0.02107         0
   170/219     2.47G  0.005284  0.002562         0  0.007846         0       256    0.7705    0.9286     0.908    0.7118   0.02677   0.02091         0
   171/219     2.47G  0.005515  0.002563         0  0.008078         0       256    0.7577    0.8933    0.9048    0.6995   0.02759   0.02101         0
   172/219     2.47G  0.007212  0.003046         0   0.01026         0       256     0.784    0.8929    0.9033     0.704   0.02718   0.02109         0
   173/219     2.47G  0.006937  0.002766         0  0.009703         0       256    0.7955    0.8929    0.9033    0.6973   0.02706   0.02129         0
   174/219     2.47G  0.005553  0.002551         0  0.008105         0       256    0.7993    0.9286    0.9071    0.6927   0.02706   0.02117         0
   175/219     2.47G  0.005215  0.002524         0  0.007739         0       256     0.787    0.8929    0.9091    0.7018   0.02719   0.02113         0
   176/219     2.47G  0.005916  0.002704         0   0.00862         0       256    0.7587    0.8986     0.905    0.6848   0.02702    0.0211         0
   177/219     2.47G  0.004965    0.0024         0  0.007365         0       256    0.7417    0.9286    0.9044    0.6936   0.02706   0.02113         0
   178/219     2.47G  0.005978  0.002566         0  0.008544         0       256    0.7606    0.9286    0.9107    0.6912   0.02676   0.02106         0
   179/219     2.47G  0.005454  0.002491         0  0.007945         0       256     0.706    0.8929    0.9085    0.6832   0.02707   0.02113         0
   180/219     2.47G  0.005838  0.002605         0  0.008443         0       256    0.7141    0.8929    0.9048    0.6711   0.02731   0.02121         0
   181/219     2.47G  0.005784  0.002581         0  0.008365         0       256    0.7712    0.8929    0.9085    0.6776   0.02701   0.02129         0
   182/219     2.47G  0.005336  0.002469         0  0.007805         0       256    0.7194    0.9286    0.9069    0.6934   0.02668   0.02111         0
   183/219     2.47G  0.004539  0.002305         0  0.006844         0       256    0.7451    0.8929    0.9069    0.6844   0.02671   0.02112         0
   184/219     2.47G  0.005793  0.002611         0  0.008404         0       256    0.7146    0.8942    0.9048    0.6746   0.02659   0.02115         0
   185/219     2.47G  0.005252  0.002464         0  0.007717         0       256    0.7595    0.8929    0.9017    0.6859    0.0264   0.02126         0
   186/219     2.47G  0.004756   0.00236         0  0.007116         0       256    0.7368    0.9286    0.9015    0.6936   0.02655   0.02132         0
   187/219     2.47G  0.005425  0.002471         0  0.007896         0       256    0.7389    0.8929    0.8992    0.6709    0.0266   0.02141         0
   188/219     2.47G  0.004853  0.002388         0  0.007241         0       256    0.7386    0.8929     0.901    0.6845   0.02649   0.02145         0
   189/219     2.47G   0.00568  0.002489         0  0.008168         0       256    0.7584    0.8929    0.9015    0.6897   0.02671   0.02145         0
   190/219     2.47G  0.005944  0.002544         0  0.008489         0       256    0.7257    0.9286    0.9015    0.6787   0.02632    0.0214         0
   191/219     2.47G  0.004751  0.002352         0  0.007102         0       256    0.7217    0.9286    0.9008    0.6709   0.02663    0.0213         0
   192/219     2.47G  0.005234  0.002514         0  0.007748         0       256    0.7162    0.9286    0.9049     0.679   0.02659   0.02138         0
   193/219     2.47G  0.004498  0.002321         0  0.006819         0       256    0.7339    0.9286    0.9049    0.6838   0.02651   0.02147         0
   194/219     2.47G  0.004839  0.002313         0  0.007152         0       256    0.7383    0.9286    0.9043    0.6882   0.02636   0.02151         0
   195/219     2.47G  0.004583  0.002281         0  0.006864         0       256    0.7675    0.8929    0.9001    0.6759   0.02669   0.02153         0
   196/219     2.47G  0.004724  0.002368         0  0.007093         0       256    0.7665    0.8929    0.9001    0.6707   0.02682   0.02157         0
   197/219     2.47G  0.004435  0.002195         0  0.006629         0       256    0.8004    0.9286    0.9024    0.6847   0.02668   0.02141         0
   198/219     2.47G  0.004369  0.002189         0  0.006559         0       256    0.7364    0.9286     0.907    0.6847   0.02637   0.02121         0
   199/219     2.47G  0.004862  0.002309         0  0.007171         0       256    0.7602    0.9286    0.9045    0.6957   0.02652   0.02125         0
   200/219     2.47G  0.005001   0.00242         0  0.007421         0       256    0.7757    0.9286    0.9067    0.6898   0.02672   0.02133         0
   201/219     2.47G  0.006094  0.002585         0  0.008679         0       256    0.7765    0.9286    0.9029    0.6976    0.0268    0.0214         0
   202/219     2.47G  0.004004  0.002139         0  0.006142         0       256    0.7865    0.9286    0.9093     0.704   0.02655   0.02126         0
   203/219     2.47G  0.005041  0.002348         0  0.007389         0       256    0.7867    0.9222    0.9096    0.6983   0.02676   0.02132         0
   204/219     2.47G  0.005152  0.002467         0  0.007619         0       256    0.7878    0.9279     0.908    0.6923   0.02689   0.02147         0
   205/219     2.47G  0.003918  0.002065         0  0.005983         0       256    0.8127    0.9286    0.9094    0.7096   0.02681   0.02143         0
   206/219     2.47G  0.004201  0.002124         0  0.006325         0       256    0.7664    0.9286      0.91    0.7045    0.0264   0.02138         0
   207/219     2.47G  0.004352  0.002234         0  0.006587         0       256    0.7786    0.9286    0.9116    0.7032   0.02661    0.0213         0
   208/219     2.47G   0.00559  0.002575         0  0.008165         0       256    0.7549    0.9286    0.9108    0.7013   0.02634   0.02132         0
   209/219     2.47G  0.004021  0.002116         0  0.006137         0       256    0.7618    0.9286     0.908    0.7002   0.02642   0.02149         0
   210/219     2.47G  0.004178  0.002137         0  0.006315         0       256    0.7426    0.9286    0.9106    0.6945   0.02631   0.02147         0
   211/219     2.47G  0.003958   0.00211         0  0.006068         0       256    0.7397    0.8929    0.9073    0.6897   0.02688   0.02156         0
   212/219     2.47G  0.004915  0.002342         0  0.007257         0       256    0.7588    0.8929     0.906    0.6968    0.0266   0.02155         0
   213/219     2.47G  0.004658  0.002208         0  0.006866         0       256    0.7877    0.9275    0.9069    0.6994   0.02647   0.02159         0
   214/219     2.47G  0.004469  0.002188         0  0.006657         0       256    0.7558    0.9286    0.9075    0.6906   0.02645   0.02153         0
   215/219     2.47G  0.003954  0.002094         0  0.006049         0       256    0.6964    0.9014    0.9026    0.6777   0.02674   0.02147         0
   216/219     2.47G  0.004629  0.002309         0  0.006938         0       256    0.7219    0.9286    0.9034    0.6843   0.02686   0.02143         0
   217/219     2.47G  0.004501  0.002159         0   0.00666         0       256    0.7219    0.9286    0.9051    0.6965   0.02687   0.02139         0
   218/219     2.47G  0.004373  0.002132         0  0.006504         0       256     0.742    0.9286    0.9089    0.6997   0.02657    0.0213         0
   219/219     2.47G  0.004215  0.002156         0  0.006371         0       256    0.7405    0.9173    0.9074    0.6816   0.02696    0.0214         0
