     0/219     2.05G   0.05871   0.03375         0   0.09246         0       256         0         0 0.0004665 6.812e-05    0.0712   0.03775         0
     1/219     2.05G   0.05038   0.03413         0   0.08451         0       256         0         0  0.001456 0.0001848    0.0668   0.03651         0
     2/219     2.05G    0.0445   0.03359         0   0.07808         0       256         1   0.03571    0.1217   0.03786   0.05456   0.03843         0
     3/219     2.05G   0.03836   0.03003         0   0.06839         0       256    0.1917    0.6609    0.1775   0.03787   0.05872   0.02698         0
     4/219     2.05G   0.04702   0.02006         0   0.06708         0       256    0.1973    0.6429    0.2202   0.05044   0.05295   0.02569         0
     5/219     2.05G   0.04441   0.01733         0   0.06175         0       256    0.2888    0.5656    0.2808    0.1257   0.05856   0.02255         0
     6/219     2.05G   0.04635    0.0156         0   0.06195         0       256    0.1771      0.75    0.3272     0.166   0.05502   0.02116         0
     7/219     2.05G   0.04237   0.01498         0   0.05735         0       256   0.08172    0.9286    0.2428   0.06643    0.0563   0.01946         0
     8/219     2.05G   0.04298   0.01633         0   0.05931         0       256    0.1155    0.8214    0.1393   0.03447   0.05548   0.02016         0
     9/219     2.05G   0.04079   0.01326         0   0.05405         0       256    0.1138    0.8929    0.2625    0.1158   0.05531   0.01645         0
    10/219     2.05G   0.04097   0.01142         0   0.05239         0       256    0.1146    0.8571    0.3939    0.1136   0.04634   0.01788         0
    11/219     2.05G   0.03706   0.01079         0   0.04785         0       256    0.1659    0.8214      0.36    0.1304   0.04427   0.01904         0
    12/219     2.05G    0.0341   0.01214         0   0.04624         0       256    0.1177    0.9286    0.4462    0.1599   0.04591   0.01578         0
    13/219     2.05G   0.03568   0.01144         0   0.04711         0       256    0.2103    0.9286    0.6038    0.2439   0.04166   0.01604         0
    14/219     2.05G   0.03051   0.01007         0   0.04058         0       256    0.2503    0.9422    0.6688    0.2697   0.03628   0.01711         0
    15/219     2.05G   0.02773   0.01011         0   0.03784         0       256    0.1656    0.9643    0.7713    0.3995   0.03986   0.01493         0
    16/219     2.05G   0.03018   0.00987         0   0.04005         0       256    0.1757    0.9643    0.3774    0.1082   0.03994   0.01494         0
    17/219     2.05G   0.02985  0.009135         0   0.03898         0       256    0.2323    0.9643    0.7788    0.3482   0.03385   0.01481         0
    18/219     2.05G     0.023  0.008614         0   0.03161         0       256    0.2435    0.9286    0.7634    0.3553    0.0357   0.01649         0
    19/219     2.05G   0.02593  0.008319         0   0.03425         0       256    0.3117    0.9286    0.5268    0.1269   0.03309   0.01639         0
    20/219     2.05G    0.0283   0.00843         0   0.03673         0       256    0.2302    0.9076    0.5435    0.2319     0.043   0.01704         0
    21/219     2.05G   0.03293  0.009284         0   0.04222         0       256    0.3686    0.9643    0.8204    0.4186   0.03433   0.01664         0
    22/219     2.05G   0.02779  0.008283         0   0.03608         0       256    0.2813    0.9643    0.9105    0.5695   0.03113   0.01463         0
    23/219     2.05G   0.02253  0.008631         0   0.03116         0       256    0.2637    0.9643    0.9325    0.3644   0.03139   0.01541         0
    24/219     2.05G   0.02444  0.008665         0   0.03311         0       256    0.2789    0.9643    0.9057    0.4282   0.03151   0.01481         0
    25/219     2.05G   0.02396  0.007619         0   0.03158         0       256    0.2369    0.9286    0.8326    0.3442   0.03265   0.01582         0
    26/219     2.05G   0.02112  0.007617         0   0.02874         0       256    0.3974    0.9286    0.8814    0.5098   0.02669   0.01618         0
    27/219     2.05G   0.01873  0.007031         0   0.02576         0       256    0.3638    0.9286    0.7889    0.4531   0.03253   0.01588         0
    28/219     2.05G   0.02128  0.007642         0   0.02892         0       256    0.5485    0.9286    0.9288    0.5388   0.02754   0.01547         0
    29/219     2.05G   0.02324  0.007652         0   0.03089         0       256    0.3945    0.9643    0.8038    0.2565   0.02743   0.01539         0
    30/219     2.05G   0.01685  0.007457         0   0.02431         0       256    0.3988    0.9643    0.9183     0.507   0.02556   0.01465         0
    31/219     2.05G    0.0182  0.006798         0   0.02499         0       256     0.383    0.9643    0.9205    0.5732   0.02836   0.01398         0
    32/219     2.05G   0.02307  0.006913         0   0.02998         0       256    0.3729    0.9643    0.9382    0.5887   0.03037   0.01444         0
    33/219     2.05G   0.02408  0.007851         0   0.03193         0       256    0.4763    0.9286    0.9164    0.4355   0.02774   0.01596         0
    34/219     2.05G   0.01571  0.007374         0   0.02308         0       256    0.4906    0.9643    0.9513    0.6643    0.0222   0.01429         0
    35/219     2.05G   0.01797  0.006587         0   0.02456         0       256    0.3933    0.9643    0.9366    0.6727   0.02596   0.01406         0
    36/219     2.05G   0.01618  0.006569         0   0.02275         0       256    0.6902    0.9643    0.9577    0.6927   0.02467   0.01412         0
    37/219     2.05G   0.01713  0.006421         0   0.02355         0       256    0.5549    0.9643    0.9318    0.4957   0.02535   0.01441         0
    38/219     2.05G   0.01598  0.006081         0   0.02206         0       256     0.611    0.9643    0.9622    0.5512   0.02312   0.01375         0
    39/219     2.05G   0.01416  0.005831         0      0.02         0       256    0.6692    0.9643     0.954    0.5977   0.02227   0.01323         0
    40/219     2.05G   0.01658  0.005843         0   0.02242         0       256    0.4791    0.9643    0.9377    0.5751   0.02806   0.01375         0
    41/219     2.05G   0.01892  0.006236         0   0.02515         0       256    0.7455    0.9286    0.9534    0.6155   0.02555   0.01491         0
    42/219     2.05G   0.01467  0.006235         0    0.0209         0       256    0.7029    0.9643    0.9557    0.6786   0.02265   0.01424         0
    43/219     2.05G   0.01453  0.005638         0   0.02017         0       256    0.5844    0.9643    0.9501    0.5271   0.02426   0.01409         0
    44/219     2.05G    0.0171  0.006151         0   0.02326         0       256    0.4959    0.9643    0.9426    0.5764   0.02478   0.01452         0
    45/219     2.05G   0.01707  0.006176         0   0.02325         0       256    0.5352    0.9643    0.9434    0.5087   0.02433   0.01509         0
    46/219     2.05G   0.01441  0.005829         0   0.02024         0       256    0.6107    0.9643    0.9628    0.6655   0.02183   0.01441         0
    47/219     2.05G   0.01355  0.005681         0   0.01923         0       256    0.6215    0.9643     0.965    0.6891   0.02208   0.01403         0
    48/219     2.05G   0.01374  0.005496         0   0.01924         0       256    0.6212    0.9643    0.9599    0.6607    0.0226   0.01371         0
    49/219     2.05G   0.01282  0.005211         0   0.01803         0       256    0.6246    0.9643     0.955    0.6497   0.02383   0.01413         0
    50/219     2.05G    0.0131  0.005094         0    0.0182         0       256    0.6615    0.9643    0.9588     0.648   0.02118   0.01367         0
    51/219     2.05G   0.01076   0.00489         0   0.01565         0       256    0.6207    0.9353    0.9501    0.6853    0.0228   0.01384         0
    52/219     2.05G   0.01308  0.005186         0   0.01827         0       256    0.6532    0.9286     0.947    0.5394   0.02448   0.01458         0
    53/219     2.05G   0.01706  0.005913         0   0.02297         0       256    0.6365    0.9286    0.9436     0.626   0.02346    0.0145         0
    54/219     2.05G   0.01401  0.005642         0   0.01965         0       256    0.7421    0.9286     0.949    0.6666   0.02148   0.01503         0
    55/219     2.05G    0.0114  0.005458         0   0.01686         0       256    0.6731    0.9286    0.9485    0.6935   0.02156   0.01429         0
    56/219     2.05G   0.01269  0.005156         0   0.01785         0       256    0.7224    0.9286    0.9527    0.7156    0.0234   0.01376         0
    57/219     2.05G   0.01489  0.005277         0   0.02016         0       256    0.6766    0.9286     0.947    0.7212   0.02225   0.01394         0
    58/219     2.05G    0.0122  0.005175         0   0.01737         0       256    0.8418    0.9286    0.9443    0.6264   0.02278   0.01442         0
    59/219     2.05G   0.01195  0.005094         0   0.01705         0       256    0.7957    0.9286    0.9433     0.656   0.02278   0.01445         0
    60/219     2.05G   0.01365  0.005337         0   0.01899         0       256     0.748    0.9286    0.9439    0.6152    0.0221   0.01445         0
    61/219     2.05G   0.01124  0.004982         0   0.01622         0       256    0.7649    0.9286    0.9559    0.6036   0.02159   0.01421         0
    62/219     2.05G   0.01295  0.005172         0   0.01812         0       256    0.6732    0.9643    0.9527    0.6605   0.02014   0.01402         0
    63/219     2.05G   0.01048  0.004722         0    0.0152         0       256    0.8194    0.9643    0.9598    0.6985   0.02043   0.01406         0
    64/219     2.05G   0.01147  0.004915         0   0.01639         0       256      0.77    0.9643    0.9576    0.6093    0.0219    0.0141         0
    65/219     2.05G   0.01367  0.005133         0    0.0188         0       256    0.8269    0.9643    0.9598     0.598   0.02321   0.01433         0
    66/219     2.05G   0.01211  0.005146         0   0.01725         0       256    0.7734    0.9643    0.9577    0.6917   0.02112    0.0141         0
    67/219     2.05G  0.009228   0.00461         0   0.01384         0       256    0.7573    0.9643    0.9576    0.6589   0.02125   0.01366         0
    68/219     2.05G   0.01229   0.00501         0    0.0173         0       256    0.7908    0.9643    0.9584    0.7321   0.02038   0.01345         0
    69/219     2.05G  0.009867  0.004511         0   0.01438         0       256    0.8226    0.9643    0.9611    0.6981   0.02139     0.014         0
    70/219     2.05G  0.009861   0.00449         0   0.01435         0       256     0.799    0.9643    0.9622    0.6296   0.02044   0.01436         0
    71/219     2.05G  0.009358  0.004363         0   0.01372         0       256    0.8242    0.9643     0.961    0.6888   0.02072   0.01464         0
    72/219     2.05G   0.01136  0.004692         0   0.01605         0       256    0.7819    0.9643    0.9568    0.6433   0.02228    0.0144         0
    73/219     2.05G   0.01163  0.004893         0   0.01652         0       256    0.8987     0.951     0.961    0.6756   0.02061   0.01477         0
    74/219     2.05G   0.00879  0.004266         0   0.01306         0       256    0.7921    0.9643     0.961     0.681   0.02018   0.01429         0
    75/219     2.05G  0.009587  0.004361         0   0.01395         0       256    0.7543    0.9643    0.9598    0.6597    0.0217   0.01436         0
    76/219     2.05G   0.01242  0.004894         0   0.01732         0       256     0.736    0.9643    0.9587    0.6776   0.02123   0.01396         0
    77/219     2.05G   0.01379  0.005062         0   0.01885         0       256    0.8064    0.9643    0.9622    0.7245    0.0202   0.01403         0
    78/219     2.05G   0.01032  0.004687         0   0.01501         0       256    0.7461    0.9643     0.961    0.7126   0.02036   0.01407         0
    79/219     2.05G   0.00962   0.00456         0   0.01418         0       256    0.7747    0.9643     0.961    0.7242   0.01946   0.01387         0
    80/219     2.05G    0.0106  0.004616         0   0.01522         0       256    0.7552    0.9643    0.9598    0.7225   0.02042    0.0136         0
    81/219     2.05G   0.01119  0.004555         0   0.01574         0       256    0.7842    0.9643     0.961    0.6943   0.02068   0.01368         0
    82/219     2.05G  0.009812  0.004441         0   0.01425         0       256    0.7769    0.9643     0.961    0.6913   0.01972   0.01377         0
    83/219     2.05G  0.009054  0.004182         0   0.01324         0       256    0.7987    0.9643     0.961    0.7009   0.01983   0.01375         0
    84/219     2.05G   0.01005  0.004531         0   0.01458         0       256    0.7165    0.9643    0.9622    0.7277   0.01894   0.01381         0
    85/219     2.05G  0.008542  0.004121         0   0.01266         0       256    0.7348    0.9643    0.9636    0.6914   0.01957   0.01371         0
    86/219     2.05G  0.009789  0.004355         0   0.01414         0       256    0.7745    0.9643     0.965    0.6814   0.01976   0.01379         0
    87/219     2.05G  0.008562   0.00417         0   0.01273         0       256       0.8    0.9643     0.965    0.6346   0.02066   0.01394         0
    88/219     2.05G   0.01075  0.004663         0   0.01542         0       256    0.8062    0.9643     0.965    0.6786   0.02046   0.01373         0
    89/219     2.05G  0.008852  0.004095         0   0.01295         0       256    0.8047    0.9643     0.965    0.6826   0.02018    0.0135         0
    90/219     2.05G  0.008213  0.003978         0   0.01219         0       256    0.7757    0.9643     0.965    0.6542   0.01986   0.01327         0
    91/219     2.05G  0.008853  0.004099         0   0.01295         0       256    0.7255    0.9643     0.965    0.6851   0.01914   0.01322         0
    92/219     2.05G  0.008634  0.004127         0   0.01276         0       256    0.7002    0.9643    0.9636    0.6792    0.0194   0.01336         0
    93/219     2.05G  0.008565  0.003943         0   0.01251         0       256    0.6682    0.9643     0.965    0.6838   0.02006   0.01374         0
    94/219     2.05G  0.007687  0.003824         0   0.01151         0       256     0.729    0.9643     0.965    0.7031   0.02046   0.01373         0
    95/219     2.05G  0.008663  0.003881         0   0.01254         0       256     0.758    0.9643    0.9636    0.7174   0.02129   0.01392         0
    96/219     2.05G    0.0104  0.004271         0   0.01467         0       256    0.7675    0.9643    0.9636    0.6627   0.02154   0.01417         0
    97/219     2.05G    0.0104  0.004337         0   0.01474         0       256    0.8425    0.9643    0.9636    0.6758   0.02076   0.01446         0
    98/219     2.05G  0.007908  0.003812         0   0.01172         0       256    0.7855    0.9643    0.9636    0.7187   0.01992   0.01445         0
    99/219     2.05G  0.007277  0.003684         0   0.01096         0       256    0.7772    0.9643    0.9598    0.6929   0.02046   0.01448         0
   100/219     2.05G  0.009181  0.004145         0   0.01333         0       256    0.7964    0.9643    0.9588    0.6904   0.02018   0.01443         0
   101/219     2.05G  0.007394    0.0036         0   0.01099         0       256    0.8305    0.9643    0.9598    0.7112   0.02004   0.01464         0
   102/219     2.05G  0.007723  0.003582         0   0.01131         0       256    0.8456    0.9643    0.9598    0.7137   0.01977   0.01447         0
   103/219     2.05G  0.006646  0.003436         0   0.01008         0       256     0.822    0.9643    0.9588    0.6765   0.01991   0.01454         0
   104/219     2.05G  0.009092  0.004057         0   0.01315         0       256    0.8447    0.9643    0.9598    0.6936   0.01981    0.0145         0
   105/219     2.05G  0.008902  0.003746         0   0.01265         0       256    0.8193    0.9643     0.961    0.6649   0.02129   0.01473         0
   106/219     2.05G  0.008741  0.003848         0   0.01259         0       256    0.8107    0.9643     0.961    0.7076   0.01983   0.01429         0
   107/219     2.05G  0.006983  0.003547         0   0.01053         0       256    0.8292    0.9643     0.961    0.6983   0.02011   0.01435         0
   108/219     2.05G  0.007331  0.003677         0   0.01101         0       256    0.7981    0.9643     0.961    0.6967   0.01977   0.01428         0
   109/219     2.05G  0.007435  0.003656         0   0.01109         0       256    0.7884    0.9643     0.961    0.6875   0.02004   0.01435         0
   110/219     2.05G   0.00728  0.003466         0   0.01075         0       256    0.7978    0.9643     0.961    0.6952   0.01935   0.01427         0
   111/219     2.05G  0.006711  0.003375         0   0.01009         0       256    0.8413    0.9643    0.9622     0.662   0.01957    0.0145         0
   112/219     2.05G  0.008493  0.003893         0   0.01239         0       256    0.8324    0.9643    0.9622    0.6867   0.01942   0.01423         0
   113/219     2.05G  0.008528  0.003689         0   0.01222         0       256    0.8468    0.9643    0.9622    0.7073   0.01959   0.01434         0
   114/219     2.05G  0.007307  0.003669         0   0.01098         0       256    0.8109    0.9643    0.9622    0.6973   0.01896   0.01403         0
   115/219     2.05G  0.006793  0.003524         0   0.01032         0       256    0.8194    0.9643    0.9622    0.7026   0.01939   0.01417         0
   116/219     2.05G  0.007959  0.003828         0   0.01179         0       256    0.7896    0.9643    0.9636    0.7135   0.01964   0.01409         0
   117/219     2.05G   0.00678  0.003463         0   0.01024         0       256    0.7744    0.9643    0.9636    0.7061   0.01898   0.01411         0
   118/219     2.05G  0.005615  0.003245         0   0.00886         0       256    0.7299    0.9643      0.96     0.718   0.01891   0.01423         0
   119/219     2.05G  0.006192  0.003306         0  0.009498         0       256    0.7476    0.9643    0.9611     0.693   0.02002   0.01449         0
   120/219     2.05G  0.008514  0.003899         0   0.01241         0       256     0.787    0.9643    0.9636     0.689   0.01935   0.01449         0
   121/219     2.05G  0.008035  0.003641         0   0.01168         0       256     0.824    0.9643    0.9636    0.6921   0.01998   0.01458         0
   122/219     2.05G   0.00712  0.003539         0   0.01066         0       256    0.8252    0.9643    0.9636    0.7015   0.01954   0.01456         0
   123/219     2.05G  0.005468  0.003162         0   0.00863         0       256    0.8426    0.9643     0.961    0.7052   0.01951   0.01456         0
   124/219     2.05G  0.006306  0.003332         0  0.009638         0       256    0.8006    0.9643    0.9622    0.7396   0.01919   0.01441         0
   125/219     2.05G  0.006571  0.003251         0  0.009822         0       256    0.7892    0.9643    0.9636     0.726    0.0191   0.01433         0
   126/219     2.05G  0.005383  0.002991         0  0.008374         0       256    0.7543    0.9643    0.9622    0.7199   0.01938   0.01444         0
   127/219     2.05G  0.005972   0.00305         0  0.009021         0       256    0.8208    0.9643    0.9622    0.7212   0.01963   0.01446         0
   128/219     2.05G  0.006756  0.003326         0   0.01008         0       256    0.8027    0.9643     0.961    0.6886   0.01926   0.01437         0
   129/219     2.05G  0.006771  0.003291         0   0.01006         0       256    0.8349    0.9643    0.9622    0.7032   0.01927   0.01454         0
   130/219     2.05G  0.006799   0.00337         0   0.01017         0       256    0.8326    0.9643    0.9622    0.6984   0.01839   0.01433         0
   131/219     2.05G  0.006316  0.003206         0  0.009522         0       256    0.8242    0.9643    0.9622    0.7033   0.01939   0.01453         0
   132/219     2.05G  0.007036  0.003455         0   0.01049         0       256    0.7925    0.9643     0.961    0.6758   0.01998   0.01477         0
   133/219     2.05G   0.00635   0.00317         0   0.00952         0       256    0.7974    0.9643     0.961    0.6895   0.01986   0.01484         0
   134/219     2.05G  0.005423  0.003007         0   0.00843         0       256    0.7933    0.9643     0.961    0.6949   0.01908   0.01479         0
   135/219     2.05G  0.004908  0.002829         0  0.007737         0       256    0.8344    0.9643    0.9622    0.6936   0.01923   0.01487         0
   136/219     2.05G  0.005874  0.003153         0  0.009027         0       256    0.8241    0.9643     0.961    0.6866   0.01954   0.01493         0
   137/219     2.05G  0.006176  0.003122         0  0.009298         0       256    0.8055    0.9643    0.9622    0.6976   0.01927   0.01474         0
   138/219     2.05G  0.005179  0.002807         0  0.007986         0       256    0.7859    0.9643    0.9622    0.6942   0.01938   0.01444         0
   139/219     2.05G  0.005461  0.002913         0  0.008374         0       256    0.8101    0.9643     0.961    0.6863   0.01936   0.01445         0
   140/219     2.05G  0.007133  0.003421         0   0.01055         0       256     0.829    0.9643     0.961    0.6633   0.01942   0.01442         0
   141/219     2.05G  0.006175  0.003119         0  0.009293         0       256    0.8621    0.9643    0.9622    0.6834   0.01928   0.01442         0
   142/219     2.05G  0.005964  0.003049         0  0.009013         0       256    0.8611    0.9643    0.9622    0.6964   0.01915   0.01448         0
   143/219     2.05G   0.00475   0.00281         0   0.00756         0       256    0.8372    0.9643    0.9598     0.702   0.01899   0.01458         0
   144/219     2.05G  0.005544   0.00303         0  0.008574         0       256    0.8291    0.9643    0.9598    0.6977   0.01883   0.01448         0
   145/219     2.05G  0.004954  0.002813         0  0.007766         0       256    0.8088    0.9643    0.9598    0.7165   0.01854   0.01444         0
   146/219     2.05G  0.004575  0.002621         0  0.007195         0       256    0.7948    0.9643    0.9598    0.6879   0.01863   0.01447         0
   147/219     2.05G  0.004449   0.00259         0  0.007039         0       256    0.8294    0.9643    0.9598    0.6784   0.01926   0.01476         0
   148/219     2.05G  0.006006  0.003127         0  0.009133         0       256    0.8118    0.9643    0.9598    0.7132   0.01966   0.01491         0
   149/219     2.05G   0.00632  0.003114         0  0.009434         0       256    0.8182    0.9643    0.9598    0.7125    0.0199   0.01511         0
   150/219     2.05G  0.005985  0.002919         0  0.008904         0       256    0.8252    0.9643    0.9622    0.7268   0.01908   0.01489         0
   151/219     2.05G  0.004573  0.002668         0  0.007241         0       256    0.8721    0.9643     0.961    0.7236   0.01887   0.01483         0
   152/219     2.05G  0.004673  0.002745         0  0.007418         0       256    0.8442    0.9643     0.961    0.7174   0.01865   0.01475         0
   153/219     2.05G  0.004692  0.002626         0  0.007318         0       256    0.8118    0.9643    0.9598    0.7102   0.01899   0.01481         0
   154/219     2.05G  0.004464  0.002531         0  0.006995         0       256    0.7915    0.9643     0.961    0.7012   0.01845   0.01468         0
   155/219     2.05G  0.004386  0.002507         0  0.006893         0       256    0.8065    0.9643    0.9598    0.6936   0.01912   0.01494         0
   156/219     2.05G  0.005295  0.002884         0  0.008179         0       256    0.8053    0.9643    0.9598    0.6924   0.01908    0.0149         0
   157/219     2.05G  0.005332   0.00281         0  0.008141         0       256    0.8494    0.9643     0.961    0.7033   0.01892    0.0149         0
   158/219     2.05G  0.004375  0.002579         0  0.006954         0       256    0.8415    0.9643    0.9622    0.6999   0.01884   0.01483         0
   159/219     2.05G  0.004126  0.002463         0  0.006588         0       256    0.8343    0.9643    0.9598    0.6976   0.01899   0.01494         0
   160/219     2.05G  0.005224  0.002837         0  0.008061         0       256    0.8343    0.9643    0.9598    0.6961    0.0189   0.01492         0
   161/219     2.05G  0.004549   0.00259         0  0.007138         0       256    0.8234    0.9643    0.9598    0.7137   0.01908   0.01505         0
   162/219     2.05G   0.00421  0.002477         0  0.006687         0       256    0.8443    0.9643    0.9598    0.7078   0.01883   0.01481         0
   163/219     2.05G  0.003522  0.002281         0  0.005803         0       256    0.8443    0.9643     0.961    0.7024   0.01911   0.01492         0
   164/219     2.05G  0.004261  0.002523         0  0.006784         0       256    0.7902    0.9643     0.961    0.7145   0.01933   0.01495         0
   165/219     2.05G  0.004336  0.002443         0  0.006779         0       256    0.7938    0.9643     0.961    0.6969   0.01917   0.01491         0
   166/219     2.05G  0.004189  0.002402         0  0.006591         0       256    0.7935    0.9643    0.9598    0.7192   0.01884   0.01489         0
   167/219     2.05G  0.004218  0.002463         0  0.006681         0       256    0.8338    0.9643     0.961     0.711   0.01906   0.01513         0
   168/219     2.05G  0.004872  0.002808         0   0.00768         0       256    0.8099    0.9643    0.9622    0.7167   0.01913   0.01505         0
   169/219     2.05G  0.003994  0.002395         0  0.006389         0       256    0.7875    0.9643    0.9598    0.7002   0.01891   0.01501         0
   170/219     2.05G  0.004101  0.002384         0  0.006485         0       256    0.8138    0.9643     0.961    0.7038   0.01896   0.01494         0
   171/219     2.05G  0.003406  0.002191         0  0.005597         0       256    0.8391    0.9643     0.961    0.6829   0.01931   0.01518         0
   172/219     2.05G  0.004714   0.00264         0  0.007354         0       256    0.8374    0.9643     0.961     0.686   0.01908   0.01504         0
   173/219     2.05G   0.00404  0.002349         0  0.006389         0       256    0.8431    0.9643     0.961    0.6832   0.01927   0.01515         0
   174/219     2.05G  0.004033  0.002325         0  0.006358         0       256    0.8204    0.9643     0.961    0.7106   0.01868   0.01495         0
   175/219     2.05G  0.003514  0.002229         0  0.005743         0       256    0.8492    0.9643     0.961    0.6896   0.01866   0.01509         0
   176/219     2.05G  0.004483  0.002554         0  0.007037         0       256    0.8738    0.9643    0.9622    0.6924   0.01878   0.01516         0
   177/219     2.05G  0.004046  0.002286         0  0.006332         0       256    0.8452    0.9643     0.961    0.7067   0.01873   0.01525         0
   178/219     2.05G  0.004001  0.002377         0  0.006378         0       256    0.8452    0.9643    0.9622    0.7098   0.01862   0.01505         0
   179/219     2.05G   0.00356  0.002241         0  0.005801         0       256    0.8478    0.9643    0.9622    0.7025   0.01887   0.01513         0
   180/219     2.05G  0.004419  0.002588         0  0.007007         0       256    0.8662    0.9643    0.9622     0.699   0.01906   0.01502         0
   181/219     2.05G  0.003651  0.002246         0  0.005897         0       256    0.8621    0.9643    0.9622    0.7146   0.01888   0.01496         0
   182/219     2.05G  0.003527  0.002179         0  0.005706         0       256    0.8325    0.9643    0.9622    0.7011   0.01872   0.01491         0
   183/219     2.05G  0.003849  0.002238         0  0.006087         0       256    0.8503    0.9643     0.961    0.6956   0.01899   0.01515         0
   184/219     2.05G  0.003808  0.002337         0  0.006145         0       256    0.8309    0.9643     0.961    0.6943   0.01905   0.01511         0
   185/219     2.05G   0.00422   0.00239         0   0.00661         0       256    0.8345    0.9643     0.961     0.708   0.01886   0.01509         0
   186/219     2.05G  0.003669  0.002249         0  0.005918         0       256    0.8122    0.9643     0.961    0.6951   0.01891   0.01502         0
   187/219     2.05G  0.002966  0.001991         0  0.004957         0       256     0.817    0.9643     0.961    0.6996   0.01921   0.01521         0
   188/219     2.05G  0.003913  0.002396         0  0.006309         0       256    0.8352    0.9643    0.9622    0.7096   0.01925   0.01511         0
   189/219     2.05G  0.004836  0.002643         0  0.007478         0       256    0.8133    0.9643     0.961    0.7159   0.01922   0.01521         0
   190/219     2.05G  0.003824  0.002242         0  0.006066         0       256    0.8173    0.9643     0.961    0.7182   0.01928   0.01514         0
   191/219     2.05G  0.003251  0.002116         0  0.005368         0       256    0.8714    0.9643    0.9622    0.7174   0.01926   0.01527         0
   192/219     2.05G  0.003859  0.002302         0  0.006161         0       256     0.852    0.9643    0.9622    0.7135    0.0192    0.0152         0
   193/219     2.05G  0.003561  0.002196         0  0.005757         0       256    0.8479    0.9643    0.9622    0.7087   0.01902   0.01518         0
   194/219     2.05G  0.003279  0.002118         0  0.005396         0       256    0.7997    0.9643     0.961     0.693   0.01894   0.01511         0
   195/219     2.05G  0.002658  0.001887         0  0.004545         0       256    0.8345    0.9643     0.961     0.695   0.01901    0.0153         0
   196/219     2.05G  0.002829  0.001977         0  0.004807         0       256    0.8151    0.9643     0.961    0.7069   0.01885   0.01523         0
   197/219     2.05G  0.003242  0.002087         0   0.00533         0       256     0.813    0.9643     0.961    0.7086   0.01898   0.01532         0
   198/219     2.05G  0.003376   0.00214         0  0.005515         0       256    0.8132    0.9643     0.961    0.7001   0.01901   0.01527         0
   199/219     2.05G  0.002934  0.001988         0  0.004922         0       256    0.7903    0.9643    0.9598    0.6991     0.019   0.01538         0
   200/219     2.05G  0.003848  0.002322         0   0.00617         0       256    0.8134    0.9643     0.961    0.7035   0.01901   0.01534         0
   201/219     2.05G  0.003761  0.002144         0  0.005906         0       256    0.8155    0.9643     0.961    0.6986   0.01896   0.01531         0
   202/219     2.05G  0.002901  0.001924         0  0.004825         0       256    0.8182    0.9643     0.961    0.7077   0.01868   0.01514         0
   203/219     2.05G  0.002926  0.001935         0  0.004862         0       256    0.8213    0.9643     0.961    0.7123   0.01891   0.01531         0
   204/219     2.05G  0.003436   0.00215         0  0.005586         0       256    0.8194    0.9643     0.961    0.7001   0.01882   0.01517         0
   205/219     2.05G  0.003206  0.002033         0  0.005239         0       256    0.8447    0.9643    0.9622    0.7059   0.01882   0.01511         0
   206/219     2.05G  0.003515  0.002162         0  0.005676         0       256    0.8197    0.9643     0.961    0.7116   0.01894   0.01505         0
   207/219     2.05G  0.002626  0.001829         0  0.004455         0       256     0.818    0.9643     0.961    0.7041   0.01874   0.01514         0
   208/219     2.05G  0.002318   0.00174         0  0.004058         0       256     0.814    0.9643     0.961    0.7046   0.01887   0.01517         0
   209/219     2.05G  0.003002  0.001952         0  0.004955         0       256    0.8164    0.9643     0.961    0.7036   0.01896   0.01522         0
   210/219     2.05G  0.002572  0.001793         0  0.004365         0       256    0.8182    0.9643     0.961    0.7073    0.0189   0.01522         0
   211/219     2.05G  0.002476  0.001796         0  0.004272         0       256    0.8158    0.9643     0.961    0.7072   0.01878   0.01529         0
   212/219     2.05G  0.002866  0.001936         0  0.004802         0       256    0.7893    0.9643     0.961    0.6903   0.01893   0.01531         0
   213/219     2.05G  0.003658  0.002138         0  0.005795         0       256    0.8146    0.9643    0.9622    0.7111   0.01888   0.01536         0
   214/219     2.05G  0.003287   0.00202         0  0.005307         0       256    0.8199    0.9643    0.9622    0.6919   0.01885   0.01533         0
   215/219     2.05G  0.002741  0.001916         0  0.004657         0       256    0.8201    0.9643     0.961    0.6974   0.01896   0.01553         0
   216/219     2.05G  0.003596  0.002243         0  0.005838         0       256    0.8151    0.9643     0.961    0.7082   0.01876   0.01546         0
   217/219     2.05G  0.003047  0.002031         0  0.005079         0       256    0.8182    0.9643     0.961    0.6992   0.01874   0.01548         0
   218/219     2.05G  0.002723   0.00185         0  0.004574         0       256    0.8474    0.9643    0.9622    0.6905   0.01898   0.01543         0
   219/219     2.05G  0.002652  0.001824         0  0.004475         0       256    0.8549    0.9643    0.9622    0.6951    0.0191   0.01554         0
