     0/219    0.988G   0.06051   0.03267         0   0.09318         0       256         0         0 0.0003109 6.694e-05   0.07208   0.03565         0
     1/219    0.988G   0.05081   0.03367         0   0.08448         0       256         0         0   0.01551  0.002723   0.06198   0.03618         0
     2/219    0.988G   0.04357   0.03053         0    0.0741         0       256    0.2679      0.25    0.1801    0.0327   0.05919   0.02888         0
     3/219    0.988G   0.04296   0.02314         0    0.0661         0       256    0.1182    0.9643    0.2535   0.06995   0.05241   0.02278         0
     4/219    0.988G   0.04442   0.01762         0   0.06204         0       256    0.1132    0.7857    0.3352    0.1376   0.05934   0.02001         0
     5/219    0.988G   0.04481    0.0149         0   0.05971         0       256    0.1696    0.4523    0.1616   0.04951   0.07122   0.01621         0
     6/219    0.988G   0.05181   0.01414         0   0.06595         0       256    0.1378    0.9643    0.5554    0.1902   0.06353   0.01656         0
     7/219    0.988G   0.05076   0.01343         0   0.06419         0       256    0.1342    0.9643    0.2409   0.09027   0.06683   0.01686         0
     8/219    0.988G   0.04929   0.01527         0   0.06456         0       256     0.363    0.7143    0.6597    0.3572   0.06106   0.01696         0
     9/219    0.988G   0.04695   0.01353         0   0.06048         0       256    0.2382    0.9286    0.5921    0.3227   0.05883   0.01728         0
    10/219    0.988G    0.0426   0.01318         0   0.05578         0       256    0.1006    0.9643    0.8732    0.3545   0.06118   0.01342         0
