     0/219     2.47G   0.08537   0.03419         0    0.1196         0       256         0         0 0.0001217  1.84e-05   0.09332   0.03746         0
     1/219     2.47G   0.07423   0.03523         0    0.1095         0       256         0         0   0.00414 0.0005993   0.08563    0.0382         0
     2/219     2.47G    0.0675   0.03517         0    0.1027         0       256         0         0    0.0143  0.004138   0.07842   0.03983         0
     3/219     2.47G   0.05783   0.03588         0   0.09371         0       256         0         0   0.02079  0.004236   0.06896   0.03923         0
     4/219     2.47G   0.05232   0.03251         0   0.08484         0       256    0.3753    0.6071    0.5857    0.2048   0.06267   0.03199         0
     5/219     2.47G   0.05302   0.02548         0    0.0785         0       256    0.2166    0.8571    0.5695    0.1857   0.06239   0.02645         0
     6/219     2.47G   0.05514   0.02114         0   0.07628         0       256    0.2383    0.8929    0.4677     0.131   0.05683   0.02421         0
     7/219     2.47G     0.058   0.01741         0   0.07541         0       256    0.2707    0.6071    0.3417    0.1659   0.05953   0.02413         0
     8/219     2.47G   0.05281   0.01714         0   0.06995         0       256    0.1155    0.9286    0.2707    0.1179   0.06499   0.02023         0
     9/219     2.47G   0.05623   0.01535         0   0.07159         0       256    0.1479    0.8571    0.4095     0.186   0.06062   0.02082         0
    10/219     2.47G   0.05726   0.01361         0   0.07087         0       256     0.152    0.8929    0.3308     0.112   0.07948   0.01677         0
    11/219     2.47G   0.06685   0.01525         0   0.08211         0       256    0.2201    0.8929    0.5536    0.2633    0.0562   0.02189         0
    12/219     2.47G   0.05342   0.01584         0   0.06927         0       256    0.1614    0.8571    0.5022    0.1272   0.05435   0.02179         0
    13/219     2.47G    0.0486   0.01527         0   0.06387         0       256    0.1319    0.7857    0.3611    0.0834   0.06448   0.02088         0
    14/219     2.47G   0.05854   0.01357         0   0.07212         0       256    0.1192    0.9643    0.4382    0.1219   0.05613   0.01947         0
    15/219     2.47G   0.05474   0.01372         0   0.06846         0       256    0.1375    0.9643    0.5117    0.2459   0.06366   0.01763         0
    16/219     2.47G   0.05765   0.01287         0   0.07051         0       256    0.1222    0.9643    0.5857    0.2386   0.06251   0.02052         0
    17/219     2.47G   0.05788   0.01248         0   0.07036         0       256    0.1262    0.9286    0.5599     0.235   0.05812   0.01682         0
    18/219     2.47G   0.04837    0.0126         0   0.06097         0       256    0.1723    0.9286    0.6329    0.2149   0.05089    0.0181         0
    19/219     2.47G   0.04782   0.01172         0   0.05954         0       256    0.1362    0.9286     0.769    0.3169   0.05564   0.01804         0
    20/219     2.47G   0.05337   0.01283         0   0.06619         0       256    0.1636    0.9286    0.4651    0.2333    0.0549   0.01809         0
    21/219     2.47G   0.04309   0.01281         0    0.0559         0       256    0.1845    0.9643    0.6322    0.2592   0.05294   0.01668         0
    22/219     2.47G   0.04506   0.01051         0   0.05557         0       256    0.2029    0.8929     0.744     0.329   0.05352   0.01799         0
    23/219     2.47G    0.0398   0.01102         0   0.05082         0       256    0.3063    0.9286       0.7    0.3932   0.04609   0.01784         0
    24/219     2.47G   0.04026   0.01006         0   0.05032         0       256    0.3358    0.8571     0.791    0.4256   0.04529   0.01912         0
    25/219     2.47G   0.03655  0.009624         0   0.04617         0       256    0.2203    0.9286    0.6871    0.3089   0.04382   0.01622         0
    26/219     2.47G   0.03575  0.009277         0   0.04502         0       256     0.362    0.9286    0.8181    0.5319   0.03861   0.01647         0
    27/219     2.47G   0.03463  0.008591         0   0.04322         0       256    0.3777    0.8929     0.808    0.3763    0.0383   0.01828         0
    28/219     2.47G    0.0338  0.009056         0   0.04285         0       256    0.3627    0.8571    0.6587    0.1689   0.04096   0.01928         0
    29/219     2.47G   0.03456  0.009059         0   0.04362         0       256    0.3288    0.8929    0.5884     0.263   0.04184   0.01678         0
    30/219     2.47G   0.03557  0.008184         0   0.04375         0       256    0.4447    0.9286    0.9202    0.6482    0.0324   0.01529         0
    31/219     2.47G   0.02716  0.008034         0    0.0352         0       256    0.3515    0.9643    0.8119    0.5362   0.03483   0.01528         0
    32/219     2.47G   0.03207  0.007804         0   0.03987         0       256    0.4058    0.9286    0.7191     0.413   0.03815   0.01665         0
    33/219     2.47G   0.03468  0.008102         0   0.04278         0       256    0.5102    0.9286    0.8728    0.5034   0.03486   0.01758         0
    34/219     2.47G   0.02593  0.007614         0   0.03354         0       256    0.6558    0.9286    0.9314    0.5053   0.03315   0.01567         0
    35/219     2.47G   0.02529  0.007062         0   0.03235         0       256    0.4127    0.9286     0.895    0.5258   0.03427   0.01526         0
    36/219     2.47G    0.0283   0.00721         0   0.03551         0       256    0.3693    0.9286    0.8274    0.5427    0.0364   0.01564         0
    37/219     2.47G   0.02791  0.007623         0   0.03553         0       256    0.5119    0.9286    0.9315    0.5315   0.03511   0.01581         0
    38/219     2.47G     0.026   0.00726         0   0.03326         0       256    0.5383    0.9286    0.9425    0.6232   0.03236   0.01565         0
    39/219     2.47G   0.02634  0.006829         0   0.03317         0       256    0.4094    0.9286    0.8854    0.4634   0.03499    0.0159         0
    40/219     2.47G   0.03112  0.007925         0   0.03904         0       256    0.5022    0.9286    0.8672    0.4687   0.03653    0.0178         0
    41/219     2.47G   0.02689  0.008416         0    0.0353         0       256    0.5884    0.9286    0.9283     0.578   0.03355    0.0176         0
    42/219     2.47G   0.02393  0.007027         0   0.03096         0       256    0.4276    0.9643    0.9279    0.5852   0.03205    0.0147         0
    43/219     2.47G   0.02541  0.006754         0   0.03216         0       256    0.4364    0.9643    0.9097    0.5729   0.03247   0.01453         0
    44/219     2.47G   0.02713  0.006886         0   0.03401         0       256    0.5518    0.9643    0.9067    0.5502   0.03081   0.01551         0
    45/219     2.47G   0.02185  0.006683         0   0.02854         0       256    0.5999    0.9643    0.8951    0.5013   0.03362   0.01628         0
    46/219     2.47G    0.0235  0.006384         0   0.02989         0       256    0.5612    0.9286     0.903    0.5355   0.03418   0.01704         0
    47/219     2.47G   0.02487   0.00662         0   0.03149         0       256    0.6672    0.9643    0.9475     0.656   0.03159   0.01627         0
    48/219     2.47G   0.02556  0.006396         0   0.03196         0       256    0.6766    0.9643    0.9421    0.5927   0.03169   0.01646         0
    49/219     2.47G   0.02149  0.006266         0   0.02776         0       256    0.6049    0.9643    0.9424    0.6244   0.03118   0.01679         0
    50/219     2.47G   0.02155   0.00635         0    0.0279         0       256    0.6699    0.9286    0.9467    0.6091   0.02886   0.01699         0
    51/219     2.47G   0.02106  0.006342         0    0.0274         0       256    0.6965    0.9286    0.9461    0.6804   0.02994   0.01742         0
    52/219     2.47G   0.02271  0.006543         0   0.02926         0       256    0.5977    0.9286    0.9295     0.457   0.03152   0.01817         0
    53/219     2.47G   0.02302  0.006611         0   0.02963         0       256    0.5239    0.9286    0.8676    0.5265   0.03215   0.01796         0
    54/219     2.47G   0.02488  0.006254         0   0.03113         0       256    0.7878    0.9286    0.9322    0.6539   0.02868    0.0173         0
    55/219     2.47G   0.01789  0.005827         0   0.02372         0       256     0.782    0.9286    0.9421    0.6303    0.0289   0.01616         0
    56/219     2.47G   0.02012  0.005939         0   0.02606         0       256    0.5839    0.9286    0.9344    0.5492   0.03053   0.01657         0
    57/219     2.47G   0.02214  0.005976         0   0.02811         0       256      0.62    0.8929    0.9056     0.569   0.02914   0.01719         0
    58/219     2.47G   0.01971  0.005901         0   0.02561         0       256    0.8262    0.8929    0.9225     0.612   0.02905   0.01926         0
    59/219     2.47G   0.01791  0.006081         0   0.02399         0       256    0.7162    0.8929    0.9169    0.5554   0.03051   0.01917         0
    60/219     2.47G   0.02466  0.006185         0   0.03085         0       256    0.8335    0.8929    0.9142    0.6235   0.02917   0.01932         0
    61/219     2.47G   0.02101   0.00588         0   0.02689         0       256    0.8648    0.8929    0.9173     0.642   0.02753   0.02005         0
    62/219     2.47G   0.01617  0.005661         0   0.02183         0       256    0.8943    0.8929    0.9442    0.6871    0.0269   0.01828         0
    63/219     2.47G    0.0194   0.00572         0   0.02512         0       256    0.8537    0.9286    0.9548    0.6833   0.02729   0.01759         0
    64/219     2.47G   0.01852  0.005696         0   0.02422         0       256    0.9003    0.9286     0.947    0.6655   0.02627   0.01768         0
    65/219     2.47G   0.01629  0.005241         0   0.02153         0       256    0.7768    0.9286    0.9257    0.5779   0.02955   0.01822         0
    66/219     2.47G   0.01814  0.005399         0   0.02354         0       256    0.8262    0.9286     0.924     0.633    0.0279   0.01815         0
    67/219     2.47G   0.01882  0.005293         0   0.02411         0       256    0.8666    0.9281    0.9228    0.6463   0.02739   0.01882         0
    68/219     2.47G   0.01595  0.005219         0   0.02117         0       256    0.8426    0.8929    0.9134    0.6585   0.02788   0.01977         0
    69/219     2.47G   0.01537  0.004986         0   0.02035         0       256    0.8281    0.8929    0.9059     0.623   0.02908   0.02065         0
    70/219     2.47G   0.01507  0.004782         0   0.01986         0       256    0.8742    0.8929    0.8973    0.6389   0.02771   0.02053         0
    71/219     2.47G   0.01603  0.004892         0   0.02092         0       256    0.8279    0.8929    0.8956    0.6146   0.02988   0.02102         0
    72/219     2.47G   0.01793  0.005304         0   0.02324         0       256    0.8721    0.8929    0.8997    0.5922   0.03059   0.02109         0
    73/219     2.47G   0.02209    0.0057         0   0.02779         0       256    0.8083    0.8929      0.91    0.5995    0.0287   0.02035         0
    74/219     2.47G   0.01453  0.005131         0   0.01966         0       256    0.8404    0.8929    0.9336    0.6803   0.02735   0.01868         0
    75/219     2.47G   0.01881  0.005433         0   0.02424         0       256     0.774    0.8929    0.9311    0.6713   0.02808   0.01873         0
    76/219     2.47G   0.01825   0.00548         0   0.02373         0       256     0.865    0.9153    0.9409    0.6647   0.02702   0.01872         0
    77/219     2.47G   0.01665  0.005299         0   0.02195         0       256    0.7856    0.9163    0.9352    0.6637   0.02729   0.01899         0
    78/219     2.47G   0.01414  0.004879         0   0.01902         0       256    0.8109    0.9643     0.933    0.6506   0.02749   0.01764         0
    79/219     2.47G   0.01648   0.00508         0   0.02156         0       256    0.6893    0.9643    0.9252     0.645   0.02817   0.01754         0
    80/219     2.47G   0.01869  0.005229         0   0.02392         0       256    0.7517    0.9286    0.9356    0.6474   0.02836   0.01777         0
    81/219     2.47G   0.01546  0.005166         0   0.02063         0       256    0.8988    0.9523    0.9388    0.6814    0.0264   0.01892         0
    82/219     2.47G    0.0145  0.004886         0   0.01939         0       256    0.8856    0.9643    0.9437    0.6927   0.02527   0.01841         0
    83/219     2.47G   0.01334  0.004571         0   0.01792         0       256     0.886    0.9643    0.9414    0.6901   0.02604   0.01875         0
    84/219     2.47G   0.01626  0.004984         0   0.02124         0       256    0.8496    0.9643    0.9493    0.6543   0.02802   0.01843         0
    85/219     2.47G   0.01925  0.005293         0   0.02454         0       256    0.8462    0.9643    0.9491    0.6634   0.02678   0.01875         0
    86/219     2.47G   0.01279  0.004781         0   0.01757         0       256    0.8918    0.9643    0.9558    0.6775   0.02529   0.01863         0
    87/219     2.47G    0.0139  0.004603         0    0.0185         0       256    0.8499    0.9286    0.9525    0.6847   0.02569   0.01883         0
    88/219     2.47G   0.01363  0.004687         0   0.01832         0       256     0.844    0.8929    0.9444    0.6804   0.02671   0.01931         0
    89/219     2.47G   0.01159   0.00427         0   0.01586         0       256    0.8644    0.8929    0.9343    0.6906   0.02653   0.01912         0
    90/219     2.47G   0.01511  0.004492         0    0.0196         0       256    0.8557    0.8929    0.9169    0.6247   0.02727   0.01967         0
    91/219     2.47G   0.01435  0.004669         0   0.01902         0       256    0.8544    0.8929    0.9158    0.6502   0.02643   0.02001         0
    92/219     2.47G   0.01415  0.004642         0   0.01879         0       256    0.8767    0.8929    0.9237    0.6434   0.02651   0.02028         0
    93/219     2.47G   0.01421  0.004737         0   0.01895         0       256    0.8688    0.8929      0.93    0.6607   0.02541   0.01973         0
    94/219     2.47G   0.01097  0.004256         0   0.01522         0       256    0.8374      0.92    0.9397    0.6699   0.02567   0.01878         0
    95/219     2.47G   0.01498  0.004605         0   0.01959         0       256    0.8759    0.9286     0.944    0.6715   0.02566   0.01864         0
    96/219     2.47G   0.01287   0.00438         0   0.01725         0       256     0.898    0.9286    0.9405    0.6379   0.02569   0.01899         0
    97/219     2.47G   0.01135  0.004239         0   0.01559         0       256    0.8666    0.9286    0.9392    0.6641   0.02607    0.0189         0
    98/219     2.47G   0.01162  0.004066         0   0.01569         0       256    0.9034    0.9286    0.9444    0.6525   0.02708    0.0187         0
    99/219     2.47G   0.01473  0.004498         0   0.01923         0       256    0.8383    0.8929    0.9338     0.657   0.02685    0.0188         0
   100/219     2.47G   0.01134  0.004162         0   0.01551         0       256    0.8931    0.8929    0.9354    0.6712   0.02692   0.01884         0
   101/219     2.47G   0.01218  0.004274         0   0.01646         0       256    0.8084    0.8929    0.9386     0.638   0.02794   0.01873         0
   102/219     2.47G   0.01368  0.004453         0   0.01814         0       256    0.8344    0.9001    0.9417    0.6898   0.02602   0.01833         0
   103/219     2.47G   0.01192  0.004083         0     0.016         0       256    0.7927    0.8929    0.9368    0.6628   0.02664   0.01868         0
   104/219     2.47G    0.0136  0.004511         0   0.01811         0       256    0.8626    0.9286     0.947    0.6595   0.02629   0.01878         0
   105/219     2.47G    0.0112  0.004243         0   0.01544         0       256    0.8427    0.9643    0.9533    0.6643   0.02581   0.01898         0
   106/219     2.47G   0.01116  0.004132         0   0.01529         0       256    0.8998    0.9621    0.9553    0.6733   0.02457   0.01836         0
   107/219     2.47G  0.009859  0.003837         0    0.0137         0       256    0.8258    0.9286    0.9501     0.659   0.02518    0.0186         0
   108/219     2.47G   0.01183  0.004211         0   0.01604         0       256    0.8173    0.9286    0.9483    0.6687   0.02521   0.01827         0
   109/219     2.47G   0.01224  0.004117         0   0.01636         0       256    0.8696    0.9533    0.9502    0.7049   0.02518   0.01829         0
   110/219     2.47G   0.01064  0.003883         0   0.01452         0       256    0.8704    0.9594    0.9517    0.7002   0.02474   0.01818         0
   111/219     2.47G   0.01057  0.003906         0   0.01448         0       256    0.8682    0.9415    0.9517    0.6928   0.02519   0.01866         0
   112/219     2.47G   0.01163  0.004032         0   0.01567         0       256    0.8128    0.9307    0.9487    0.6745   0.02594   0.01881         0
   113/219     2.47G   0.01142  0.004044         0   0.01546         0       256    0.8343    0.8929    0.9459    0.6942   0.02564   0.01944         0
   114/219     2.47G  0.009963  0.003682         0   0.01365         0       256    0.8662     0.925    0.9501    0.6903   0.02517   0.01918         0
   115/219     2.47G   0.01001  0.003754         0   0.01376         0       256    0.8114    0.9218    0.9437    0.6719   0.02627    0.0195         0
   116/219     2.47G    0.0126  0.003966         0   0.01657         0       256    0.8369    0.9167    0.9447    0.6711    0.0263   0.01954         0
   117/219     2.47G  0.009688  0.003815         0    0.0135         0       256    0.7516    0.8929    0.9365    0.6568   0.02776   0.01957         0
   118/219     2.47G   0.01151  0.003989         0    0.0155         0       256    0.8447    0.8929    0.9392    0.6802   0.02686   0.01961         0
   119/219     2.47G  0.009478  0.003673         0   0.01315         0       256    0.8096    0.8929    0.9291    0.6559   0.02723   0.01971         0
   120/219     2.47G  0.009502  0.003735         0   0.01324         0       256    0.8048    0.8929    0.9325    0.6657   0.02688   0.01934         0
   121/219     2.47G   0.01058  0.003799         0   0.01438         0       256    0.8427    0.8929    0.9394     0.673   0.02615   0.01931         0
   122/219     2.47G  0.008925  0.003471         0    0.0124         0       256    0.8496    0.8929    0.9392    0.6418   0.02608   0.01936         0
   123/219     2.47G   0.01081  0.003785         0   0.01459         0       256    0.8633    0.8929     0.928    0.6338   0.02677   0.01999         0
   124/219     2.47G   0.01084  0.003955         0    0.0148         0       256    0.7972    0.8929    0.9248    0.6548   0.02702   0.01997         0
   125/219     2.47G  0.009341  0.003685         0   0.01303         0       256    0.8612    0.8929    0.9277    0.6505    0.0262   0.02009         0
   126/219     2.47G  0.009584  0.003647         0   0.01323         0       256    0.8282    0.8929    0.9351    0.6547   0.02525   0.01974         0
   127/219     2.47G  0.009129  0.003523         0   0.01265         0       256    0.8325    0.8929    0.9281    0.6559   0.02513   0.02002         0
   128/219     2.47G  0.009501  0.003504         0   0.01301         0       256    0.8624    0.8951    0.9286    0.6746   0.02512   0.01992         0
   129/219     2.47G  0.009511  0.003576         0   0.01309         0       256    0.8643    0.9098    0.9274    0.6895   0.02583   0.02024         0
   130/219     2.47G  0.009837  0.003584         0   0.01342         0       256    0.8447    0.8929    0.9275    0.6713   0.02554   0.02011         0
   131/219     2.47G  0.008815  0.003486         0    0.0123         0       256    0.8409    0.8929      0.93    0.6782   0.02498   0.02035         0
   132/219     2.47G   0.01019  0.003744         0   0.01394         0       256    0.8525    0.9286    0.9337    0.6864   0.02517   0.01999         0
   133/219     2.47G   0.01127  0.003692         0   0.01497         0       256     0.839    0.9286    0.9379    0.6767   0.02535   0.01966         0
   134/219     2.47G  0.009122  0.003693         0   0.01281         0       256    0.8297    0.9286    0.9458    0.7152   0.02503   0.01927         0
   135/219     2.47G  0.008138  0.003461         0    0.0116         0       256    0.8081    0.9286    0.9388    0.7013   0.02543   0.01928         0
   136/219     2.47G  0.009557  0.003725         0   0.01328         0       256    0.8223    0.9286    0.9388    0.6725   0.02555   0.01908         0
   137/219     2.47G  0.008421  0.003278         0    0.0117         0       256     0.814    0.9286    0.9393    0.6803    0.0257   0.01929         0
   138/219     2.47G   0.00863  0.003345         0   0.01197         0       256    0.8334    0.9286    0.9367    0.6803   0.02501   0.01934         0
   139/219     2.47G  0.008135  0.003216         0   0.01135         0       256    0.8146    0.8929    0.9296     0.659   0.02521   0.01996         0
   140/219     2.47G    0.0089  0.003378         0   0.01228         0       256    0.8039    0.8929    0.9294    0.6765    0.0255   0.02016         0
   141/219     2.47G  0.008489   0.00331         0    0.0118         0       256    0.8939    0.8929    0.9293    0.6596   0.02561   0.02053         0
   142/219     2.47G  0.007401  0.003047         0   0.01045         0       256    0.8503    0.8929    0.9355     0.667   0.02585   0.02024         0
   143/219     2.47G  0.008534  0.003332         0   0.01187         0       256    0.8689    0.8929    0.9279    0.6611   0.02613   0.02064         0
   144/219     2.47G  0.008142  0.003294         0   0.01144         0       256    0.8603    0.8929    0.9337     0.676     0.026   0.02043         0
   145/219     2.47G   0.01013  0.003596         0   0.01373         0       256    0.8558    0.8929    0.9379    0.6844   0.02634   0.02062         0
   146/219     2.47G  0.007028  0.003118         0   0.01015         0       256    0.8634     0.903    0.9435    0.6902   0.02558   0.02026         0
   147/219     2.47G  0.006753   0.00307         0  0.009823         0       256    0.8629    0.8996    0.9381    0.6982   0.02556    0.0205         0
   148/219     2.47G  0.008427  0.003346         0   0.01177         0       256    0.8613    0.9286    0.9411    0.6948   0.02533   0.02029         0
   149/219     2.47G     0.007  0.003047         0   0.01005         0       256    0.8655    0.9286    0.9399    0.6881   0.02474   0.02029         0
   150/219     2.47G  0.006706  0.003007         0  0.009713         0       256    0.8569    0.9286    0.9388     0.681   0.02474   0.02017         0
   151/219     2.47G  0.006848  0.002911         0  0.009759         0       256    0.8561    0.8929    0.9325    0.6661   0.02508   0.02049         0
   152/219     2.47G  0.008495  0.003312         0   0.01181         0       256     0.836    0.8929     0.936    0.6718     0.025   0.02026         0
   153/219     2.47G  0.007683  0.003045         0   0.01073         0       256    0.8435    0.8929    0.9354    0.6557   0.02525   0.02034         0
   154/219     2.47G  0.007902  0.003131         0   0.01103         0       256    0.8654    0.8929    0.9438     0.691   0.02499   0.02006         0
   155/219     2.47G  0.007271  0.003007         0   0.01028         0       256    0.8668    0.8929    0.9424     0.701   0.02468   0.02025         0
   156/219     2.47G  0.006607  0.003003         0   0.00961         0       256    0.8639    0.9068    0.9476    0.7053   0.02415   0.02004         0
   157/219     2.47G  0.007352  0.003185         0   0.01054         0       256    0.8355    0.9286    0.9504    0.6881   0.02448      0.02         0
   158/219     2.47G  0.007322  0.002965         0   0.01029         0       256    0.8536    0.9286    0.9504    0.6629   0.02469   0.01969         0
   159/219     2.47G  0.006107  0.002813         0   0.00892         0       256    0.8641    0.9083    0.9445     0.656   0.02466   0.02023         0
   160/219     2.47G  0.007928  0.003139         0   0.01107         0       256    0.8622    0.8942    0.9438    0.6684   0.02459   0.02012         0
   161/219     2.47G  0.006489  0.002791         0   0.00928         0       256    0.8621    0.8935    0.9438    0.6651   0.02496   0.02019         0
   162/219     2.47G  0.005902  0.002722         0  0.008625         0       256    0.8625    0.8929    0.9445     0.676   0.02486   0.01986         0
   163/219     2.47G    0.0068  0.002909         0  0.009709         0       256    0.8636    0.8929    0.9399     0.667   0.02505   0.02017         0
   164/219     2.47G  0.005494   0.00267         0  0.008164         0       256    0.8632    0.9017     0.944    0.6791     0.025   0.01999         0
   165/219     2.47G   0.00595   0.00271         0  0.008659         0       256    0.8232    0.8929    0.9409    0.6651   0.02503   0.01989         0
   166/219     2.47G  0.006512  0.002747         0  0.009259         0       256    0.8365    0.9139    0.9436      0.68   0.02497   0.01971         0
   167/219     2.47G  0.005838   0.00265         0  0.008488         0       256    0.8237    0.8929    0.9374    0.6764   0.02504   0.02016         0
   168/219     2.47G  0.005668  0.002677         0  0.008345         0       256    0.8887    0.8929    0.9401    0.6808    0.0252   0.02013         0
   169/219     2.47G  0.006703  0.002775         0  0.009478         0       256    0.8367    0.8929    0.9386    0.6729   0.02519   0.02032         0
   170/219     2.47G  0.005284  0.002543         0  0.007826         0       256     0.834    0.8973    0.9407    0.7006   0.02515   0.02017         0
   171/219     2.47G  0.005327  0.002566         0  0.007893         0       256    0.8356    0.8929    0.9369    0.6905   0.02515   0.02077         0
   172/219     2.47G   0.00795  0.003097         0   0.01105         0       256    0.8253    0.8929    0.9382    0.6878   0.02519   0.02063         0
   173/219     2.47G  0.007614  0.002925         0   0.01054         0       256    0.7974    0.8929    0.9388    0.6994   0.02539   0.02038         0
   174/219     2.47G  0.006208  0.002692         0    0.0089         0       256    0.8353    0.9062    0.9444     0.712    0.0251   0.01981         0
   175/219     2.47G  0.006562  0.002774         0  0.009336         0       256    0.7908    0.8929    0.9417    0.7011   0.02526   0.02012         0
   176/219     2.47G  0.006218   0.00291         0  0.009129         0       256     0.838    0.9236    0.9467    0.7002   0.02498    0.0198         0
   177/219     2.47G  0.005773  0.002758         0  0.008532         0       256    0.8383    0.9286    0.9495    0.7064   0.02468   0.01987         0
   178/219     2.47G  0.004865  0.002458         0  0.007323         0       256    0.8501    0.9286    0.9477    0.6787    0.0246   0.01961         0
   179/219     2.47G  0.005091  0.002485         0  0.007576         0       256    0.8453    0.9286    0.9428    0.6916   0.02488   0.02004         0
   180/219     2.47G  0.006021  0.002803         0  0.008824         0       256    0.8559    0.9286     0.944     0.691   0.02507   0.01993         0
   181/219     2.47G   0.00639  0.002682         0  0.009072         0       256    0.8278    0.9286    0.9446     0.683   0.02502      0.02         0
   182/219     2.47G  0.004475  0.002361         0  0.006836         0       256    0.8286    0.9286    0.9431    0.6805   0.02486   0.01975         0
   183/219     2.47G   0.00425  0.002305         0  0.006555         0       256    0.8179    0.9286    0.9419     0.695   0.02501   0.02017         0
   184/219     2.47G  0.005868  0.002611         0  0.008479         0       256    0.8336    0.9286    0.9431    0.6883   0.02474      0.02         0
   185/219     2.47G  0.005051  0.002416         0  0.007466         0       256    0.8294    0.9286    0.9445    0.6795   0.02494    0.0201         0
   186/219     2.47G  0.005164  0.002515         0  0.007679         0       256    0.8567    0.9286    0.9494    0.7048   0.02468   0.01978         0
   187/219     2.47G  0.004947  0.002441         0  0.007388         0       256    0.8067    0.8944    0.9397    0.6932   0.02493   0.02021         0
   188/219     2.47G  0.004995  0.002501         0  0.007496         0       256    0.8296    0.8929    0.9415    0.6764   0.02496   0.02019         0
   189/219     2.47G  0.005362  0.002413         0  0.007775         0       256    0.8296    0.8929    0.9416    0.6639   0.02519   0.02031         0
   190/219     2.47G  0.005138  0.002417         0  0.007555         0       256    0.8244    0.8929    0.9453    0.6607    0.0252   0.02002         0
   191/219     2.47G  0.005512  0.002487         0  0.007999         0       256    0.8544    0.8929    0.9394    0.6764   0.02528   0.02044         0
   192/219     2.47G  0.005309   0.00253         0  0.007838         0       256    0.8649    0.8929    0.9429    0.6787   0.02508   0.02035         0
   193/219     2.47G  0.004458  0.002245         0  0.006703         0       256    0.8757    0.8929    0.9429    0.6685   0.02511   0.02036         0
   194/219     2.47G  0.004944  0.002389         0  0.007333         0       256     0.897    0.8929    0.9485    0.6664    0.0247   0.01998         0
   195/219     2.47G   0.00485  0.002336         0  0.007186         0       256    0.8982    0.8929    0.9382    0.6693   0.02491   0.02035         0
   196/219     2.47G  0.006148  0.002731         0  0.008879         0       256    0.8754    0.8929    0.9443    0.6829   0.02466    0.0202         0
   197/219     2.47G  0.005088  0.002345         0  0.007433         0       256    0.8648    0.8929    0.9429    0.6664   0.02502   0.02031         0
   198/219     2.47G  0.004793  0.002357         0   0.00715         0       256    0.8338     0.896    0.9477    0.6784   0.02488   0.01998         0
   199/219     2.47G  0.004308  0.002239         0  0.006547         0       256    0.8654    0.8929    0.9428    0.6883   0.02517   0.02039         0
   200/219     2.47G  0.006121  0.002655         0  0.008775         0       256    0.8482    0.8929    0.9421    0.6906    0.0252   0.02022         0
   201/219     2.47G  0.004694  0.002321         0  0.007015         0       256    0.8637    0.8929    0.9495    0.6976   0.02527   0.02019         0
   202/219     2.47G  0.004616  0.002234         0   0.00685         0       256    0.8363    0.8929    0.9504    0.6999   0.02529   0.01999         0
   203/219     2.47G  0.004363  0.002214         0  0.006577         0       256    0.8489    0.8929    0.9422    0.7019   0.02535   0.02045         0
   204/219     2.47G  0.005015  0.002458         0  0.007473         0       256    0.8476    0.8929    0.9436    0.6904   0.02522   0.02031         0
   205/219     2.47G  0.004235   0.00219         0  0.006425         0       256     0.864    0.8929    0.9451    0.6841   0.02535    0.0203         0
   206/219     2.47G  0.004325  0.002254         0  0.006579         0       256    0.8339    0.8968    0.9477    0.6919   0.02518   0.02008         0
   207/219     2.47G  0.004255  0.002131         0  0.006386         0       256    0.8651    0.8929    0.9407    0.6837   0.02524   0.02051         0
   208/219     2.47G  0.004313  0.002275         0  0.006589         0       256    0.8651    0.8929    0.9421    0.6807   0.02532   0.02047         0
   209/219     2.47G  0.004703   0.00227         0  0.006973         0       256    0.8645    0.8929    0.9443    0.6763   0.02545   0.02052         0
   210/219     2.47G    0.0039  0.002077         0  0.005977         0       256    0.8634    0.8929     0.946    0.6821   0.02524   0.02032         0
   211/219     2.47G  0.004701  0.002218         0  0.006919         0       256    0.8655    0.8929    0.9415    0.6794   0.02536    0.0207         0
   212/219     2.47G  0.004955  0.002364         0  0.007318         0       256    0.8657    0.8929    0.9416    0.6863   0.02535   0.02057         0
   213/219     2.47G  0.003856  0.002041         0  0.005897         0       256    0.8625    0.8929    0.9428    0.6776   0.02527   0.02053         0
   214/219     2.47G  0.004449  0.002179         0  0.006628         0       256    0.8547    0.8929    0.9451    0.6764   0.02522   0.02021         0
   215/219     2.47G  0.004203  0.002117         0   0.00632         0       256    0.8637    0.8929    0.9421    0.6841   0.02507   0.02057         0
   216/219     2.47G  0.004649  0.002322         0  0.006971         0       256    0.8635    0.8929    0.9495    0.6875   0.02481    0.0203         0
   217/219     2.47G  0.004794  0.002221         0  0.007015         0       256    0.8638    0.8929     0.948    0.6706   0.02485   0.02033         0
   218/219     2.47G  0.004191  0.002072         0  0.006262         0       256    0.8627    0.8977    0.9505     0.687   0.02481   0.02007         0
   219/219     2.47G  0.003775  0.002006         0  0.005782         0       256    0.8666    0.8929    0.9436    0.6716   0.02517   0.02057         0
