     0/219     1.01G   0.09237   0.03103         0    0.1234         0       256         0         0 0.0003081 4.996e-05   0.09742   0.03478         0
     1/219     1.01G   0.07852   0.03294         0    0.1115         0       256         0         0 0.0007607  0.000128   0.08975   0.03612         0
     2/219     1.01G   0.07293   0.03276         0    0.1057         0       256         0         0   0.00619 0.0009124   0.07848   0.03826         0
     3/219     1.01G   0.06425   0.03334         0   0.09759         0       256         0         0   0.05189  0.008558   0.07421   0.03375         0
     4/219     1.01G     0.058   0.02901         0   0.08701         0       256    0.3245    0.2919    0.2689   0.06128   0.06306   0.03139         0
     5/219     1.01G    0.0578   0.02451         0   0.08231         0       256     0.373    0.6071     0.392    0.1845   0.06278   0.02677         0
     6/219     1.01G   0.05578   0.02155         0   0.07733         0       256    0.1309    0.6071    0.1441   0.04271   0.06113   0.02527         0
     7/219     1.01G   0.05694   0.02046         0    0.0774         0       256    0.1668    0.8929     0.425    0.1416   0.06813   0.02241         0
     8/219     1.01G   0.05734   0.01747         0   0.07481         0       256    0.1921    0.6071     0.231   0.05878    0.0665   0.02296         0
     9/219     1.01G   0.05519   0.01934         0   0.07453         0       256     0.122    0.9286     0.516    0.2028   0.06844   0.02106         0
    10/219     1.01G   0.05582   0.01703         0   0.07284         0       256    0.3428    0.8929     0.645    0.3228   0.05346   0.02471         0
    11/219     1.01G   0.05121   0.01696         0   0.06817         0       256    0.1119    0.8571    0.6216    0.2964   0.07312   0.01917         0
    12/219     1.01G    0.0675    0.0172         0    0.0847         0       256    0.6319    0.2456     0.409    0.1261   0.06615   0.02659         0
    13/219     1.02G   0.06199   0.01875         0   0.08075         0       256    0.1601    0.7857    0.2886    0.1097   0.06968   0.02195         0
    14/219     1.02G   0.05636   0.01643         0   0.07279         0       256    0.1618    0.8571    0.3911    0.1268   0.06063   0.02172         0
    15/219     1.02G     0.056   0.01551         0   0.07151         0       256   0.06901    0.8214    0.2307   0.06288   0.07515   0.02418         0
    16/219     1.02G   0.06009   0.01466         0   0.07475         0       256    0.1634    0.9286     0.658    0.2479   0.06088   0.02048         0
    17/219     1.02G   0.05731    0.0162         0   0.07351         0       256   0.07112    0.9643    0.6056    0.2714    0.0637   0.02591         0
    18/219     1.02G   0.04867   0.01767         0   0.06634         0       256    0.2042    0.9286    0.6472    0.2979   0.04894   0.02153         0
    19/219     1.02G   0.04963   0.01398         0    0.0636         0       256    0.1392    0.9286    0.4238    0.1094   0.06466   0.01734         0
    20/219     1.02G   0.05864   0.01284         0   0.07148         0       256    0.1709    0.9286    0.5417     0.243   0.05568   0.02015         0
    21/219     1.02G    0.0474    0.0135         0    0.0609         0       256    0.2127    0.9643    0.6857    0.2727   0.04837    0.0185         0
    22/219     1.02G   0.03708   0.01254         0   0.04962         0       256    0.3009    0.9643    0.9125    0.5014   0.04378   0.01706         0
    23/219     1.02G    0.0364   0.01118         0   0.04758         0       256    0.2414    0.9643    0.5164    0.1763   0.04757   0.01736         0
    24/219     1.02G   0.04217   0.01119         0   0.05335         0       256    0.2614    0.9643    0.7956    0.3834   0.04839   0.01663         0
    25/219     1.02G    0.0399   0.01022         0   0.05012         0       256    0.2573    0.9643    0.6044    0.2404   0.04985   0.01688         0
    26/219     1.02G   0.03822   0.01073         0   0.04894         0       256     0.346    0.9643    0.8356    0.4561    0.0433   0.01672         0
    27/219     1.02G   0.03442  0.009557         0   0.04398         0       256    0.2695    0.9643    0.5622    0.1561   0.04802   0.01633         0
    28/219     1.02G   0.04753   0.01106         0   0.05859         0       256    0.3613    0.8571    0.6334    0.2163   0.05262   0.02427         0
    29/219     1.02G   0.03772   0.01393         0   0.05164         0       256    0.3409    0.9643    0.8435    0.4046   0.04614   0.01954         0
    30/219     1.02G   0.03524   0.01035         0   0.04558         0       256    0.2886    0.9643     0.894    0.5725   0.03945   0.01696         0
    31/219     1.02G   0.03319  0.008784         0   0.04198         0       256    0.4149    0.9643    0.8774    0.4304   0.04071   0.01757         0
    32/219     1.02G   0.03394  0.008932         0   0.04287         0       256    0.3216    0.8929    0.8169    0.3825   0.04317   0.01861         0
    33/219     1.02G   0.03229  0.008416         0    0.0407         0       256    0.5194    0.9286    0.8751    0.5011    0.0394   0.01799         0
    34/219     1.02G   0.02863  0.008072         0    0.0367         0       256    0.3555    0.9286    0.8092    0.4637   0.04194   0.01768         0
    35/219     1.02G   0.02964   0.00799         0   0.03763         0       256    0.4595    0.9286    0.9006    0.5695   0.04053    0.0176         0
    36/219     1.02G   0.03226  0.008251         0   0.04051         0       256    0.4341    0.9286    0.8562    0.4961   0.03587   0.01837         0
    37/219     1.02G   0.03123  0.008036         0   0.03926         0       256    0.3403    0.9286    0.6544    0.3685   0.04142   0.01853         0
    38/219     1.02G   0.03105  0.007869         0   0.03892         0       256    0.5041    0.9643    0.8706    0.4361   0.03632   0.01819         0
    39/219     1.02G   0.02697  0.007563         0   0.03453         0       256    0.4826    0.9329    0.9181    0.5688   0.03766   0.01714         0
    40/219     1.02G   0.03188  0.007356         0   0.03924         0       256    0.4204    0.9643    0.9267    0.4935   0.03793   0.01796         0
    41/219     1.02G   0.03108  0.007978         0   0.03905         0       256    0.5362    0.9286    0.9215    0.5469    0.0372   0.01901         0
    42/219     1.02G   0.02414  0.007307         0   0.03144         0       256    0.5658    0.9286    0.9116    0.6106   0.03275     0.018         0
    43/219     1.02G   0.02602  0.006854         0   0.03287         0       256    0.4917    0.9286    0.9045    0.5542   0.03839   0.01781         0
    44/219     1.02G   0.02936  0.007159         0   0.03652         0       256    0.4845    0.8929    0.8433    0.5725   0.03897   0.01933         0
    45/219     1.02G   0.02418  0.007082         0   0.03126         0       256    0.6944    0.9286     0.906    0.6366   0.03717   0.01956         0
    46/219     1.02G   0.02216  0.006327         0   0.02848         0       256    0.4393    0.9286    0.8477    0.5219   0.03828   0.01826         0
    47/219     1.02G   0.02303   0.00638         0   0.02941         0       256    0.5661    0.9286     0.911    0.5952   0.03693   0.01879         0
    48/219     1.02G    0.0257  0.006763         0   0.03246         0       256     0.623    0.9643    0.9047    0.5794   0.03451   0.01958         0
    49/219     1.02G   0.02339  0.006567         0   0.02996         0       256    0.4747    0.9362    0.8746    0.4277     0.038   0.01988         0
    50/219     1.02G   0.02303   0.00647         0    0.0295         0       256    0.5628    0.9286    0.8779    0.5539   0.03753    0.0198         0
    51/219     1.02G   0.02191  0.006185         0    0.0281         0       256    0.5622    0.9286    0.8957    0.5662   0.03689   0.01969         0
    52/219     1.02G   0.02393  0.006295         0   0.03023         0       256    0.5278    0.8929    0.8989    0.5999   0.03439   0.02005         0
    53/219     1.02G   0.02455  0.006302         0   0.03086         0       256    0.6755    0.8929    0.9084    0.5601   0.03491   0.01992         0
    54/219     1.02G   0.02379  0.006347         0   0.03014         0       256    0.6241    0.9643    0.9241    0.6394    0.0321   0.01853         0
    55/219     1.02G   0.02317  0.006447         0   0.02961         0       256     0.613    0.9643    0.9411    0.5681   0.03358    0.0183         0
    56/219     1.02G   0.02582  0.006773         0   0.03259         0       256    0.6472    0.9643    0.9154     0.569   0.03389   0.01978         0
    57/219     1.02G   0.02133  0.006545         0   0.02787         0       256    0.7122    0.9643    0.9339    0.6328   0.03307   0.02003         0
    58/219     1.02G    0.0182  0.005875         0   0.02408         0       256    0.6187    0.9643      0.93    0.6223   0.03265   0.01922         0
    59/219     1.02G   0.02008  0.005733         0   0.02582         0       256    0.5383    0.9286    0.9049    0.5892   0.03312   0.01998         0
    60/219     1.02G   0.02345  0.006093         0   0.02954         0       256    0.6952    0.9286    0.9087    0.6084   0.03481   0.02117         0
    61/219     1.02G   0.02005  0.006011         0   0.02606         0       256    0.6218    0.9286    0.9147    0.5648   0.03756   0.02089         0
    62/219     1.02G   0.02119  0.006041         0   0.02723         0       256    0.5549    0.9286    0.9065    0.6183   0.03427   0.02053         0
    63/219     1.02G   0.01916  0.005609         0   0.02477         0       256    0.5181    0.8929    0.8855    0.5895   0.03499   0.02094         0
    64/219     1.02G    0.0208  0.005947         0   0.02674         0       256    0.4709    0.8929    0.9054    0.5985   0.03566   0.02172         0
    65/219     1.02G    0.0179    0.0056         0    0.0235         0       256    0.4664    0.8929    0.9146     0.572   0.03434   0.02123         0
    66/219     1.02G   0.01885  0.005575         0   0.02443         0       256    0.5406    0.8929    0.9124    0.6239   0.03182   0.01946         0
    67/219     1.02G   0.01839   0.00561         0     0.024         0       256    0.5283    0.8929    0.8925    0.5421   0.03485   0.02061         0
    68/219     1.02G   0.02142  0.005942         0   0.02736         0       256    0.6237    0.8929    0.8887    0.5675   0.03484   0.02192         0
    69/219     1.02G    0.0164  0.005533         0   0.02193         0       256    0.6042    0.8929    0.8906    0.5921   0.03377   0.02157         0
    70/219     1.02G   0.01771  0.005303         0   0.02301         0       256    0.7431    0.8929    0.9219    0.6897   0.03172   0.01986         0
    71/219     1.02G   0.01559  0.005106         0   0.02069         0       256    0.6395    0.8929    0.9062     0.612   0.03308   0.02055         0
    72/219     1.02G   0.01682  0.005332         0   0.02216         0       256    0.6805    0.8929    0.9072    0.5799   0.03397   0.02124         0
    73/219     1.02G   0.01747  0.005318         0   0.02279         0       256     0.764    0.8929    0.9176    0.6179   0.03542   0.02187         0
    74/219     1.02G   0.01842  0.005384         0    0.0238         0       256    0.7683    0.8929    0.9273    0.6246   0.03316   0.02057         0
    75/219     1.02G   0.01569  0.005175         0   0.02086         0       256    0.6804    0.9286    0.9246    0.6465   0.03278   0.02072         0
    76/219     1.02G   0.01816  0.005487         0   0.02364         0       256    0.6115    0.9286     0.915    0.5648   0.03557   0.02027         0
    77/219     1.02G   0.02004  0.005468         0   0.02551         0       256    0.7576    0.8929    0.9301    0.6268     0.034   0.02102         0
    78/219     1.02G   0.01695  0.005409         0   0.02236         0       256    0.7098    0.8929    0.9211    0.6134   0.03292   0.02165         0
    79/219     1.02G   0.01548  0.005018         0    0.0205         0       256    0.7081    0.8929    0.9133    0.5927   0.03343   0.02229         0
    80/219     1.02G   0.01679  0.005146         0   0.02194         0       256    0.6915    0.8929    0.9025    0.6109   0.03267    0.0228         0
    81/219     1.02G   0.01845  0.005217         0   0.02367         0       256    0.7815    0.8929    0.9015    0.5622   0.03521   0.02403         0
    82/219     1.02G   0.01468  0.004954         0   0.01964         0       256    0.7288    0.8929    0.9015    0.5946    0.0326    0.0239         0
    83/219     1.02G   0.01566  0.004941         0    0.0206         0       256    0.7358    0.8929    0.8935    0.5792   0.03381   0.02342         0
    84/219     1.02G   0.01941  0.005386         0   0.02479         0       256     0.736    0.8929     0.899     0.557   0.03446   0.02321         0
    85/219     1.02G   0.01388  0.004812         0   0.01869         0       256    0.8396    0.8929    0.9074    0.6018   0.03339   0.02283         0
    86/219     1.02G   0.01351  0.004617         0   0.01813         0       256    0.8208    0.9286    0.9217    0.6258   0.03086   0.02017         0
    87/219     1.02G   0.01227  0.004314         0   0.01658         0       256    0.7673    0.8929    0.9149    0.6352   0.03146   0.02005         0
    88/219     1.02G   0.01492  0.004745         0   0.01967         0       256    0.8269    0.8929    0.9113    0.6373   0.03187   0.02046         0
    89/219     1.02G   0.01368  0.004415         0   0.01809         0       256    0.8381    0.8929    0.9152    0.6099    0.0324   0.02108         0
    90/219     1.02G   0.01339  0.004382         0   0.01778         0       256    0.7513    0.8929     0.918    0.6536   0.03231   0.02055         0
    91/219     1.02G   0.01421  0.004517         0   0.01873         0       256    0.7676    0.8929    0.9209     0.603   0.03216   0.02073         0
    92/219     1.02G   0.01539  0.004926         0   0.02031         0       256    0.7385    0.8929     0.921    0.6467   0.03119   0.02092         0
    93/219     1.02G   0.01371  0.004598         0    0.0183         0       256    0.7834    0.9046    0.9227    0.6433    0.0313   0.02129         0
    94/219     1.02G    0.0124  0.004415         0   0.01682         0       256     0.685    0.9286    0.9246    0.6434   0.03176   0.02075         0
    95/219     1.02G    0.0142  0.004456         0   0.01866         0       256    0.7397    0.8929    0.9164    0.6246   0.03151   0.02089         0
    96/219     1.02G   0.01416  0.004699         0   0.01886         0       256    0.7909    0.8929    0.9156    0.6431   0.03192   0.02118         0
    97/219     1.02G   0.01322  0.004429         0   0.01764         0       256    0.7358    0.8951    0.9138    0.6055   0.03264   0.02147         0
    98/219     1.02G   0.01193   0.00415         0   0.01608         0       256    0.7724    0.8929    0.9155     0.626   0.03125   0.02072         0
    99/219     1.02G   0.01147  0.004039         0   0.01551         0       256    0.7179    0.8929    0.9043    0.6374   0.03213   0.02151         0
   100/219     1.02G   0.01319  0.004221         0   0.01741         0       256    0.7434    0.8929    0.8923    0.6135   0.03218   0.02215         0
   101/219     1.02G   0.01238  0.004158         0   0.01654         0       256    0.7618    0.8929     0.894     0.639    0.0333   0.02303         0
   102/219     1.02G   0.01354  0.004356         0    0.0179         0       256    0.7955    0.8929    0.9006     0.621   0.03309    0.0232         0
   103/219     1.02G    0.0134  0.004443         0   0.01785         0       256     0.757    0.8929    0.8979     0.608   0.03457   0.02363         0
   104/219     1.02G   0.01446  0.004724         0   0.01918         0       256    0.8472    0.8929    0.8969    0.6176   0.03373   0.02392         0
   105/219     1.02G   0.01308  0.004399         0   0.01748         0       256    0.8001    0.8929    0.8943    0.6078   0.03356   0.02348         0
   106/219     1.02G   0.01059  0.004021         0   0.01461         0       256    0.7718    0.8929    0.9016    0.6221   0.03212   0.02201         0
   107/219     1.02G   0.01106   0.00399         0   0.01505         0       256    0.7943    0.8929    0.8952    0.6338   0.03249   0.02246         0
   108/219     1.02G   0.01195  0.004036         0   0.01599         0       256    0.7401    0.8929     0.897    0.5977   0.03368    0.0227         0
   109/219     1.02G     0.012  0.004014         0   0.01601         0       256    0.8257    0.8929    0.9031    0.6101   0.03473   0.02341         0
   110/219     1.02G   0.01168  0.003912         0   0.01559         0       256    0.8008    0.8929    0.9102     0.612   0.03297   0.02247         0
   111/219     1.02G   0.01142  0.003992         0   0.01541         0       256     0.823    0.8929     0.907      0.62   0.03424   0.02283         0
   112/219     1.02G   0.01243  0.004363         0   0.01679         0       256    0.7916    0.8929    0.9047     0.614   0.03444   0.02313         0
   113/219     1.02G    0.0117  0.003939         0   0.01563         0       256    0.7343    0.8929     0.911     0.642   0.03417   0.02294         0
   114/219     1.02G   0.01147  0.003868         0   0.01533         0       256     0.766    0.8929    0.9206    0.6414   0.03101   0.02191         0
   115/219     1.02G   0.01039  0.003781         0   0.01418         0       256    0.7586    0.8929    0.9206    0.6417   0.03143   0.02173         0
   116/219     1.02G   0.01229  0.004202         0   0.01649         0       256    0.7241    0.8929    0.9211    0.6117     0.032   0.02135         0
   117/219     1.02G   0.01151  0.003925         0   0.01543         0       256    0.7673    0.8929    0.9184    0.6325   0.03158   0.02187         0
   118/219     1.02G   0.01084  0.003784         0   0.01463         0       256    0.8082    0.8929    0.9208    0.6255   0.03262   0.02181         0
   119/219     1.02G  0.009569   0.00376         0   0.01333         0       256    0.7394    0.8929    0.9155    0.6407   0.03276   0.02183         0
   120/219     1.02G    0.0114  0.004067         0   0.01547         0       256    0.7395    0.8929    0.9209    0.6614   0.03177    0.0215         0
   121/219     1.02G   0.01086  0.003771         0   0.01463         0       256    0.7486    0.8929    0.9216    0.6515    0.0321   0.02159         0
   122/219     1.02G  0.009903  0.003617         0   0.01352         0       256    0.7343    0.9286    0.9294    0.6602   0.03043    0.0209         0
   123/219     1.02G   0.01219   0.00393         0   0.01612         0       256    0.6587    0.8929    0.9113    0.6304   0.03158   0.02162         0
   124/219     1.02G   0.01147  0.003937         0    0.0154         0       256    0.7293    0.8929    0.9123    0.6337   0.03269   0.02204         0
   125/219     1.02G  0.009345   0.00359         0   0.01294         0       256    0.7278    0.8929    0.9197    0.6258   0.03309   0.02223         0
   126/219     1.02G   0.01107   0.00373         0    0.0148         0       256    0.7164    0.9022    0.9235    0.6291   0.03169   0.02156         0
   127/219     1.02G  0.009068  0.003589         0   0.01266         0       256    0.7117    0.8929      0.92    0.6547     0.032    0.0219         0
   128/219     1.02G  0.009629  0.003613         0   0.01324         0       256     0.699    0.8929    0.9224    0.6521   0.03229   0.02244         0
   129/219     1.02G  0.009473  0.003472         0   0.01294         0       256    0.7251    0.8929    0.9206    0.6163    0.0325    0.0222         0
   130/219     1.02G  0.009746  0.003496         0   0.01324         0       256    0.7522    0.9286    0.9236    0.6469   0.03151    0.0219         0
   131/219     1.02G  0.008552  0.003375         0   0.01193         0       256    0.7093    0.8929    0.9175    0.6304   0.03179   0.02248         0
   132/219     1.02G  0.009958  0.003622         0   0.01358         0       256    0.7174    0.8929    0.9154    0.6416   0.03131   0.02252         0
   133/219     1.02G  0.009225  0.003423         0   0.01265         0       256    0.7435    0.8929    0.9162    0.6305   0.03207   0.02295         0
   134/219     1.02G   0.00788  0.003193         0   0.01107         0       256    0.7558    0.8929    0.9183     0.662   0.03135   0.02282         0
   135/219     1.02G  0.008955  0.003303         0   0.01226         0       256    0.7361    0.8929    0.9046    0.6179   0.03257   0.02311         0
   136/219     1.02G   0.01014   0.00355         0   0.01369         0       256    0.7815    0.8929    0.9071     0.632   0.03257    0.0234         0
   137/219     1.02G  0.009185  0.003466         0   0.01265         0       256    0.8018    0.8929    0.9099    0.6563   0.03268   0.02299         0
   138/219     1.02G  0.008746  0.003293         0   0.01204         0       256    0.8031    0.8929    0.9159    0.6403   0.03251   0.02265         0
   139/219     1.02G  0.007726  0.003102         0   0.01083         0       256    0.7547    0.8929    0.9083    0.6296   0.03253   0.02299         0
   140/219     1.02G  0.008799  0.003416         0   0.01222         0       256    0.7331    0.8929    0.9088    0.6151   0.03203   0.02314         0
   141/219     1.02G  0.009163  0.003446         0   0.01261         0       256    0.7438    0.8929    0.9095    0.6258   0.03174   0.02323         0
   142/219     1.02G  0.009387  0.003426         0   0.01281         0       256    0.7619    0.8929    0.9132    0.6083   0.03177   0.02272         0
   143/219     1.02G  0.007516  0.003057         0   0.01057         0       256     0.714    0.8929     0.905    0.6257    0.0323   0.02329         0
   144/219     1.02G  0.009072  0.003433         0    0.0125         0       256    0.7374    0.8929    0.9037    0.6261   0.03305   0.02365         0
   145/219     1.02G  0.008144   0.00314         0   0.01128         0       256    0.7512    0.8929    0.9062    0.6339   0.03306   0.02381         0
   146/219     1.02G  0.007055     0.003         0   0.01005         0       256    0.7546    0.8929    0.9146    0.6437   0.03163   0.02281         0
   147/219     1.02G  0.008398  0.003222         0   0.01162         0       256    0.7268    0.8929    0.9044    0.6388   0.03223   0.02293         0
   148/219     1.02G  0.009763  0.003581         0   0.01334         0       256    0.8179    0.8929    0.9082    0.5953   0.03258   0.02287         0
   149/219     1.02G  0.008062  0.003115         0   0.01118         0       256    0.7794    0.8929    0.9094    0.6205   0.03243   0.02313         0
   150/219     1.02G  0.007964  0.003129         0   0.01109         0       256    0.8509    0.8929    0.9177    0.6233   0.03193   0.02328         0
   151/219     1.02G  0.006812  0.003006         0  0.009818         0       256    0.7947    0.8929    0.9081    0.6242   0.03247   0.02349         0
   152/219     1.02G  0.008841   0.00339         0   0.01223         0       256    0.7711    0.8929    0.9083    0.6047    0.0318    0.0233         0
   153/219     1.02G  0.007209  0.002885         0   0.01009         0       256     0.711    0.8929    0.9047     0.614   0.03217   0.02329         0
   154/219     1.02G  0.007305  0.002857         0   0.01016         0       256    0.7311    0.8929    0.9085    0.6105    0.0321   0.02314         0
   155/219     1.02G  0.006912  0.002863         0  0.009775         0       256    0.7132    0.8929    0.9023    0.6218   0.03275   0.02372         0
   156/219     1.02G  0.007648  0.003025         0   0.01067         0       256    0.7181    0.8929    0.8984    0.6198   0.03292   0.02397         0
   157/219     1.02G  0.006797  0.002761         0  0.009558         0       256     0.696    0.8929    0.9058    0.6251   0.03286    0.0237         0
   158/219     1.02G  0.006375   0.00273         0  0.009105         0       256    0.6842    0.8929    0.9111    0.6318   0.03173     0.023         0
   159/219     1.02G  0.006268  0.002734         0  0.009003         0       256    0.6983    0.8929    0.9045      0.63   0.03249   0.02344         0
   160/219     1.02G  0.008433  0.003217         0   0.01165         0       256    0.7162    0.8929    0.9031    0.6133   0.03271   0.02351         0
   161/219     1.02G  0.007987  0.003027         0   0.01101         0       256    0.7848    0.8929    0.9057    0.6081    0.0329   0.02339         0
   162/219     1.02G  0.006627  0.002772         0  0.009399         0       256    0.7564    0.8929    0.9094    0.6293   0.03224   0.02293         0
   163/219     1.02G  0.006603  0.002881         0  0.009484         0       256    0.8074    0.8929    0.9063    0.6175   0.03295   0.02351         0
   164/219     1.02G  0.006566  0.002853         0   0.00942         0       256    0.7428    0.8929     0.906    0.6262   0.03294   0.02353         0
   165/219     1.02G  0.007148  0.002922         0   0.01007         0       256    0.7314    0.8929    0.9091    0.6344   0.03253    0.0233         0
   166/219     1.02G  0.005992  0.002671         0  0.008663         0       256    0.7128    0.8929    0.9094    0.6204   0.03222    0.0229         0
   167/219     1.02G   0.00713  0.002925         0   0.01005         0       256    0.6927    0.8929    0.9063    0.6326   0.03258    0.0232         0
   168/219     1.02G  0.007177  0.002935         0   0.01011         0       256    0.6983    0.8929     0.903    0.6245   0.03269   0.02335         0
   169/219     1.02G  0.006352  0.002699         0   0.00905         0       256     0.763    0.8929    0.9092    0.6344   0.03229    0.0231         0
   170/219     1.02G  0.005713  0.002568         0  0.008281         0       256    0.7727    0.8929    0.9149    0.6223   0.03193   0.02272         0
   171/219     1.02G  0.005683  0.002541         0  0.008224         0       256    0.7598    0.8929    0.9108    0.6399   0.03225   0.02306         0
   172/219     1.02G  0.004795  0.002425         0  0.007219         0       256     0.718    0.8929    0.9135    0.6392   0.03166   0.02282         0
   173/219     1.02G  0.006564  0.002704         0  0.009268         0       256    0.7131    0.8929    0.9129    0.6315   0.03188   0.02287         0
   174/219     1.02G  0.005312   0.00246         0  0.007771         0       256    0.7556    0.8929    0.9214    0.6446   0.03127   0.02258         0
   175/219     1.02G  0.006236  0.002585         0   0.00882         0       256    0.7316    0.8929    0.9127    0.6296   0.03199   0.02304         0
   176/219     1.02G  0.006771  0.002792         0  0.009562         0       256    0.7335    0.8929    0.9132    0.6341   0.03196   0.02357         0
   177/219     1.02G  0.006459  0.002683         0  0.009141         0       256    0.7772    0.8929     0.911    0.6205   0.03239   0.02366         0
   178/219     1.02G  0.005512  0.002442         0  0.007954         0       256    0.7658    0.8929    0.9182    0.6516   0.03144   0.02316         0
   179/219     1.02G  0.005731  0.002576         0  0.008307         0       256    0.7683    0.8929    0.9106    0.6477   0.03163   0.02347         0
   180/219     1.02G  0.005775  0.002671         0  0.008447         0       256    0.7494    0.8929    0.9095    0.6304   0.03219   0.02346         0
   181/219     1.02G  0.005949  0.002545         0  0.008494         0       256    0.7792    0.8929    0.9086    0.6486   0.03178   0.02348         0
   182/219     1.02G  0.004942  0.002394         0  0.007336         0       256    0.7829    0.8929    0.9107    0.6351   0.03148   0.02326         0
   183/219     1.02G   0.00508  0.002416         0  0.007495         0       256    0.7604    0.8929     0.905    0.6309   0.03244   0.02376         0
   184/219     1.02G  0.006857  0.002848         0  0.009704         0       256    0.7846    0.8929    0.9074    0.6252   0.03261   0.02372         0
   185/219     1.02G   0.00511   0.00234         0  0.007451         0       256    0.7881    0.8929    0.9075     0.629   0.03266   0.02377         0
   186/219     1.02G  0.005404  0.002419         0  0.007823         0       256    0.7723    0.8929    0.9099    0.6371   0.03218   0.02354         0
   187/219     1.02G  0.004601  0.002328         0  0.006929         0       256    0.7716    0.8929    0.9101     0.641    0.0328   0.02379         0
   188/219     1.02G  0.005381  0.002522         0  0.007904         0       256    0.7526    0.8929    0.9115    0.6338   0.03282   0.02375         0
   189/219     1.02G    0.0044  0.002259         0  0.006659         0       256    0.8114    0.8929    0.9137    0.6327   0.03251   0.02357         0
   190/219     1.02G  0.005465  0.002365         0  0.007831         0       256    0.7255    0.8929    0.9152    0.6284   0.03171   0.02292         0
   191/219     1.02G  0.004911  0.002291         0  0.007202         0       256    0.7423    0.8929    0.9121    0.6298   0.03177   0.02316         0
   192/219     1.02G  0.005459  0.002452         0  0.007911         0       256    0.7279    0.8929    0.9128    0.6267   0.03186   0.02308         0
   193/219     1.02G  0.005342  0.002374         0  0.007717         0       256    0.7541    0.8929    0.9124    0.6234   0.03196   0.02318         0
   194/219     1.02G  0.004057  0.002115         0  0.006171         0       256    0.7317    0.8929    0.9134    0.6386   0.03155   0.02307         0
   195/219     1.02G  0.004905  0.002321         0  0.007226         0       256     0.709    0.8929    0.9082    0.6355   0.03203   0.02331         0
   196/219     1.02G  0.005888  0.002557         0  0.008445         0       256    0.7298    0.8929    0.9096    0.6406   0.03203   0.02338         0
   197/219     1.02G   0.00486  0.002261         0  0.007121         0       256    0.7301    0.8929    0.9096    0.6356   0.03192   0.02341         0
   198/219     1.02G  0.004936  0.002288         0  0.007224         0       256     0.737    0.9011    0.9168    0.6348   0.03139   0.02311         0
   199/219     1.02G  0.004482  0.002204         0  0.006686         0       256    0.7291    0.8929    0.9093    0.6359   0.03195    0.0235         0
   200/219     1.02G  0.005497  0.002545         0  0.008042         0       256    0.7531    0.8929    0.9118    0.6389   0.03188   0.02349         0
   201/219     1.02G  0.004557  0.002206         0  0.006763         0       256    0.7442    0.8929    0.9122    0.6417   0.03229   0.02341         0
   202/219     1.02G  0.004205  0.002169         0  0.006374         0       256    0.7592    0.9009    0.9195    0.6435   0.03158   0.02314         0
   203/219     1.02G  0.004646  0.002179         0  0.006825         0       256    0.7196    0.8929    0.9113    0.6394   0.03213   0.02337         0
   204/219     1.02G  0.005291  0.002425         0  0.007716         0       256    0.7534    0.8929    0.9161    0.6438   0.03193   0.02344         0
   205/219     1.02G  0.005346   0.00226         0  0.007606         0       256    0.7523    0.8929    0.9167    0.6504   0.03203   0.02336         0
   206/219     1.02G  0.004152  0.002134         0  0.006287         0       256    0.7564    0.8929    0.9192     0.665   0.03179   0.02313         0
   207/219     1.02G  0.004205  0.002146         0  0.006351         0       256    0.7487    0.8929     0.911     0.656   0.03247   0.02356         0
   208/219     1.02G  0.004767  0.002276         0  0.007043         0       256    0.7342    0.8929    0.9118    0.6558   0.03231   0.02359         0
   209/219     1.02G  0.004468  0.002168         0  0.006636         0       256     0.779    0.8929    0.9146    0.6615   0.03213   0.02352         0
   210/219     1.02G  0.005359  0.002338         0  0.007697         0       256    0.8023    0.8929    0.9172    0.6377   0.03168   0.02314         0
   211/219     1.02G  0.004242   0.00214         0  0.006381         0       256    0.7554    0.8929    0.9117    0.6351   0.03233   0.02356         0
   212/219     1.02G  0.005504  0.002527         0  0.008031         0       256    0.7563    0.8929    0.9109    0.6398   0.03254   0.02373         0
   213/219     1.02G  0.003722  0.001993         0  0.005715         0       256    0.7869    0.8929    0.9139    0.6464   0.03275   0.02396         0
   214/219     1.02G  0.005052  0.002271         0  0.007323         0       256    0.7745    0.8929    0.9174    0.6417   0.03203   0.02354         0
   215/219     1.02G  0.004641  0.002247         0  0.006888         0       256    0.7575    0.8929    0.9114    0.6372   0.03245   0.02382         0
   216/219     1.02G  0.004651   0.00232         0  0.006971         0       256    0.7902    0.8929    0.9111    0.6264   0.03282   0.02382         0
   217/219     1.02G  0.004175  0.002077         0  0.006252         0       256    0.8181    0.8929     0.912     0.628   0.03246   0.02369         0
   218/219     1.02G  0.003935  0.002005         0  0.005939         0       256    0.7694    0.8929    0.9192    0.6248   0.03171   0.02302         0
   219/219     1.02G  0.003892  0.002015         0  0.005907         0       256    0.7891    0.8929    0.9141    0.6345   0.03204   0.02335         0
