     0/219     1.01G   0.09234   0.03103         0    0.1234         0       256         0         0 0.0003377 5.726e-05   0.09862   0.03429         0
     1/219     1.01G   0.07837   0.03304         0    0.1114         0       256         0         0  0.001103 0.0001824   0.08807   0.03622         0
     2/219     1.01G   0.06928   0.03374         0     0.103         0       256         0         0  0.006058  0.001558   0.08067   0.03701         0
     3/219     1.01G   0.06293   0.03288         0   0.09581         0       256         1   0.03571    0.2962   0.05097   0.07322   0.03279         0
     4/219     1.01G    0.0593   0.02731         0   0.08662         0       256    0.4587    0.6357    0.5611    0.1989   0.06063   0.03042         0
     5/219     1.02G   0.05979   0.02354         0   0.08333         0       256    0.4069    0.3571    0.3672    0.0809   0.06699   0.02702         0
     6/219     1.02G    0.0588   0.02144         0   0.08024         0       256    0.2567    0.8635    0.3066    0.1018   0.06444    0.0236         0
     7/219     1.02G   0.06032   0.01819         0    0.0785         0       256    0.1441    0.9261    0.2602    0.1119   0.08179   0.01823         0
     8/219     1.02G   0.06595   0.01675         0    0.0827         0       256      0.46    0.8929     0.649    0.2977   0.06786    0.0221         0
     9/219     1.02G   0.06194   0.01728         0   0.07921         0       256    0.2374    0.8929    0.4383    0.1942    0.0723   0.01891         0
    10/219     1.02G   0.06747   0.01376         0   0.08123         0       256    0.2175    0.8929    0.5171    0.2884   0.06873   0.01813         0
    11/219     1.02G   0.06393   0.01291         0   0.07684         0       256     0.273    0.3214    0.3405    0.1486   0.07995   0.01918         0
    12/219     1.02G   0.06833   0.02026         0   0.08859         0       256    0.5663      0.75    0.7162     0.428   0.07981   0.02229         0
    13/219     1.02G   0.07064   0.01777         0   0.08841         0       256    0.4017    0.6786    0.6157    0.3337   0.07056   0.02121         0
    14/219     1.02G   0.05879   0.01821         0     0.077         0       256    0.2517    0.9286    0.5368    0.2033   0.06412   0.02137         0
    15/219     1.02G   0.06078    0.0154         0   0.07618         0       256    0.3083    0.6429    0.4825    0.1494   0.06622    0.0229         0
    16/219     1.02G   0.06295   0.01931         0   0.08226         0       256    0.1697    0.8929    0.6466    0.2986   0.07908   0.02066         0
    17/219     1.02G   0.06433   0.02191         0   0.08624         0       256    0.4234    0.3571     0.458    0.1557   0.06585   0.03183         0
    18/219     1.02G   0.05377   0.02169         0   0.07546         0       256    0.2787    0.8929    0.5927    0.1811   0.05836   0.02495         0
    19/219     1.02G   0.04999   0.01831         0   0.06829         0       256    0.1591    0.9286    0.2216   0.04209   0.06283   0.02126         0
    20/219     1.02G   0.05279   0.01608         0   0.06887         0       256    0.1523    0.9643    0.7588    0.2028   0.06053   0.01977         0
    21/219     1.02G   0.05683   0.01455         0   0.07138         0       256    0.1807    0.9286    0.7409    0.2018   0.05959   0.01868         0
    22/219     1.02G   0.04932   0.01421         0   0.06353         0       256    0.1781    0.9286    0.6002    0.1547   0.05202   0.01862         0
    23/219     1.02G   0.04193   0.01322         0   0.05515         0       256    0.1664    0.9286    0.5947     0.142   0.05058   0.01767         0
    24/219     1.02G   0.04305   0.01212         0   0.05517         0       256    0.3281    0.9286    0.7151    0.3438   0.05569   0.01752         0
    25/219     1.02G   0.04935   0.01116         0   0.06052         0       256    0.3066    0.9643    0.6997    0.3652   0.04531   0.01843         0
    26/219     1.02G   0.03918    0.0111         0   0.05028         0       256    0.4252    0.9286    0.8046     0.423   0.04345   0.02017         0
    27/219     1.02G   0.03813   0.01103         0   0.04916         0       256    0.3099    0.9286    0.8274    0.3006   0.04166   0.01708         0
    28/219     1.02G    0.0349    0.0104         0    0.0453         0       256    0.3331    0.9286    0.8981     0.552   0.04128   0.01762         0
    29/219     1.02G   0.03423   0.01002         0   0.04426         0       256     0.308    0.9643    0.8162    0.2981   0.04337   0.01598         0
    30/219     1.02G   0.03525   0.01099         0   0.04624         0       256    0.3807    0.9286    0.8235    0.4285   0.03984    0.0164         0
    31/219     1.02G   0.03273  0.009424         0   0.04215         0       256    0.3096    0.9643    0.8092     0.452   0.04308    0.0155         0
    32/219     1.02G   0.03836  0.009875         0   0.04823         0       256    0.4358    0.9643    0.9204    0.5798   0.03495   0.01608         0
    33/219     1.02G   0.03095  0.009078         0   0.04003         0       256    0.3698    0.9643    0.8597    0.4535   0.03839    0.0152         0
    34/219     1.02G   0.02937  0.009014         0   0.03838         0       256    0.4413    0.9643    0.9083    0.5171   0.03957   0.01505         0
    35/219     1.02G   0.03226  0.008673         0   0.04093         0       256    0.4622    0.9286    0.8964    0.5208   0.03609   0.01571         0
    36/219     1.02G   0.02995  0.009098         0   0.03905         0       256    0.4813    0.9286    0.9146    0.4704   0.03501   0.01632         0
    37/219     1.02G   0.03235  0.009039         0   0.04139         0       256    0.4307    0.9643    0.9258     0.568   0.03968    0.0157         0
    38/219     1.02G   0.02994  0.008953         0    0.0389         0       256    0.4373    0.9286    0.9166    0.6356   0.03511   0.01548         0
    39/219     1.02G   0.02626   0.00801         0   0.03427         0       256    0.5749    0.9286    0.9425    0.5694   0.03274   0.01538         0
    40/219     1.02G   0.02564  0.007829         0   0.03347         0       256    0.6218    0.9286     0.939      0.49   0.03906   0.01518         0
    41/219     1.02G   0.02933    0.0082         0   0.03753         0       256    0.5451    0.9286    0.9014    0.5503   0.03678   0.01592         0
    42/219     1.02G   0.02558  0.007182         0   0.03276         0       256    0.6633    0.9286    0.9136    0.6494   0.03523   0.01625         0
    43/219     1.02G    0.0264  0.007411         0   0.03381         0       256    0.7087    0.9286    0.9135    0.5539   0.03834   0.01681         0
    44/219     1.02G   0.02858  0.007702         0   0.03628         0       256    0.6677    0.9286    0.8857    0.5242   0.03727   0.01775         0
    45/219     1.02G   0.02713  0.007282         0   0.03441         0       256    0.8402    0.9286    0.9272    0.6185   0.03394   0.01738         0
    46/219     1.02G   0.02233  0.006838         0   0.02917         0       256    0.6299    0.9286    0.9312     0.661   0.03322   0.01595         0
    47/219     1.02G   0.02235  0.006912         0   0.02926         0       256    0.6139    0.9286    0.9287    0.5797   0.03475   0.01614         0
    48/219     1.02G   0.02475   0.00703         0   0.03178         0       256     0.572    0.9286    0.9323    0.6092   0.03659   0.01631         0
    49/219     1.02G   0.02611  0.007172         0   0.03328         0       256     0.546    0.9286    0.9369    0.6787    0.0348   0.01661         0
    50/219     1.02G   0.02077  0.006824         0   0.02759         0       256     0.626    0.9568     0.944    0.6872   0.03172   0.01573         0
    51/219     1.02G   0.02076  0.006429         0   0.02719         0       256    0.7129    0.9286    0.9385    0.6719    0.0326   0.01596         0
    52/219     1.02G   0.02611  0.006698         0   0.03281         0       256    0.6231    0.9286    0.9271    0.6032   0.03597   0.01669         0
    53/219     1.02G   0.02502  0.007203         0   0.03222         0       256    0.8776    0.9286    0.9379     0.652   0.03307   0.01859         0
    54/219     1.02G   0.02083  0.006504         0   0.02733         0       256    0.6581    0.9286    0.9367    0.6262   0.03126   0.01673         0
    55/219     1.02G   0.02093  0.006243         0   0.02717         0       256    0.5385    0.9286    0.9212    0.5143   0.03449   0.01697         0
    56/219     1.02G   0.02421  0.006865         0   0.03107         0       256    0.6596    0.9286    0.9324    0.6255   0.03131   0.01716         0
    57/219     1.02G   0.02061  0.006418         0   0.02703         0       256    0.7245    0.9286    0.9383      0.65   0.03081   0.01632         0
    58/219     1.02G   0.02127  0.006206         0   0.02748         0       256    0.5716    0.9286    0.9414    0.6745   0.03099   0.01593         0
    59/219     1.02G   0.01942  0.006036         0   0.02545         0       256    0.6058    0.9286     0.938    0.6272   0.03468   0.01661         0
    60/219     1.02G    0.0253  0.006755         0   0.03205         0       256    0.7903    0.9286    0.9362    0.6149   0.03259   0.01683         0
    61/219     1.02G   0.01932  0.006415         0   0.02573         0       256    0.7619    0.9286    0.9337    0.6445   0.03176   0.01733         0
    62/219     1.02G   0.01769  0.005907         0   0.02359         0       256    0.6098    0.9286    0.9332    0.6383   0.03034   0.01676         0
    63/219     1.02G   0.01917  0.005731         0    0.0249         0       256    0.5734    0.9286    0.9285    0.6435   0.03193    0.0166         0
    64/219     1.02G   0.02126   0.00601         0   0.02727         0       256    0.8472    0.9286    0.9305    0.6731   0.03076   0.01695         0
    65/219     1.02G   0.01719  0.005761         0   0.02295         0       256     0.639    0.9286    0.9137    0.6287   0.03621   0.01734         0
    66/219     1.02G   0.02051  0.005609         0   0.02612         0       256    0.8342    0.9286    0.9285    0.6672   0.03081   0.01731         0
    67/219     1.02G   0.01752  0.005764         0   0.02329         0       256    0.8666    0.9286    0.9213    0.5796   0.03159   0.01736         0
    68/219     1.02G   0.02056  0.005886         0   0.02644         0       256    0.7044    0.9286    0.9186    0.6013   0.03298   0.01793         0
    69/219     1.02G   0.02345  0.006221         0   0.02967         0       256    0.8277    0.9286    0.9224    0.6169   0.03323   0.01886         0
    70/219     1.02G    0.0157  0.005687         0   0.02139         0       256    0.8263    0.9286    0.9268    0.6441   0.03128   0.01785         0
    71/219     1.02G   0.01682  0.005483         0    0.0223         0       256    0.7415    0.9286    0.9292    0.6762   0.03072   0.01687         0
    72/219     1.02G   0.01738  0.005439         0   0.02282         0       256    0.6995    0.9286    0.9323    0.6708   0.03073   0.01689         0
    73/219     1.02G   0.01781  0.005441         0   0.02325         0       256     0.717    0.9286    0.9289    0.6564   0.03188   0.01828         0
    74/219     1.02G    0.0146  0.005293         0   0.01989         0       256    0.7486    0.9286    0.9292    0.6758   0.03093   0.01787         0
    75/219     1.02G   0.01566   0.00526         0   0.02092         0       256    0.7573    0.9286    0.9242     0.684    0.0319   0.01826         0
    76/219     1.02G   0.01783  0.005562         0   0.02339         0       256    0.7448    0.9286    0.9316    0.6269   0.03229   0.01843         0
    77/219     1.02G     0.017  0.005334         0   0.02233         0       256     0.804    0.9286    0.9364     0.654   0.03236   0.01854         0
    78/219     1.02G   0.01615  0.005167         0   0.02131         0       256    0.7274    0.9286     0.938     0.609    0.0315   0.01759         0
    79/219     1.02G   0.01684  0.005385         0   0.02222         0       256    0.7941    0.9286     0.942    0.6453   0.03075   0.01743         0
    80/219     1.02G   0.01636  0.005217         0   0.02158         0       256    0.7175    0.9286    0.9358     0.661   0.03107   0.01775         0
    81/219     1.02G    0.0157  0.005057         0   0.02076         0       256    0.7338    0.9286    0.9354    0.6715   0.03204   0.01767         0
    82/219     1.02G   0.01421  0.004926         0   0.01914         0       256    0.7794    0.9286    0.9408    0.6781   0.03016   0.01701         0
    83/219     1.02G   0.01463  0.004883         0   0.01951         0       256    0.7624    0.9286     0.949    0.7033   0.03072    0.0168         0
    84/219     1.02G   0.01511  0.004985         0    0.0201         0       256    0.7917    0.9286    0.9531    0.6805   0.03164   0.01667         0
    85/219     1.02G   0.01723  0.005141         0   0.02237         0       256    0.6905    0.9643    0.9572    0.7285   0.03089   0.01705         0
    86/219     1.02G   0.01387  0.004807         0   0.01868         0       256    0.7116    0.9643    0.9505     0.705    0.0307   0.01697         0
    87/219     1.02G   0.01477  0.004739         0   0.01951         0       256    0.7234     0.934    0.9469    0.6653   0.03137    0.0174         0
    88/219     1.02G   0.01703    0.0051         0   0.02213         0       256    0.8198    0.9286    0.9542    0.6731   0.03076   0.01824         0
    89/219     1.02G   0.01414  0.004776         0   0.01892         0       256    0.8424    0.9286    0.9516    0.6682    0.0312   0.01828         0
    90/219     1.02G   0.01502  0.004952         0   0.01997         0       256    0.8092    0.9286    0.9531     0.693   0.02989   0.01775         0
    91/219     1.02G   0.01521  0.004707         0   0.01992         0       256    0.8692    0.9286    0.9508    0.6592   0.03081   0.01837         0
    92/219     1.02G   0.01317  0.004601         0   0.01777         0       256    0.8442    0.9286    0.9533    0.6835   0.03065   0.01838         0
    93/219     1.02G   0.01267  0.004333         0     0.017         0       256    0.8077    0.9286    0.9459      0.68   0.03201   0.01827         0
    94/219     1.02G   0.01548  0.004694         0   0.02017         0       256    0.8089    0.9286    0.9476      0.69    0.0295   0.01781         0
    95/219     1.02G   0.01168  0.004206         0   0.01589         0       256    0.8159    0.9286    0.9413    0.6687   0.03047    0.0183         0
    96/219     1.02G   0.01486  0.004886         0   0.01974         0       256    0.8521    0.9286    0.9346    0.6716   0.03101   0.01891         0
    97/219     1.02G    0.0138  0.004643         0   0.01844         0       256    0.7999    0.9286    0.9305    0.6435   0.03173   0.01927         0
    98/219     1.02G   0.01231  0.004333         0   0.01664         0       256    0.8185    0.9286    0.9299    0.6936   0.02965   0.01861         0
    99/219     1.02G   0.01106  0.004206         0   0.01527         0       256     0.853    0.9286     0.929    0.6818   0.03027   0.01825         0
   100/219     1.02G   0.01502   0.00479         0   0.01981         0       256    0.8263    0.9286    0.9292    0.6259   0.03107   0.01824         0
   101/219     1.02G   0.01389  0.004633         0   0.01852         0       256    0.7974    0.9286    0.9293    0.6721   0.03025   0.01805         0
   102/219     1.02G    0.0123  0.004428         0   0.01673         0       256    0.8185    0.9286    0.9321    0.6874    0.0293   0.01767         0
   103/219     1.02G   0.01227  0.004299         0   0.01657         0       256    0.7942    0.9286    0.9325    0.6809    0.0308   0.01818         0
   104/219     1.02G   0.01214  0.004418         0   0.01656         0       256     0.782    0.9286    0.9329    0.6876   0.03096   0.01852         0
   105/219     1.02G   0.01236  0.004256         0   0.01661         0       256    0.7795    0.9286    0.9312     0.709   0.03158   0.01833         0
   106/219     1.02G   0.01238  0.004159         0   0.01653         0       256    0.7044    0.9286    0.9299    0.6997   0.02989   0.01817         0
   107/219     1.02G   0.01438   0.00459         0   0.01897         0       256    0.8435    0.9286    0.9298    0.6878   0.03027   0.01812         0
   108/219     1.02G   0.01182  0.004225         0   0.01604         0       256    0.7391    0.9286    0.9318    0.6565   0.03042   0.01823         0
   109/219     1.02G   0.01257  0.004479         0   0.01705         0       256    0.7732    0.9286    0.9396    0.6739   0.03021   0.01818         0
   110/219     1.02G   0.01085   0.00422         0   0.01507         0       256    0.7391    0.9286    0.9419    0.7043   0.02877   0.01768         0
   111/219     1.02G   0.01055  0.004023         0   0.01458         0       256    0.8038    0.9286    0.9459    0.7177    0.0288   0.01756         0
   112/219     1.02G   0.01077  0.004029         0    0.0148         0       256    0.7222    0.9286     0.943    0.6928   0.02984   0.01772         0
   113/219     1.02G   0.01293  0.004265         0   0.01719         0       256    0.7606    0.9286     0.942    0.6778   0.02999   0.01806         0
   114/219     1.02G   0.01085  0.003896         0   0.01474         0       256    0.7312    0.9286    0.9398    0.6742   0.02978   0.01828         0
   115/219     1.02G   0.01056  0.004121         0   0.01468         0       256    0.8187    0.9286    0.9372    0.6976   0.02962   0.01837         0
   116/219     1.02G  0.009976  0.003898         0   0.01387         0       256    0.8185    0.9286     0.937    0.6865   0.02963   0.01848         0
   117/219     1.02G   0.01189  0.004024         0   0.01591         0       256    0.7871    0.9286    0.9366    0.6727   0.03125   0.01853         0
   118/219     1.02G   0.01125  0.003972         0   0.01522         0       256    0.8133    0.9286    0.9381    0.6943   0.02983   0.01798         0
   119/219     1.02G  0.009225  0.003683         0   0.01291         0       256    0.8213    0.9286    0.9383    0.6928   0.02975   0.01787         0
   120/219     1.02G   0.01138  0.004184         0   0.01557         0       256    0.7799    0.9286    0.9388    0.6912   0.02991    0.0176         0
   121/219     1.02G   0.01155  0.003953         0   0.01551         0       256    0.7683    0.9286    0.9374    0.6486   0.02998   0.01776         0
   122/219     1.02G   0.01148  0.004037         0   0.01552         0       256    0.7899    0.9286    0.9356    0.7041   0.02988   0.01802         0
   123/219     1.02G  0.009302  0.003753         0   0.01306         0       256    0.7891    0.9286    0.9326    0.6782   0.03044   0.01823         0
   124/219     1.02G    0.0113  0.004198         0    0.0155         0       256    0.8295    0.9286    0.9363    0.6765   0.02971   0.01809         0
   125/219     1.02G   0.01068  0.003857         0   0.01453         0       256    0.8477    0.9286    0.9398    0.6879   0.02984   0.01777         0
   126/219     1.02G  0.009594  0.003701         0   0.01329         0       256    0.7596    0.9286    0.9432    0.7227   0.02939    0.0175         0
   127/219     1.02G   0.01082  0.003922         0   0.01475         0       256    0.7865    0.9286     0.944    0.6863   0.02987   0.01782         0
   128/219     1.02G   0.01049  0.004021         0   0.01451         0       256    0.7683    0.9286     0.942     0.708   0.03024   0.01818         0
   129/219     1.02G  0.009504  0.003574         0   0.01308         0       256    0.7607    0.9286    0.9396     0.707   0.02967   0.01861         0
   130/219     1.02G   0.01077  0.003726         0    0.0145         0       256    0.8002    0.9286    0.9338    0.7077   0.02997   0.01885         0
   131/219     1.02G  0.008755  0.003521         0   0.01228         0       256    0.7565    0.9286    0.9327    0.6732   0.03031   0.01905         0
   132/219     1.02G  0.009034  0.003568         0    0.0126         0       256    0.7981    0.9286    0.9316    0.6895   0.03072   0.01902         0
   133/219     1.02G   0.01069  0.003837         0   0.01453         0       256    0.7767    0.9286    0.9332    0.6937   0.03071   0.01895         0
   134/219     1.02G  0.008141  0.003423         0   0.01156         0       256    0.8228    0.9286    0.9332    0.6907   0.02953   0.01858         0
   135/219     1.02G  0.009161   0.00349         0   0.01265         0       256    0.8435    0.9286    0.9335    0.6934   0.02943    0.0187         0
   136/219     1.02G  0.009954  0.003679         0   0.01363         0       256    0.8076    0.9286     0.935    0.6927   0.02997   0.01891         0
   137/219     1.02G  0.007577  0.003358         0   0.01093         0       256    0.7565    0.9286    0.9374    0.7031   0.03085   0.01875         0
   138/219     1.02G  0.008259   0.00331         0   0.01157         0       256    0.7882    0.9286    0.9385    0.6967   0.03002    0.0185         0
   139/219     1.02G  0.007504  0.003233         0   0.01074         0       256    0.7555    0.9286    0.9372    0.7026   0.02953   0.01865         0
   140/219     1.02G   0.01046  0.003683         0   0.01415         0       256    0.7754    0.9286    0.9374    0.6972    0.0294   0.01859         0
   141/219     1.02G  0.008802  0.003495         0    0.0123         0       256    0.7735    0.9286    0.9378    0.7062   0.02983   0.01867         0
   142/219     1.02G  0.008333  0.003266         0    0.0116         0       256    0.8087    0.9286    0.9351    0.7055   0.02982   0.01871         0
   143/219     1.02G  0.007681  0.003186         0   0.01087         0       256    0.8406    0.9286    0.9329    0.6881   0.03066   0.01908         0
   144/219     1.02G  0.008875  0.003416         0   0.01229         0       256    0.8581    0.9286    0.9322    0.6983   0.03006   0.01895         0
   145/219     1.02G  0.009101  0.003404         0   0.01251         0       256     0.828    0.9286    0.9322     0.681   0.03044   0.01889         0
   146/219     1.02G  0.007507  0.003147         0   0.01065         0       256    0.8235    0.9286    0.9322    0.6763   0.03029   0.01844         0
   147/219     1.02G  0.006936  0.003062         0  0.009998         0       256    0.7786    0.9286    0.9315    0.6951    0.0302   0.01854         0
   148/219     1.02G  0.007813  0.003367         0   0.01118         0       256    0.7803    0.9286    0.9331     0.693   0.03001   0.01834         0
   149/219     1.02G  0.007655  0.003047         0    0.0107         0       256    0.7832    0.9286    0.9363    0.6942   0.03001   0.01834         0
   150/219     1.02G  0.007597   0.00308         0   0.01068         0       256     0.755    0.9286    0.9374    0.6972   0.03002   0.01814         0
   151/219     1.02G   0.00764  0.003209         0   0.01085         0       256    0.8075    0.9286    0.9356    0.6828   0.03018   0.01854         0
   152/219     1.02G  0.007987  0.003253         0   0.01124         0       256    0.8125    0.9286    0.9359    0.6961      0.03   0.01868         0
   153/219     1.02G  0.007794  0.003197         0   0.01099         0       256    0.7651    0.9286    0.9388    0.6932   0.03005   0.01878         0
   154/219     1.02G  0.006296  0.002907         0  0.009204         0       256    0.7548    0.9286    0.9407    0.7036   0.02991   0.01859         0
   155/219     1.02G  0.006667  0.002897         0  0.009564         0       256    0.7513    0.9286    0.9388    0.6926   0.03002   0.01874         0
   156/219     1.02G  0.008078  0.003265         0   0.01134         0       256    0.7763    0.9286    0.9398    0.7021   0.02995   0.01865         0
   157/219     1.02G  0.006855  0.002888         0  0.009744         0       256    0.7601    0.9286    0.9404    0.6954   0.02989   0.01868         0
   158/219     1.02G   0.00715  0.002991         0   0.01014         0       256    0.7763    0.9286    0.9368    0.7081   0.02998   0.01852         0
   159/219     1.02G  0.007584   0.00309         0   0.01067         0       256     0.769    0.9286     0.935    0.7127   0.03026   0.01876         0
   160/219     1.02G  0.007784  0.003268         0   0.01105         0       256    0.7773    0.9286    0.9348    0.7022   0.03045   0.01892         0
   161/219     1.02G  0.006655  0.002988         0  0.009644         0       256    0.8163    0.9286     0.935    0.7041   0.02996   0.01914         0
   162/219     1.02G  0.006238  0.002812         0   0.00905         0       256    0.7908    0.9286    0.9345    0.6857   0.02986   0.01912         0
   163/219     1.02G  0.006051  0.002782         0  0.008833         0       256     0.761    0.9286    0.9321    0.6872   0.03016   0.01931         0
   164/219     1.02G  0.007564  0.003126         0   0.01069         0       256    0.7559    0.9286    0.9329    0.6976   0.02985   0.01906         0
   165/219     1.02G  0.006097  0.002749         0  0.008847         0       256    0.7535    0.9286    0.9354     0.675   0.03029   0.01883         0
   166/219     1.02G  0.006168  0.002747         0  0.008915         0       256    0.7766    0.9286    0.9344    0.7039   0.03005   0.01871         0
   167/219     1.02G   0.00575  0.002695         0  0.008446         0       256    0.7826    0.9286    0.9328    0.6942   0.03028   0.01893         0
   168/219     1.02G  0.006493  0.002781         0  0.009274         0       256     0.775    0.9286    0.9331    0.6925   0.03041   0.01894         0
   169/219     1.02G  0.006581  0.002795         0  0.009376         0       256    0.7915    0.9286    0.9338     0.694   0.03048   0.01884         0
   170/219     1.02G  0.006615  0.002811         0  0.009425         0       256    0.8231    0.9286     0.935    0.6824    0.0298   0.01855         0
   171/219     1.02G  0.005057  0.002495         0  0.007553         0       256    0.8175    0.9286    0.9344    0.6853   0.02991    0.0187         0
   172/219     1.02G  0.006227  0.002848         0  0.009075         0       256    0.7755    0.9286    0.9331    0.6947   0.02987   0.01871         0
   173/219     1.02G  0.006243  0.002727         0   0.00897         0       256    0.7847    0.9286     0.934    0.6965   0.03031   0.01869         0
   174/219     1.02G  0.005553  0.002584         0  0.008137         0       256    0.7955    0.9286    0.9338    0.6863   0.02982   0.01878         0
   175/219     1.02G  0.006086  0.002689         0  0.008775         0       256    0.7933    0.9286    0.9325    0.6843   0.03012   0.01897         0
   176/219     1.02G  0.007441  0.002969         0   0.01041         0       256    0.8163    0.9286    0.9321    0.6731    0.0302   0.01915         0
   177/219     1.02G  0.005946    0.0027         0  0.008646         0       256     0.823    0.9286    0.9328    0.6907   0.03017   0.01901         0
   178/219     1.02G  0.005412  0.002521         0  0.007933         0       256    0.8201    0.9286    0.9327     0.702   0.03008   0.01881         0
   179/219     1.02G  0.005509  0.002559         0  0.008068         0       256     0.795    0.9286    0.9322    0.7084   0.03037   0.01889         0
   180/219     1.02G  0.006385  0.002848         0  0.009233         0       256    0.8161    0.9286    0.9321    0.6906   0.03009   0.01875         0
   181/219     1.02G  0.006551   0.00281         0  0.009361         0       256    0.7931    0.9286    0.9338    0.6966   0.03012   0.01868         0
   182/219     1.02G  0.005169  0.002521         0   0.00769         0       256    0.7903    0.9286    0.9355     0.697   0.02966   0.01857         0
   183/219     1.02G   0.00528  0.002582         0  0.007862         0       256    0.7728    0.9286    0.9338    0.7045   0.02976   0.01872         0
   184/219     1.02G  0.007773  0.003146         0   0.01092         0       256    0.7805    0.9286    0.9353    0.7073   0.02983   0.01879         0
   185/219     1.02G   0.00515  0.002494         0  0.007644         0       256    0.7629    0.9286    0.9368    0.6946   0.03003   0.01883         0
   186/219     1.02G  0.004621  0.002455         0  0.007077         0       256    0.7732    0.9286    0.9387    0.6985   0.02966   0.01868         0
   187/219     1.02G  0.006432  0.002826         0  0.009258         0       256    0.7693    0.9286    0.9357    0.6902   0.03006   0.01881         0
   188/219     1.02G  0.005329  0.002626         0  0.007954         0       256    0.7676    0.9286    0.9357    0.6853    0.0304   0.01885         0
   189/219     1.02G    0.0055  0.002602         0  0.008101         0       256    0.7654    0.9286    0.9357    0.6986    0.0301   0.01888         0
   190/219     1.02G  0.005164  0.002506         0   0.00767         0       256    0.8111    0.9286    0.9361    0.6881   0.02977   0.01887         0
   191/219     1.02G  0.005299  0.002455         0  0.007754         0       256    0.7875    0.9286    0.9335    0.6989   0.03001   0.01917         0
   192/219     1.02G  0.004473  0.002365         0  0.006838         0       256     0.769    0.9286     0.934     0.689   0.02987   0.01906         0
   193/219     1.02G  0.004651  0.002376         0  0.007027         0       256    0.7425    0.9286    0.9348    0.6883   0.03025   0.01903         0
   194/219     1.02G  0.004969  0.002429         0  0.007398         0       256    0.7552    0.9286    0.9344     0.685   0.03001   0.01893         0
   195/219     1.02G  0.005031  0.002389         0   0.00742         0       256     0.757    0.9286     0.933    0.6916   0.03039   0.01922         0
   196/219     1.02G  0.004822  0.002472         0  0.007294         0       256    0.7797    0.9286    0.9328     0.692   0.03044   0.01932         0
   197/219     1.02G  0.004877  0.002366         0  0.007243         0       256    0.7488    0.9286    0.9335    0.7038   0.03016   0.01913         0
   198/219     1.02G  0.004152  0.002214         0  0.006366         0       256    0.7608    0.9286     0.933    0.6923   0.03015   0.01895         0
   199/219     1.02G  0.004662   0.00238         0  0.007042         0       256    0.7589    0.9286    0.9321    0.6735   0.03037   0.01916         0
   200/219     1.02G  0.005417  0.002544         0  0.007961         0       256    0.7798    0.9286    0.9327    0.6878   0.03032   0.01909         0
   201/219     1.02G   0.00485  0.002364         0  0.007214         0       256    0.7575    0.9286    0.9333    0.6849   0.03025   0.01906         0
   202/219     1.02G   0.00399  0.002153         0  0.006144         0       256    0.8047    0.9286    0.9334    0.6831   0.03017   0.01901         0
   203/219     1.02G  0.005282  0.002432         0  0.007715         0       256    0.7589    0.9286    0.9324    0.6915   0.03032   0.01917         0
   204/219     1.02G   0.00603  0.002667         0  0.008697         0       256    0.7407    0.9286    0.9319    0.6938   0.03033   0.01926         0
   205/219     1.02G  0.004368  0.002226         0  0.006594         0       256    0.7678    0.9286     0.933    0.7062   0.03028   0.01913         0
   206/219     1.02G  0.003928  0.002147         0  0.006075         0       256    0.7663    0.9286    0.9328    0.7011   0.03019   0.01902         0
   207/219     1.02G  0.004888  0.002364         0  0.007253         0       256    0.7869    0.9286    0.9318     0.693   0.03004   0.01923         0
   208/219     1.02G   0.00541  0.002579         0  0.007989         0       256    0.7639    0.9286    0.9325     0.676    0.0301   0.01919         0
   209/219     1.02G  0.004495  0.002247         0  0.006742         0       256    0.7645    0.9286    0.9337    0.6825   0.03021   0.01904         0
   210/219     1.02G  0.004236  0.002225         0  0.006461         0       256    0.7208    0.9286    0.9337    0.6685   0.03014   0.01889         0
   211/219     1.02G  0.004403  0.002235         0  0.006639         0       256    0.7643    0.9286    0.9328    0.6828   0.03016   0.01913         0
   212/219     1.02G  0.004933  0.002383         0  0.007317         0       256    0.7708    0.9286    0.9332    0.6988   0.03035    0.0192         0
   213/219     1.02G  0.004629   0.00223         0  0.006859         0       256    0.7674    0.9286    0.9335    0.6982   0.03008   0.01917         0
   214/219     1.02G  0.004488  0.002204         0  0.006691         0       256    0.7889    0.9286    0.9331    0.6882   0.02998   0.01909         0
   215/219     1.02G  0.004331  0.002231         0  0.006563         0       256    0.7728    0.9286    0.9321    0.6719   0.03047   0.01924         0
   216/219     1.02G  0.005247  0.002486         0  0.007733         0       256    0.7918    0.9286     0.933    0.6861   0.03076   0.01925         0
   217/219     1.02G  0.004474  0.002301         0  0.006775         0       256    0.7515    0.9286    0.9337    0.6823   0.03041   0.01911         0
   218/219     1.02G  0.004395  0.002179         0  0.006574         0       256    0.7688    0.9286     0.934    0.7055   0.03024   0.01896         0
   219/219     1.02G  0.004564  0.002232         0  0.006796         0       256    0.7499    0.9286    0.9332    0.6966   0.03052   0.01917         0
