     0/219     2.47G   0.08936   0.03256         0    0.1219         0       256         0         0  0.000161 2.472e-05   0.09785   0.03545         0
     1/219     2.47G    0.0767   0.03406         0    0.1108         0       256         0         0  0.001876  0.000299   0.08856   0.03646         0
     2/219     2.47G   0.07013   0.03412         0    0.1042         0       256         0         0  0.009858   0.00198   0.08123   0.03745         0
     3/219     2.47G   0.06292   0.03452         0   0.09744         0       256         0         0   0.08139   0.01495   0.06858   0.03818         0
     4/219     2.47G   0.05482   0.03179         0   0.08661         0       256    0.4174    0.6786    0.6073    0.1601   0.06521   0.03205         0
     5/219     2.47G   0.05922   0.02467         0    0.0839         0       256    0.5398    0.7122    0.6551    0.2572   0.05583   0.02968         0
     6/219     2.47G   0.05542   0.02207         0   0.07749         0       256    0.3093    0.7143    0.4285   0.07487   0.05862   0.02553         0
     7/219     2.47G   0.05789   0.01951         0   0.07741         0       256     0.224    0.7143    0.2834    0.1321   0.07065   0.02206         0
     8/219     2.47G   0.05987   0.01643         0    0.0763         0       256    0.1563    0.8214    0.3117    0.1821   0.07159   0.01949         0
     9/219     2.47G   0.06798   0.01451         0   0.08248         0       256    0.4667    0.4643    0.4852    0.1733   0.06836   0.02601         0
    10/219     2.47G   0.05685   0.01855         0    0.0754         0       256   0.08845    0.9643    0.5107    0.2264   0.06536   0.02027         0
    11/219     2.47G   0.05619   0.01678         0   0.07298         0       256    0.2247    0.7857    0.3293    0.1597   0.06045   0.02303         0
    12/219     2.47G   0.05646   0.01518         0   0.07164         0       256     0.165    0.7857    0.5297      0.28   0.07098   0.01884         0
    13/219     2.47G   0.06371   0.01285         0   0.07655         0       256     0.229      0.75     0.444    0.2142   0.06686   0.01872         0
    14/219     2.47G   0.05825   0.01352         0   0.07177         0       256    0.2297    0.8929     0.475    0.1107   0.06468   0.02266         0
    15/219     2.47G   0.05111   0.01514         0   0.06625         0       256    0.1731    0.8929    0.3014   0.05413   0.06036   0.01873         0
    16/219     2.47G   0.06161   0.01468         0   0.07629         0       256    0.2345    0.8214    0.5776    0.1387   0.06365   0.01996         0
    17/219     2.47G   0.06036   0.01289         0   0.07324         0       256    0.1878    0.7857    0.3487    0.1095   0.05991   0.02158         0
    18/219     2.47G   0.05049   0.01332         0    0.0638         0       256    0.2719    0.9286    0.5699     0.316   0.05265   0.01723         0
    19/219     2.47G   0.04547   0.01182         0   0.05729         0       256    0.1642    0.9643    0.5454    0.1203   0.05664   0.01592         0
    20/219     2.47G   0.05415   0.01211         0   0.06626         0       256    0.1848    0.9643    0.7226    0.2708   0.04817   0.01853         0
    21/219     2.47G   0.04577   0.01409         0   0.05986         0       256    0.2231    0.9643    0.7175    0.3217   0.04872   0.01787         0
    22/219     2.47G   0.04315   0.01219         0   0.05534         0       256    0.2454    0.8929    0.7028    0.2989   0.04365   0.01746         0
    23/219     2.47G    0.0389   0.01079         0   0.04969         0       256     0.204    0.8571    0.7038    0.3283   0.05101   0.01877         0
    24/219     2.47G   0.04514   0.01042         0   0.05555         0       256     0.424    0.8929    0.7287    0.2028   0.04899    0.0199         0
    25/219     2.47G   0.04067   0.01203         0   0.05271         0       256    0.3491    0.9286    0.7633    0.3704   0.04791   0.01808         0
    26/219     2.47G   0.03598   0.01075         0   0.04674         0       256    0.3076    0.9286    0.7139    0.3316   0.04198   0.01668         0
    27/219     2.47G   0.03645  0.009137         0   0.04558         0       256    0.3352    0.9286    0.6954    0.2774   0.04288   0.01883         0
    28/219     2.47G   0.03643   0.00936         0   0.04579         0       256    0.4135    0.9286    0.7542    0.4546   0.03982    0.0173         0
    29/219     2.47G   0.03384  0.008873         0   0.04271         0       256    0.3798    0.9286    0.8324    0.4187   0.04088   0.01645         0
    30/219     2.47G   0.03344  0.009111         0   0.04255         0       256    0.7238    0.9286    0.9426    0.5301   0.03317   0.01718         0
    31/219     2.47G   0.02816  0.009173         0   0.03734         0       256    0.5603    0.9286     0.913    0.5903   0.03647    0.0177         0
    32/219     2.47G   0.03059  0.008752         0   0.03934         0       256    0.4747    0.9643    0.8335    0.4273    0.0329   0.01569         0
    33/219     2.47G   0.03069  0.007991         0   0.03868         0       256    0.3423    0.9643    0.8095    0.4321   0.04222   0.01543         0
    34/219     2.47G   0.03361  0.008838         0   0.04245         0       256    0.6855    0.9643    0.9611    0.6207   0.03324   0.01609         0
    35/219     2.47G   0.02836  0.008405         0   0.03677         0       256    0.5328    0.9643     0.952    0.4772   0.03653   0.01574         0
    36/219     2.47G   0.03241  0.008625         0   0.04103         0       256    0.5235    0.9643    0.9601    0.6023   0.03322   0.01588         0
    37/219     2.47G   0.02521  0.007743         0   0.03295         0       256    0.6535    0.9286    0.9494     0.624   0.03161   0.01593         0
    38/219     2.47G    0.0243  0.007132         0   0.03143         0       256    0.5819    0.9643    0.9551    0.6805   0.03373   0.01432         0
    39/219     2.47G   0.02977  0.007305         0   0.03707         0       256    0.4748    0.9643    0.9264    0.5991   0.03675   0.01514         0
    40/219     2.47G   0.02876  0.007988         0   0.03675         0       256    0.5393    0.9643    0.9316    0.6227   0.03169    0.0173         0
    41/219     2.47G   0.02327  0.007573         0   0.03084         0       256    0.6235    0.9286    0.9403    0.6601   0.03115   0.01622         0
    42/219     2.47G   0.02502  0.006989         0   0.03201         0       256    0.5607    0.9286    0.9313    0.6362    0.0312   0.01572         0
    43/219     2.47G   0.02234  0.006877         0   0.02922         0       256    0.6669    0.9286    0.9423    0.6047   0.03184   0.01573         0
    44/219     2.47G   0.02447  0.007033         0    0.0315         0       256    0.7808    0.9286    0.9383    0.6455   0.03236    0.0168         0
    45/219     2.47G   0.02445  0.006986         0   0.03144         0       256    0.6193    0.9286    0.9109    0.5665   0.03498   0.01788         0
    46/219     2.47G   0.02601  0.006961         0   0.03297         0       256    0.8145    0.9286    0.9139     0.589   0.03213   0.01821         0
    47/219     2.47G   0.02223  0.007004         0   0.02924         0       256    0.6696    0.9643    0.9303     0.624   0.02881    0.0162         0
    48/219     2.47G   0.02252  0.006449         0   0.02897         0       256    0.5594    0.9643     0.919    0.5961   0.03277   0.01713         0
    49/219     2.47G   0.02461  0.007051         0   0.03167         0       256    0.8069    0.9286    0.9165      0.59   0.03178   0.01866         0
    50/219     2.47G   0.02056  0.006646         0    0.0272         0       256    0.8518    0.9286    0.9304    0.6672   0.03031     0.018         0
    51/219     2.47G   0.02215   0.00633         0   0.02848         0       256    0.8181    0.9286    0.9076    0.5337   0.03251   0.01828         0
    52/219     2.47G   0.02367  0.006954         0   0.03062         0       256    0.6691    0.9286    0.8992    0.5381   0.03246   0.01885         0
    53/219     2.47G   0.02426   0.00738         0   0.03164         0       256    0.6714    0.9643    0.9153    0.6239   0.03045   0.01764         0
    54/219     2.47G   0.01973  0.007032         0   0.02676         0       256    0.1741    0.9286    0.6802    0.4949   0.03096   0.02378         0
    55/219     2.47G   0.02153  0.007065         0    0.0286         0       256    0.5417    0.9286    0.9095    0.5794   0.03031   0.01957         0
    56/219     2.47G   0.02475  0.006999         0   0.03175         0       256    0.5291    0.9643    0.8651      0.56    0.0346   0.02175         0
    57/219     2.47G   0.02313  0.007203         0   0.03033         0       256    0.7716    0.9643    0.9455     0.666   0.03073   0.01857         0
    58/219     2.47G   0.02159  0.006266         0   0.02786         0       256    0.6313    0.9643    0.9462    0.6252   0.03218   0.01743         0
    59/219     2.47G   0.02125  0.006221         0   0.02747         0       256    0.6218    0.9643    0.9003    0.5215   0.03482   0.01941         0
    60/219     2.47G   0.02493   0.00721         0   0.03214         0       256    0.6942    0.9643     0.941    0.5967   0.03229   0.01964         0
    61/219     2.47G   0.01982  0.006252         0   0.02607         0       256    0.6121    0.9643    0.9571    0.6574   0.02882   0.01672         0
    62/219     2.47G   0.01791  0.005945         0   0.02385         0       256    0.6674    0.9643    0.9571    0.6357   0.02968   0.01673         0
    63/219     2.47G   0.01965  0.005899         0   0.02555         0       256    0.6809    0.9643    0.9511    0.6058   0.02921   0.01729         0
    64/219     2.47G   0.01974  0.005814         0   0.02555         0       256    0.7152    0.9643    0.9508      0.63   0.02966   0.01741         0
    65/219     2.47G    0.0188  0.005654         0   0.02446         0       256    0.7723    0.9643    0.9339    0.5944   0.03015    0.0179         0
    66/219     2.47G   0.01936  0.005639         0   0.02499         0       256    0.7295    0.9643    0.9251    0.5755   0.02915   0.01939         0
    67/219     2.47G    0.0195  0.005739         0   0.02524         0       256    0.6479    0.9643    0.9288    0.6366   0.02948   0.01947         0
    68/219     2.47G   0.01892  0.005534         0   0.02446         0       256    0.6699    0.9643    0.9277    0.6401    0.0308   0.01944         0
    69/219     2.47G   0.01727  0.005498         0   0.02276         0       256    0.7095    0.9643    0.9262    0.6108    0.0291   0.01866         0
    70/219     2.47G   0.01621  0.005191         0    0.0214         0       256    0.6931    0.9643    0.9379    0.6158   0.02913   0.01784         0
    71/219     2.47G   0.01707  0.005117         0   0.02219         0       256    0.7136    0.9286     0.927    0.6213   0.03046   0.01884         0
    72/219     2.47G    0.0179  0.005534         0   0.02343         0       256    0.7951    0.9286    0.9256    0.6583    0.0304   0.02058         0
    73/219     2.47G   0.01781  0.005545         0   0.02335         0       256    0.8434    0.9286    0.9221    0.6418   0.03038   0.02175         0
    74/219     2.47G   0.01388  0.004922         0    0.0188         0       256    0.6876    0.9643    0.9365    0.6061   0.02981    0.0185         0
    75/219     2.47G   0.01678  0.004974         0   0.02175         0       256    0.6747    0.9643    0.9234    0.6062   0.03121   0.01833         0
    76/219     2.47G   0.01885  0.005654         0   0.02451         0       256    0.7543    0.9286    0.9299    0.6184   0.03024   0.01905         0
    77/219     2.47G   0.01814  0.005225         0   0.02337         0       256    0.7359    0.9286     0.932     0.634   0.03043   0.01941         0
    78/219     2.47G    0.0164  0.005202         0   0.02161         0       256    0.7348    0.9643    0.9384    0.6604   0.02852   0.01904         0
    79/219     2.47G   0.01595  0.004993         0   0.02095         0       256    0.7004    0.9643    0.9366    0.6765   0.02804   0.01848         0
    80/219     2.47G   0.01549  0.004929         0   0.02042         0       256    0.7136    0.9643    0.9373     0.674   0.02765   0.01836         0
    81/219     2.47G   0.01335  0.004726         0   0.01808         0       256    0.7208    0.9643    0.9381    0.6357   0.02926   0.01866         0
    82/219     2.47G   0.01529  0.004779         0   0.02007         0       256    0.7561    0.9643    0.9339    0.6523   0.02877   0.01857         0
    83/219     2.47G   0.01415  0.004727         0   0.01888         0       256    0.6873    0.9286    0.9204    0.6453   0.02986   0.01895         0
    84/219     2.47G   0.01533   0.00487         0    0.0202         0       256    0.7578    0.9286    0.9193    0.6193   0.02959   0.01915         0
    85/219     2.47G     0.016  0.005001         0     0.021         0       256    0.7684    0.9286      0.92     0.615   0.02893   0.01912         0
    86/219     2.47G    0.0145  0.004808         0   0.01931         0       256    0.7573    0.9286    0.9339    0.6572   0.02912   0.01822         0
    87/219     2.47G   0.01406  0.004606         0   0.01866         0       256    0.7665    0.9286     0.933    0.6292   0.02926   0.01801         0
    88/219     2.47G   0.01375  0.004672         0   0.01842         0       256     0.677    0.9286     0.939    0.6599   0.02927   0.01816         0
    89/219     2.47G   0.01488  0.004712         0    0.0196         0       256    0.6775    0.9286    0.9358    0.6356   0.02862   0.01826         0
    90/219     2.47G   0.01292  0.004433         0   0.01735         0       256    0.7108    0.9286    0.9389    0.6545   0.02738   0.01794         0
    91/219     2.47G   0.01289  0.004365         0   0.01725         0       256    0.7067    0.9286    0.9344    0.6155   0.02917   0.01822         0
    92/219     2.47G   0.01705   0.00507         0   0.02212         0       256    0.7197    0.9286    0.9335    0.6517    0.0289   0.01837         0
    93/219     2.47G   0.01311  0.004583         0   0.01769         0       256    0.7642    0.9286    0.9311    0.6459   0.02832    0.0196         0
    94/219     2.47G   0.01096  0.004251         0   0.01521         0       256    0.7242    0.9643    0.9425    0.6375   0.02785   0.01853         0
    95/219     2.47G   0.01429  0.004575         0   0.01887         0       256    0.6924    0.9643    0.9433    0.5977   0.02841   0.01893         0
    96/219     2.47G   0.01579  0.004727         0   0.02052         0       256    0.7788    0.9643    0.9439    0.6488   0.02761   0.01872         0
    97/219     2.47G   0.01294  0.004409         0   0.01735         0       256    0.7728    0.9286    0.9398    0.6191   0.02805   0.01933         0
    98/219     2.47G   0.01193  0.004428         0   0.01636         0       256    0.7908    0.9643    0.9426    0.6623   0.02701   0.01913         0
    99/219     2.47G   0.01185  0.004151         0     0.016         0       256    0.7694    0.9286    0.9329    0.6564   0.02854   0.01884         0
   100/219     2.47G   0.01692  0.004784         0   0.02171         0       256    0.7778    0.9286    0.9336    0.6561     0.028   0.01887         0
   101/219     2.47G   0.01301  0.004382         0   0.01739         0       256    0.8178    0.9286    0.9258    0.6543   0.02853    0.0197         0
   102/219     2.47G   0.01267  0.004328         0     0.017         0       256    0.8136    0.9286    0.9375    0.6863   0.02732   0.01872         0
   103/219     2.47G   0.01113  0.004068         0   0.01519         0       256       0.8    0.9286    0.9282    0.6328   0.02772   0.01868         0
   104/219     2.47G   0.01257  0.004303         0   0.01687         0       256    0.8094    0.9286    0.9301     0.627   0.02756   0.01913         0
   105/219     2.47G   0.01096  0.003922         0   0.01489         0       256    0.7747    0.9286    0.9249    0.6359   0.02851   0.01928         0
   106/219     2.47G   0.01063  0.003861         0   0.01449         0       256    0.8155    0.9286    0.9337    0.6219   0.02785   0.01924         0
   107/219     2.47G   0.01316  0.004128         0   0.01729         0       256     0.792    0.9286    0.9279    0.6298   0.02899   0.01959         0
   108/219     2.47G   0.01439  0.004668         0   0.01906         0       256     0.824    0.9286    0.9279     0.641   0.02876   0.01994         0
   109/219     2.47G   0.01083  0.004045         0   0.01488         0       256    0.8036    0.9286    0.9331     0.654   0.02779   0.01929         0
   110/219     2.47G   0.01128  0.004016         0    0.0153         0       256    0.8033    0.9643    0.9374     0.645   0.02754   0.01851         0
   111/219     2.47G   0.01208  0.004079         0   0.01616         0       256    0.7919    0.9643    0.9361    0.6736   0.02812   0.01857         0
   112/219     2.47G   0.01309  0.004229         0   0.01732         0       256     0.784    0.9643     0.933    0.6482   0.02777   0.01876         0
   113/219     2.47G   0.01124  0.004037         0   0.01528         0       256    0.7995    0.9643    0.9304    0.6261   0.02839   0.01957         0
   114/219     2.47G   0.01047  0.003846         0   0.01432         0       256    0.7794    0.9643    0.9266    0.6382   0.02781   0.01943         0
   115/219     2.47G   0.01086  0.003887         0   0.01474         0       256    0.7944    0.9643    0.9281    0.6396   0.02802   0.01932         0
   116/219     2.47G   0.01212  0.004051         0   0.01617         0       256    0.7725    0.9643    0.9281    0.6392   0.02779   0.01939         0
   117/219     2.47G   0.01282  0.004155         0   0.01697         0       256    0.7803    0.9643    0.9325    0.6581   0.02859   0.01967         0
   118/219     2.47G   0.01048  0.003915         0   0.01439         0       256    0.8212    0.9643    0.9303    0.6642   0.02727   0.01986         0
   119/219     2.47G  0.009826   0.00375         0   0.01358         0       256    0.8057    0.9286     0.924    0.6349    0.0284    0.0202         0
   120/219     2.47G   0.01163  0.004143         0   0.01577         0       256    0.7916    0.9286    0.9251    0.6507   0.02799   0.02021         0
   121/219     2.47G   0.01079  0.003838         0   0.01462         0       256    0.8106    0.9286    0.9268    0.6558   0.02788   0.01986         0
   122/219     2.47G   0.01158  0.003971         0   0.01556         0       256    0.7711    0.9643    0.9366     0.643   0.02799   0.01927         0
   123/219     2.47G   0.00965   0.00374         0   0.01339         0       256    0.7954    0.9643     0.934    0.6593   0.02818   0.01917         0
   124/219     2.47G   0.01089  0.003939         0   0.01483         0       256    0.7816    0.9643    0.9374    0.6631   0.02792    0.0189         0
   125/219     2.47G   0.01042  0.003767         0   0.01419         0       256    0.7936    0.9613    0.9339    0.6446   0.02778   0.01898         0
   126/219     2.47G  0.009773  0.003615         0   0.01339         0       256    0.7725    0.9643    0.9332    0.6556   0.02708   0.01881         0
   127/219     2.47G  0.008515  0.003446         0   0.01196         0       256    0.7668    0.9643    0.9359    0.6813   0.02717   0.01863         0
   128/219     2.47G  0.009761  0.003672         0   0.01343         0       256    0.7221    0.9643    0.9334    0.6648     0.027   0.01882         0
   129/219     2.47G  0.008159  0.003311         0   0.01147         0       256     0.738    0.9286     0.929    0.6528   0.02706   0.01904         0
   130/219     2.47G  0.009506  0.003416         0   0.01292         0       256    0.7469    0.9286     0.929    0.6551   0.02735   0.01919         0
   131/219     2.47G  0.008412   0.00341         0   0.01182         0       256    0.7814    0.9286    0.9195    0.6376   0.02811   0.01964         0
   132/219     2.47G  0.009257  0.003568         0   0.01283         0       256    0.7899    0.9286    0.9194    0.6442     0.028   0.02012         0
   133/219     2.47G  0.008195  0.003258         0   0.01145         0       256    0.8163    0.9286    0.9207    0.6431   0.02795    0.0202         0
   134/219     2.47G  0.008306  0.003237         0   0.01154         0       256    0.7641    0.9286     0.932    0.6677   0.02798   0.01934         0
   135/219     2.47G  0.008313   0.00324         0   0.01155         0       256    0.7723    0.9286    0.9301    0.6614   0.02775   0.01955         0
   136/219     2.47G  0.009648  0.003464         0   0.01311         0       256    0.7802    0.9286    0.9313    0.6669   0.02723   0.01946         0
   137/219     2.47G  0.008231  0.003189         0   0.01142         0       256    0.7839    0.9286    0.9283    0.6749    0.0271    0.0197         0
   138/219     2.47G  0.007167  0.003066         0   0.01023         0       256    0.7784    0.9643     0.931    0.6732   0.02652   0.01927         0
   139/219     2.47G  0.007774  0.003147         0   0.01092         0       256    0.7839    0.9286    0.9291    0.6701   0.02664   0.01944         0
   140/219     2.47G  0.008786  0.003302         0   0.01209         0       256    0.7902    0.9417    0.9322    0.6742   0.02666   0.01928         0
   141/219     2.47G   0.00881  0.003332         0   0.01214         0       256      0.79    0.9286    0.9359    0.6553   0.02684   0.01947         0
   142/219     2.47G  0.009009  0.003306         0   0.01232         0       256    0.7907    0.9643    0.9356    0.6714   0.02643   0.01953         0
   143/219     2.47G  0.006859   0.00305         0  0.009909         0       256    0.7768    0.9286    0.9342    0.6657    0.0266   0.01982         0
   144/219     2.47G  0.008505  0.003254         0   0.01176         0       256    0.7686    0.9286    0.9306    0.6668   0.02698   0.01982         0
   145/219     2.47G  0.008549  0.003169         0   0.01172         0       256     0.789    0.9286    0.9266    0.6653   0.02716    0.0201         0
   146/219     2.47G  0.008371  0.003141         0   0.01151         0       256    0.7889    0.9286    0.9335    0.6695   0.02678   0.01985         0
   147/219     2.47G  0.007557  0.003095         0   0.01065         0       256    0.7905    0.9286    0.9247    0.6662   0.02652   0.01989         0
   148/219     2.47G  0.008361  0.003296         0   0.01166         0       256     0.796    0.9286    0.9261    0.6538   0.02673   0.01958         0
   149/219     2.47G   0.00784   0.00307         0   0.01091         0       256    0.7932    0.9286    0.9282     0.666   0.02666   0.01982         0
   150/219     2.47G  0.006371  0.002812         0  0.009183         0       256    0.7673    0.9286    0.9359    0.6764    0.0268   0.01975         0
   151/219     2.47G  0.007627  0.003053         0   0.01068         0       256    0.7527    0.9286    0.9297    0.6642   0.02708   0.01994         0
   152/219     2.47G  0.007494  0.003051         0   0.01054         0       256    0.7355    0.9286    0.9306    0.6767   0.02673   0.02003         0
   153/219     2.47G  0.006684  0.002804         0  0.009488         0       256    0.7379    0.9286     0.927     0.667   0.02687   0.02023         0
   154/219     2.47G  0.006417  0.002726         0  0.009143         0       256    0.7473    0.9643    0.9371    0.6594   0.02701   0.02015         0
   155/219     2.47G  0.007592  0.002896         0   0.01049         0       256     0.719    0.9286    0.9285    0.6725   0.02733   0.02041         0
   156/219     2.47G  0.008603  0.003165         0   0.01177         0       256    0.7574    0.9286    0.9283    0.6568    0.0273   0.02042         0
   157/219     2.47G  0.007135  0.002902         0   0.01004         0       256    0.7883    0.9286    0.9208    0.6523   0.02751   0.02065         0
   158/219     2.47G  0.007333  0.002902         0   0.01024         0       256     0.814    0.9286    0.9305    0.6516   0.02706      0.02         0
   159/219     2.47G  0.005881  0.002654         0  0.008535         0       256    0.8152    0.9286     0.926    0.6513   0.02729   0.02017         0
   160/219     2.47G  0.007513  0.003038         0   0.01055         0       256    0.7937    0.9286    0.9277    0.6596   0.02744   0.01996         0
   161/219     2.47G  0.007088  0.002826         0  0.009914         0       256    0.7938    0.9286    0.9237    0.6541   0.02699   0.02005         0
   162/219     2.47G  0.005851  0.002595         0  0.008447         0       256    0.7795    0.9286     0.933    0.6544   0.02686   0.01993         0
   163/219     2.47G  0.006722  0.002725         0  0.009448         0       256    0.7921    0.9286     0.922    0.6522   0.02719   0.02026         0
   164/219     2.47G  0.007073   0.00295         0   0.01002         0       256    0.7946    0.9286    0.9202     0.648   0.02739   0.02064         0
   165/219     2.47G  0.006322  0.002738         0   0.00906         0       256    0.7975    0.9286    0.9197     0.657    0.0274   0.02093         0
   166/219     2.47G  0.006767   0.00273         0  0.009496         0       256    0.7764    0.9286    0.9241    0.6575   0.02719   0.02065         0
   167/219     2.47G  0.005522  0.002587         0  0.008108         0       256    0.7875    0.9286    0.9222    0.6669   0.02723    0.0206         0
   168/219     2.47G   0.00591  0.002752         0  0.008663         0       256    0.7606    0.9286     0.925    0.6635   0.02692   0.02026         0
   169/219     2.47G  0.006361  0.002666         0  0.009027         0       256    0.7569    0.9286    0.9221    0.6519   0.02726   0.02024         0
   170/219     2.47G  0.005992  0.002577         0  0.008569         0       256    0.7523    0.9286    0.9321    0.6526   0.02732   0.01993         0
   171/219     2.47G  0.005425  0.002459         0  0.007883         0       256    0.7715    0.9286    0.9236    0.6467   0.02731   0.02006         0
   172/219     2.47G  0.006273  0.002716         0  0.008989         0       256     0.753    0.9286    0.9258    0.6511   0.02702   0.02011         0
   173/219     2.47G  0.005648  0.002515         0  0.008163         0       256    0.7734    0.9286    0.9237    0.6662   0.02701   0.02036         0
   174/219     2.47G  0.005534  0.002457         0   0.00799         0       256    0.7707    0.9286    0.9304    0.6658   0.02688    0.0202         0
   175/219     2.47G  0.005225  0.002405         0   0.00763         0       256    0.7775    0.9286    0.9213    0.6521   0.02705   0.02034         0
   176/219     2.47G  0.005496  0.002491         0  0.007987         0       256    0.7748    0.9286    0.9232    0.6626   0.02686   0.02035         0
   177/219     2.47G  0.005871  0.002568         0  0.008439         0       256    0.7669    0.9286    0.9235    0.6675   0.02668   0.02031         0
   178/219     2.47G  0.004867  0.002326         0  0.007193         0       256    0.7633    0.9286    0.9315    0.6695   0.02676    0.0201         0
   179/219     2.47G  0.005678   0.00254         0  0.008218         0       256    0.7409    0.9286    0.9214    0.6572   0.02689   0.02029         0
   180/219     2.47G  0.006467  0.002684         0  0.009151         0       256    0.7522    0.9286    0.9221    0.6614   0.02652   0.02029         0
   181/219     2.47G  0.004564  0.002241         0  0.006805         0       256    0.7713    0.9286    0.9236    0.6509   0.02664   0.02028         0
   182/219     2.47G  0.006184  0.002606         0   0.00879         0       256    0.7663    0.9369    0.9394    0.6692   0.02625   0.01995         0
   183/219     2.47G  0.005981  0.002447         0  0.008428         0       256    0.7809    0.9286    0.9316    0.6784   0.02667   0.02026         0
   184/219     2.47G  0.005299  0.002513         0  0.007811         0       256    0.7753    0.9286      0.94    0.6848   0.02643   0.02008         0
   185/219     2.47G  0.004828    0.0023         0  0.007128         0       256    0.7509    0.9286    0.9377    0.6696   0.02686   0.02013         0
   186/219     2.47G  0.005689  0.002459         0  0.008148         0       256    0.7711    0.9643    0.9416    0.6907   0.02639   0.01988         0
   187/219     2.47G  0.004604  0.002293         0  0.006897         0       256    0.7775    0.9286    0.9363    0.6707   0.02661   0.02006         0
   188/219     2.47G  0.005589  0.002557         0  0.008146         0       256    0.7453    0.9286      0.94    0.6627    0.0265   0.02013         0
   189/219     2.47G  0.006131   0.00254         0  0.008671         0       256    0.7372    0.9286    0.9351    0.6619   0.02685   0.02019         0
   190/219     2.47G  0.004626  0.002182         0  0.006809         0       256    0.7676    0.9439     0.943    0.6688   0.02649   0.02003         0
   191/219     2.47G  0.005037  0.002265         0  0.007302         0       256    0.7807    0.9286    0.9298    0.6658   0.02675   0.02029         0
   192/219     2.47G  0.005235  0.002385         0   0.00762         0       256     0.774    0.9286    0.9333    0.6759   0.02676   0.02031         0
   193/219     2.47G  0.005001  0.002329         0   0.00733         0       256    0.7554    0.9286    0.9296    0.6808   0.02696    0.0204         0
   194/219     2.47G   0.00501  0.002274         0  0.007284         0       256    0.7683    0.9286    0.9365    0.6647   0.02687   0.02023         0
   195/219     2.47G   0.00459  0.002196         0  0.006785         0       256    0.7779    0.9286    0.9256    0.6579   0.02722   0.02046         0
   196/219     2.47G  0.004808  0.002324         0  0.007132         0       256    0.7531    0.9286    0.9314    0.6709   0.02705   0.02047         0
   197/219     2.47G  0.004277   0.00214         0  0.006417         0       256    0.7503    0.9286    0.9288    0.6637   0.02697   0.02055         0
   198/219     2.47G  0.004371  0.002111         0  0.006482         0       256    0.7696    0.9286    0.9333    0.6584   0.02686    0.0204         0
   199/219     2.47G  0.004508  0.002176         0  0.006684         0       256    0.7771    0.9286    0.9236    0.6529   0.02722   0.02053         0
   200/219     2.47G  0.005469  0.002497         0  0.007966         0       256    0.7829    0.9286    0.9256    0.6537   0.02726    0.0206         0
   201/219     2.47G   0.00471  0.002151         0  0.006861         0       256    0.7856    0.9286    0.9256    0.6649   0.02723   0.02073         0
   202/219     2.47G  0.004186  0.002103         0  0.006289         0       256    0.7734    0.9286    0.9333     0.667   0.02676   0.02057         0
   203/219     2.47G  0.003813  0.002001         0  0.005815         0       256     0.783    0.9286    0.9235     0.659   0.02705   0.02081         0
   204/219     2.47G   0.00481  0.002295         0  0.007105         0       256    0.7839    0.9286    0.9267    0.6531   0.02688    0.0208         0
   205/219     2.47G  0.005173  0.002187         0   0.00736         0       256    0.7933    0.9286     0.924    0.6464   0.02688   0.02084         0
   206/219     2.47G   0.00419  0.002062         0  0.006252         0       256    0.7921    0.9286    0.9351    0.6612   0.02678   0.02062         0
   207/219     2.47G  0.005152  0.002264         0  0.007416         0       256    0.7989    0.9286    0.9233    0.6472   0.02728   0.02082         0
   208/219     2.47G  0.004531  0.002213         0  0.006744         0       256       0.8    0.9286    0.9269    0.6674   0.02713   0.02068         0
   209/219     2.47G  0.005166  0.002267         0  0.007434         0       256    0.7981    0.9286    0.9278    0.6552     0.027   0.02061         0
   210/219     2.47G  0.004323  0.002086         0  0.006409         0       256    0.7843    0.9286    0.9337     0.674   0.02699    0.0204         0
   211/219     2.47G   0.00433  0.002131         0  0.006461         0       256    0.7915    0.9286    0.9231    0.6581   0.02726   0.02054         0
   212/219     2.47G  0.004521  0.002199         0   0.00672         0       256    0.7869    0.9286    0.9278    0.6618   0.02689   0.02055         0
   213/219     2.47G  0.005034  0.002224         0  0.007257         0       256    0.7626    0.9286     0.926    0.6696   0.02659   0.02066         0
   214/219     2.47G   0.00465  0.002136         0  0.006786         0       256    0.7752    0.9286     0.937    0.6712   0.02649   0.02036         0
   215/219     2.47G  0.004239  0.002046         0  0.006286         0       256    0.7905    0.9286    0.9232     0.655   0.02702   0.02054         0
   216/219     2.47G  0.004633   0.00225         0  0.006883         0       256    0.7884    0.9286    0.9271    0.6573   0.02709   0.02051         0
   217/219     2.47G   0.00377  0.001945         0  0.005714         0       256    0.7868    0.9286    0.9248    0.6521   0.02709   0.02058         0
   218/219     2.47G  0.005068  0.002232         0    0.0073         0       256    0.7751    0.9286    0.9298    0.6531   0.02691   0.02049         0
   219/219     2.47G  0.003573  0.001924         0  0.005497         0       256    0.7889    0.9286    0.9218     0.662   0.02704    0.0207         0
