     0/219     1.52G    0.0887   0.03183         0    0.1205         0       256         0         0 0.0003572 4.703e-05   0.09445   0.03613         0
     1/219     1.53G   0.07592   0.03408         0      0.11         0       256         0         0 0.0003393 6.482e-05   0.08758   0.03797         0
     2/219     1.53G   0.06833   0.03498         0    0.1033         0       256         0         0   0.00638   0.00222   0.07833   0.03831         0
     3/219     1.53G   0.06176   0.03419         0   0.09595         0       256         0         0   0.04467   0.01312    0.0703    0.0373         0
     4/219     1.53G   0.05596   0.03075         0   0.08671         0       256    0.2734    0.6048    0.2973   0.05813   0.06903   0.03049         0
     5/219     1.53G   0.05567   0.02542         0   0.08109         0       256    0.2297    0.8214    0.4023    0.1575   0.06214   0.02751         0
     6/219     1.53G   0.05835    0.0212         0   0.07955         0       256    0.2688      0.75    0.5823     0.279   0.06126    0.0246         0
     7/219     1.53G   0.05853   0.01919         0   0.07772         0       256      0.38    0.7143    0.3676    0.1534   0.06742    0.0241         0
     8/219     1.53G   0.05771    0.0187         0   0.07641         0       256    0.2168    0.8929    0.4203     0.156   0.06282   0.02095         0
     9/219     1.53G   0.05757   0.01595         0   0.07352         0       256    0.2275    0.7857    0.3397   0.09112   0.05906   0.02186         0
    10/219     1.53G   0.05514   0.01692         0   0.07206         0       256    0.1048    0.9286    0.2781    0.1011   0.06402   0.01964         0
    11/219     1.53G    0.0544   0.01469         0   0.06909         0       256    0.1434    0.8214    0.2499   0.08317   0.07389   0.01844         0
    12/219     1.53G   0.06585   0.01569         0   0.08154         0       256     0.322    0.8214     0.396    0.1518   0.06468    0.0222         0
    13/219     1.53G   0.06154   0.01468         0   0.07623         0       256    0.2141    0.8571    0.4821    0.2062   0.06891   0.02082         0
    14/219     1.53G   0.06124   0.01583         0   0.07707         0       256      0.13    0.8929    0.5906    0.2254   0.06129   0.02112         0
    15/219     1.53G   0.06344   0.01335         0   0.07679         0       256    0.1235    0.8929    0.2812   0.07265   0.07489   0.01795         0
    16/219     1.53G   0.06192   0.01412         0   0.07604         0       256      0.19    0.8929    0.7056    0.3069   0.06234   0.02023         0
    17/219     1.53G    0.0542    0.0144         0    0.0686         0       256    0.1933    0.8929    0.5983    0.2519   0.06087   0.01832         0
    18/219     1.53G   0.05357   0.01157         0   0.06514         0       256    0.2825    0.8214    0.7265    0.3078   0.05947     0.019         0
    19/219     1.53G   0.05158   0.01285         0   0.06443         0       256    0.1353    0.8929    0.1454    0.0435   0.06898   0.01788         0
    20/219     1.53G   0.05808   0.01622         0   0.07431         0       256     0.249    0.9286     0.767    0.3512   0.05209   0.02304         0
    21/219     1.53G   0.04537    0.0165         0   0.06187         0       256    0.1495    0.9286    0.5095   0.09198   0.05332   0.02086         0
    22/219     1.53G   0.04701   0.01301         0   0.06002         0       256    0.3116    0.8571    0.7029    0.3472   0.04441   0.02259         0
    23/219     1.53G   0.03832    0.0126         0   0.05092         0       256    0.1956    0.9643    0.7318    0.3648   0.04678   0.01901         0
    24/219     1.53G   0.04416   0.01159         0   0.05575         0       256    0.2371    0.8571     0.568    0.1951    0.0511   0.01923         0
    25/219     1.53G   0.04174    0.0107         0   0.05244         0       256    0.2822    0.8929    0.6428    0.3157   0.04612   0.02089         0
    26/219     1.53G   0.03797  0.009735         0   0.04771         0       256    0.3192    0.8929    0.8411    0.4295    0.0404   0.01847         0
    27/219     1.53G   0.03402  0.009078         0    0.0431         0       256    0.2898    0.9286    0.6353    0.2629   0.04706    0.0175         0
    28/219     1.53G   0.04466  0.009527         0   0.05418         0       256    0.4081    0.8929    0.6644    0.3114   0.04003   0.02103         0
    29/219     1.53G   0.03336    0.0113         0   0.04466         0       256    0.3317    0.9643    0.8529    0.5139   0.03724   0.01815         0
    30/219     1.53G   0.03298  0.009812         0   0.04279         0       256    0.3572    0.9643     0.831     0.391   0.03712   0.01837         0
    31/219     1.53G     0.029  0.009447         0   0.03845         0       256    0.4985    0.8929    0.8879     0.509   0.03534    0.0186         0
    32/219     1.53G   0.02873  0.008299         0   0.03703         0       256    0.4201    0.8929    0.7677    0.4383   0.04157   0.01922         0
    33/219     1.53G   0.03073  0.008169         0    0.0389         0       256    0.4033    0.8571    0.8104     0.509   0.04235   0.02194         0
    34/219     1.53G   0.02842  0.007728         0   0.03615         0       256    0.5249    0.8929    0.8574    0.5276   0.03416   0.01846         0
    35/219     1.53G   0.02669  0.008194         0   0.03488         0       256    0.4319    0.8929    0.7929    0.3903   0.03765   0.01849         0
    36/219     1.53G   0.03027  0.008224         0   0.03849         0       256    0.4433    0.8929    0.8051    0.4377    0.0379   0.01874         0
    37/219     1.53G   0.03091  0.008043         0   0.03895         0       256    0.5174    0.8929     0.878    0.5295   0.03627   0.01866         0
    38/219     1.53G   0.02868  0.007682         0   0.03636         0       256    0.4892    0.8929    0.8712    0.5178   0.03387   0.01927         0
    39/219     1.53G   0.02324  0.007672         0   0.03091         0       256    0.3987    0.8929    0.8501    0.4638   0.03482   0.01843         0
    40/219     1.53G   0.02845   0.00746         0   0.03591         0       256    0.5371    0.8929    0.8413    0.5498   0.03323   0.01875         0
    41/219     1.53G   0.02514  0.007238         0   0.03238         0       256    0.5998    0.8929    0.8873    0.5715   0.03422   0.01932         0
    42/219     1.53G   0.02337  0.007032         0    0.0304         0       256    0.5535    0.8929    0.8932    0.5598   0.03242   0.01839         0
    43/219     1.53G    0.0215  0.006512         0   0.02801         0       256    0.5416    0.8929    0.8726    0.5615   0.03316    0.0174         0
    44/219     1.53G   0.02591  0.006736         0   0.03264         0       256    0.4652    0.8929    0.8622    0.5246   0.03796   0.01813         0
    45/219     1.53G   0.02716   0.00805         0   0.03521         0       256     0.758    0.8929    0.9034    0.6258   0.03302    0.0202         0
    46/219     1.53G   0.01968  0.007391         0   0.02707         0       256    0.5451    0.9286    0.8724    0.5791   0.03007   0.01856         0
    47/219     1.53G   0.02242  0.007131         0   0.02955         0       256    0.5014    0.9286     0.877    0.6073   0.02978   0.01815         0
    48/219     1.53G   0.02412  0.006826         0   0.03095         0       256    0.4638    0.9286    0.8657    0.5965   0.03359   0.01845         0
    49/219     1.53G   0.02179  0.006675         0   0.02847         0       256    0.5347    0.8929    0.8644    0.4831   0.03493   0.02023         0
    50/219     1.53G   0.02233  0.007013         0   0.02934         0       256    0.7295    0.8929    0.8893    0.5424   0.03165    0.0213         0
    51/219     1.53G   0.02199  0.006469         0   0.02846         0       256    0.6267    0.8929    0.8696     0.521   0.03291   0.02194         0
    52/219     1.53G   0.02121  0.006397         0    0.0276         0       256    0.6699    0.8571     0.853    0.5444   0.03546   0.02439         0
    53/219     1.53G   0.02053  0.006189         0   0.02672         0       256    0.7447    0.7857    0.8371    0.4913   0.03774   0.02796         0
    54/219     1.53G   0.02161  0.006616         0   0.02822         0       256    0.7108    0.7857    0.8259    0.5419   0.03745   0.02717         0
    55/219     1.53G   0.02236   0.00627         0   0.02863         0       256    0.7551    0.8571    0.8662    0.5617   0.03517   0.02469         0
    56/219     1.53G   0.01991  0.006113         0   0.02603         0       256    0.6852    0.8929    0.8874    0.5402   0.03355   0.02124         0
    57/219     1.53G   0.02144  0.006184         0   0.02763         0       256    0.6977    0.8929    0.8977     0.561   0.03505   0.02076         0
    58/219     1.53G   0.02103  0.006114         0   0.02715         0       256    0.6976    0.8929    0.8903    0.6106   0.03315   0.02034         0
    59/219     1.53G   0.01808  0.005815         0    0.0239         0       256     0.717    0.9051    0.8958    0.6195   0.03441   0.01946         0
    60/219     1.53G   0.02108  0.006389         0   0.02747         0       256    0.7222    0.9286    0.8988    0.6161   0.03204   0.01856         0
    61/219     1.53G    0.0188  0.005744         0   0.02454         0       256    0.5442    0.8929    0.8764    0.5741   0.03473   0.01826         0
    62/219     1.53G   0.01813  0.005676         0   0.02381         0       256    0.5981    0.8929    0.8925    0.6124   0.03168   0.01841         0
    63/219     1.53G   0.01788  0.005872         0   0.02375         0       256    0.6476    0.8929    0.8989    0.6162   0.03025   0.01893         0
    64/219     1.53G    0.0176  0.005681         0   0.02328         0       256    0.7036    0.8929    0.9029    0.6048   0.03131   0.01952         0
    65/219     1.53G   0.02046  0.005752         0   0.02622         0       256    0.6657    0.8929    0.9007    0.6792    0.0299   0.01938         0
    66/219     1.53G   0.01601  0.005515         0   0.02152         0       256    0.7526    0.9286    0.8906    0.6145   0.02949    0.0199         0
    67/219     1.53G   0.01548  0.005175         0   0.02066         0       256    0.7957    0.9286    0.8949    0.6229   0.03032   0.01934         0
    68/219     1.53G   0.01973  0.005592         0   0.02532         0       256    0.6821    0.9198    0.8836    0.5713   0.03326   0.02049         0
    69/219     1.53G   0.02003  0.005753         0   0.02579         0       256    0.7966    0.8929    0.8898    0.6029   0.03217   0.02087         0
    70/219     1.53G   0.01609  0.005359         0   0.02145         0       256     0.786    0.9185    0.9014    0.6358   0.03159   0.02046         0
    71/219     1.53G   0.01509  0.005157         0   0.02024         0       256    0.7414    0.9219    0.8907    0.6201   0.03126   0.01978         0
    72/219     1.53G   0.01592  0.005186         0   0.02111         0       256    0.6632    0.9145    0.8842    0.5724   0.03266   0.01992         0
    73/219     1.53G   0.01917  0.005414         0   0.02458         0       256    0.7832    0.9035    0.8807    0.5894   0.03186   0.02057         0
    74/219     1.53G   0.01533  0.005315         0   0.02064         0       256    0.7609    0.8929    0.8864    0.6022     0.031   0.02083         0
    75/219     1.53G   0.01514  0.005269         0   0.02041         0       256    0.7655    0.9286    0.8884     0.604   0.03149   0.02058         0
    76/219     1.53G   0.01759  0.005305         0    0.0229         0       256    0.7272    0.9286    0.8935    0.6336   0.03117    0.0206         0
    77/219     1.53G   0.01439  0.004964         0   0.01936         0       256    0.7295    0.9286    0.8959    0.6099   0.03035   0.02095         0
    78/219     1.53G   0.01422  0.005005         0   0.01923         0       256    0.7249    0.9286    0.8775    0.6096   0.03061   0.02064         0
    79/219     1.53G   0.01216  0.004679         0   0.01684         0       256    0.6866    0.9286    0.8683    0.6041   0.03101   0.02118         0
    80/219     1.53G   0.01372  0.004645         0   0.01837         0       256    0.6574    0.9286    0.8541    0.5798   0.03337   0.02203         0
    81/219     1.53G   0.01883  0.005239         0   0.02407         0       256     0.709    0.8571    0.8657     0.589   0.03384   0.02313         0
    82/219     1.53G   0.01386  0.005083         0   0.01895         0       256    0.7491    0.8929    0.8864    0.6309   0.03257   0.02207         0
    83/219     1.53G   0.01358  0.004766         0   0.01835         0       256    0.7613    0.8929    0.8832    0.6146   0.03219   0.02208         0
    84/219     1.53G   0.01409  0.004803         0   0.01889         0       256      0.72    0.8929    0.8828    0.6156   0.03169   0.02165         0
    85/219     1.53G   0.01576  0.004925         0   0.02068         0       256    0.7084    0.8929    0.8756    0.5972   0.03149   0.02113         0
    86/219     1.53G   0.01293  0.004559         0   0.01749         0       256    0.7066    0.8929    0.8853    0.6213   0.03081   0.02066         0
    87/219     1.53G   0.01378  0.004765         0   0.01855         0       256    0.7233    0.8929    0.8902    0.6227   0.03142    0.0201         0
    88/219     1.53G   0.01803  0.005359         0   0.02339         0       256    0.7496    0.9286    0.9016    0.6225   0.03111   0.01939         0
    89/219     1.53G   0.01494  0.005102         0   0.02004         0       256    0.7908    0.9286    0.8992    0.6452   0.03085   0.01925         0
    90/219     1.53G   0.01231  0.004616         0   0.01693         0       256    0.7212    0.9286    0.9014    0.6478   0.02947   0.01862         0
    91/219     1.53G   0.01264  0.004585         0   0.01722         0       256    0.6988    0.9286    0.9061    0.6361   0.02987   0.01834         0
    92/219     1.53G    0.0134  0.004751         0   0.01815         0       256     0.672    0.8929    0.8969    0.6327   0.03153   0.01843         0
    93/219     1.53G   0.01342  0.004543         0   0.01797         0       256    0.6663    0.8929     0.891    0.6536     0.031   0.01858         0
    94/219     1.53G   0.01104  0.004255         0    0.0153         0       256    0.6207    0.8929    0.8909     0.642   0.03003   0.01835         0
    95/219     1.53G   0.01095  0.004141         0   0.01509         0       256    0.6616    0.8929    0.8886    0.6377   0.03115   0.01833         0
    96/219     1.53G   0.01435  0.004682         0   0.01904         0       256     0.637    0.8929    0.8835    0.6388   0.03127   0.01877         0
    97/219     1.53G   0.01377  0.004419         0   0.01818         0       256    0.7635    0.8929    0.8901    0.6379   0.03201   0.01949         0
    98/219     1.53G   0.01415   0.00454         0   0.01869         0       256    0.7644    0.8929    0.8903    0.6266   0.03068   0.01985         0
    99/219     1.53G   0.01196  0.004524         0   0.01648         0       256    0.7653    0.8929    0.8909     0.628   0.03106   0.02004         0
   100/219     1.53G   0.01326  0.004447         0   0.01771         0       256    0.7638    0.8929     0.897    0.6459   0.03043   0.02015         0
   101/219     1.53G    0.0137  0.004629         0   0.01833         0       256    0.8108    0.8929    0.9042    0.6458     0.031   0.02056         0
   102/219     1.53G   0.01078  0.004171         0   0.01495         0       256    0.7458    0.8929    0.9012     0.642   0.03072    0.0202         0
   103/219     1.53G   0.01015     0.004         0   0.01415         0       256    0.7529    0.8929    0.9003    0.6185   0.03145   0.02019         0
   104/219     1.53G   0.01503  0.004616         0   0.01964         0       256    0.6845    0.8929    0.8927    0.6084    0.0324   0.02039         0
   105/219     1.53G   0.01367   0.00458         0   0.01824         0       256    0.8091    0.8929    0.8996    0.6277   0.03237   0.02107         0
   106/219     1.53G   0.01027  0.004066         0   0.01433         0       256      0.79    0.8929    0.8992    0.6503   0.03038    0.0205         0
   107/219     1.53G  0.009726   0.00397         0    0.0137         0       256    0.7163    0.8929    0.8998    0.6383    0.0311   0.02033         0
   108/219     1.53G   0.01136  0.004212         0   0.01557         0       256    0.6942    0.8929    0.8912    0.6329   0.03098   0.02026         0
   109/219     1.53G   0.01026  0.003964         0   0.01422         0       256    0.6755    0.8929    0.8823    0.5854     0.032   0.02074         0
   110/219     1.53G   0.01205  0.004163         0   0.01621         0       256    0.7597    0.8929    0.8785    0.5967   0.03092   0.02143         0
   111/219     1.53G   0.01009  0.003874         0   0.01397         0       256    0.7674    0.8929    0.8873    0.6022   0.03144   0.02143         0
   112/219     1.53G   0.01215  0.004294         0   0.01644         0       256    0.7733    0.8929    0.8897    0.6221   0.03153   0.02158         0
   113/219     1.53G  0.009382  0.003943         0   0.01332         0       256    0.7962    0.8929    0.8912    0.6169   0.03247   0.02153         0
   114/219     1.53G   0.01186  0.004208         0   0.01606         0       256    0.8076    0.8929     0.891    0.6285   0.03101    0.0214         0
   115/219     1.53G  0.009707   0.00385         0   0.01356         0       256    0.8021    0.8929    0.8885    0.6194   0.03156   0.02145         0
   116/219     1.53G   0.01063  0.004085         0   0.01472         0       256    0.7588    0.8929    0.8792    0.5986   0.03211   0.02218         0
   117/219     1.53G   0.01198  0.004043         0   0.01602         0       256    0.7678    0.8929     0.883    0.5904   0.03228   0.02229         0
   118/219     1.53G   0.01023  0.003851         0   0.01408         0       256    0.6864    0.8929    0.8839    0.6063   0.03194    0.0215         0
   119/219     1.53G  0.009468  0.003804         0   0.01327         0       256    0.7474    0.8929    0.8873    0.6309   0.03199   0.02167         0
   120/219     1.53G   0.01104  0.004179         0   0.01522         0       256     0.796    0.8929    0.8878    0.6306   0.03202   0.02181         0
   121/219     1.53G  0.008581   0.00361         0   0.01219         0       256    0.7962    0.8929    0.8871    0.6122   0.03233   0.02172         0
   122/219     1.53G   0.01075  0.003925         0   0.01467         0       256    0.8217    0.8929    0.8871    0.6091   0.03117   0.02127         0
   123/219     1.53G  0.009097  0.003589         0   0.01269         0       256    0.7805    0.8929    0.8895    0.6267   0.03083   0.02137         0
   124/219     1.53G   0.00974  0.003751         0   0.01349         0       256    0.8213    0.8929    0.8899    0.6445   0.03103   0.02106         0
   125/219     1.53G  0.009651  0.003662         0   0.01331         0       256     0.824    0.8929     0.892    0.6325   0.03064   0.02098         0
   126/219     1.53G  0.009495  0.003676         0   0.01317         0       256    0.7865    0.8929    0.8905    0.6215    0.0305   0.02092         0
   127/219     1.53G  0.009427  0.003793         0   0.01322         0       256    0.7761    0.8929    0.8905    0.6031   0.03166   0.02165         0
   128/219     1.53G   0.00954  0.003927         0   0.01347         0       256    0.7938    0.8929    0.8881    0.6105    0.0312   0.02216         0
   129/219     1.53G  0.009756   0.00361         0   0.01337         0       256    0.7469    0.8929    0.8864    0.6175   0.03113   0.02224         0
   130/219     1.53G  0.009671  0.003664         0   0.01333         0       256    0.7695    0.8929    0.8921    0.6311   0.03082   0.02141         0
   131/219     1.53G   0.00966  0.003772         0   0.01343         0       256    0.7814    0.8929    0.8956    0.6181   0.03083    0.0212         0
   132/219     1.53G   0.00919  0.003822         0   0.01301         0       256    0.7424    0.8929    0.8983    0.6209   0.03071   0.02094         0
   133/219     1.53G  0.009242  0.003722         0   0.01296         0       256    0.7862    0.8929    0.8947    0.6206   0.03092   0.02106         0
   134/219     1.53G   0.00877  0.003564         0   0.01233         0       256    0.7723    0.8929     0.893    0.6318   0.02985   0.02051         0
   135/219     1.53G  0.007526  0.003377         0    0.0109         0       256    0.7459    0.8929     0.893    0.6301   0.03031   0.02036         0
   136/219     1.53G  0.009766  0.003816         0   0.01358         0       256    0.7849    0.8929    0.8936    0.6269   0.03038   0.02024         0
   137/219     1.53G  0.008143  0.003412         0   0.01155         0       256    0.7506    0.8929    0.8936    0.6283    0.0302   0.02053         0
   138/219     1.53G  0.007952  0.003341         0   0.01129         0       256    0.7107    0.8929    0.8908    0.6318   0.03064   0.02041         0
   139/219     1.53G  0.008522  0.003434         0   0.01196         0       256    0.7098    0.8929    0.8899    0.6359   0.03066    0.0205         0
   140/219     1.53G  0.007921  0.003414         0   0.01133         0       256    0.7229    0.8929    0.8902    0.6461   0.03102   0.02059         0
   141/219     1.53G  0.008021  0.003388         0   0.01141         0       256    0.7368    0.8929     0.889    0.6493   0.03164    0.0209         0
   142/219     1.53G  0.007803  0.003299         0    0.0111         0       256    0.7276    0.8929    0.8916    0.6467   0.03079   0.02078         0
   143/219     1.53G  0.006741  0.003084         0  0.009826         0       256    0.7348    0.8929    0.8922     0.638    0.0309   0.02127         0
   144/219     1.53G  0.007004  0.003175         0   0.01018         0       256     0.729    0.8929    0.8914    0.6282   0.03062   0.02113         0
   145/219     1.53G  0.008714  0.003468         0   0.01218         0       256    0.7548    0.8929    0.8945    0.6282   0.03122   0.02126         0
   146/219     1.53G  0.006694  0.003038         0  0.009733         0       256    0.7218    0.8929    0.8938    0.6505   0.03074   0.02111         0
   147/219     1.53G  0.007104  0.003127         0   0.01023         0       256    0.6882    0.8929    0.8965      0.62   0.03156   0.02124         0
   148/219     1.53G  0.008911  0.003606         0   0.01252         0       256    0.7456    0.8929    0.8958    0.6343   0.03151   0.02153         0
   149/219     1.53G  0.007436  0.003163         0    0.0106         0       256    0.7314    0.8929    0.9001    0.6392   0.03197   0.02165         0
   150/219     1.53G  0.007601  0.003232         0   0.01083         0       256    0.7663    0.8929    0.8993    0.6279   0.03141   0.02092         0
   151/219     1.53G  0.006521  0.003037         0  0.009558         0       256    0.7834    0.8929    0.9013    0.6364   0.03107   0.02065         0
   152/219     1.53G  0.008041  0.003387         0   0.01143         0       256    0.7853    0.8929    0.8992    0.6373   0.03152   0.02054         0
   153/219     1.53G  0.007527  0.003222         0   0.01075         0       256    0.7475    0.8929    0.8984     0.655   0.03115   0.02067         0
   154/219     1.53G  0.006984  0.003108         0   0.01009         0       256    0.7626    0.8929    0.8984     0.657   0.03062   0.02049         0
   155/219     1.53G  0.006342  0.002959         0  0.009301         0       256    0.7837    0.8929    0.8988    0.6574   0.03038   0.02052         0
   156/219     1.53G  0.007446  0.003243         0   0.01069         0       256    0.7324    0.8929    0.8984    0.6422   0.03077   0.02028         0
   157/219     1.53G  0.007779  0.003275         0   0.01105         0       256    0.7628    0.8929    0.8988    0.6525   0.03103   0.02043         0
   158/219     1.53G  0.007411  0.003117         0   0.01053         0       256    0.7391    0.8929    0.8968     0.661   0.03067   0.02036         0
   159/219     1.53G  0.005948  0.002884         0  0.008832         0       256    0.7329    0.8929    0.8968     0.661   0.03088   0.02055         0
   160/219     1.53G   0.00612  0.002996         0  0.009115         0       256    0.7736    0.8929    0.8972    0.6525   0.03065    0.0204         0
   161/219     1.53G  0.005926  0.002861         0  0.008786         0       256    0.7581    0.8929    0.8985    0.6489   0.03033   0.02046         0
   162/219     1.53G   0.00659  0.003036         0  0.009626         0       256    0.7651    0.8929     0.896    0.6352   0.02988   0.02018         0
   163/219     1.53G  0.006092  0.002851         0  0.008944         0       256    0.7428    0.8929    0.8968    0.6497   0.03046   0.02049         0
   164/219     1.53G  0.006555  0.003019         0  0.009573         0       256    0.7381    0.8929    0.8953    0.6285   0.03052   0.02086         0
   165/219     1.53G  0.007292   0.00305         0   0.01034         0       256    0.7325    0.8929    0.8945    0.6268    0.0306   0.02109         0
   166/219     1.53G  0.005612  0.002753         0  0.008365         0       256     0.734    0.8929    0.8972    0.6409   0.03053   0.02072         0
   167/219     1.53G  0.004978  0.002633         0   0.00761         0       256    0.7142    0.8929    0.8981    0.6325    0.0306   0.02075         0
   168/219     1.53G  0.006607  0.003054         0  0.009661         0       256    0.7285    0.8929    0.9008    0.6439    0.0307    0.0206         0
   169/219     1.53G  0.005726  0.002805         0  0.008531         0       256    0.7449    0.8929    0.8987    0.6537     0.031   0.02071         0
   170/219     1.53G  0.004929  0.002565         0  0.007494         0       256    0.7699    0.8929    0.9003    0.6452   0.03055   0.02043         0
   171/219     1.53G  0.005754  0.002699         0  0.008454         0       256    0.7378    0.8929    0.8983    0.6407   0.03095   0.02085         0
   172/219     1.53G  0.006236  0.002896         0  0.009132         0       256    0.7743    0.8929    0.8987    0.6477   0.03084   0.02066         0
   173/219     1.53G  0.005959  0.002776         0  0.008734         0       256    0.7401    0.8929    0.8982    0.6447   0.03139   0.02092         0
   174/219     1.53G  0.005833  0.002714         0  0.008547         0       256    0.7111    0.8929    0.8982    0.6544   0.03081   0.02087         0
   175/219     1.53G  0.006356  0.002792         0  0.009149         0       256    0.7324    0.8929    0.8986    0.6482   0.03123    0.0211         0
   176/219     1.53G  0.006182  0.002932         0  0.009114         0       256    0.7653    0.8929    0.8979    0.6336   0.03155   0.02132         0
   177/219     1.53G  0.005592  0.002668         0   0.00826         0       256    0.7915    0.8929    0.8979    0.6202   0.03173    0.0214         0
   178/219     1.53G  0.005885  0.002732         0  0.008617         0       256    0.7327    0.8929    0.8974    0.6413   0.03121   0.02119         0
   179/219     1.53G  0.005105  0.002649         0  0.007755         0       256    0.7229    0.8929    0.8952    0.6352   0.03133    0.0215         0
   180/219     1.53G  0.005886  0.002863         0  0.008749         0       256      0.73    0.8929    0.8894    0.6414   0.03133   0.02157         0
   181/219     1.53G  0.005294  0.002635         0  0.007929         0       256    0.7083    0.8929    0.8898    0.6428   0.03122   0.02171         0
   182/219     1.53G  0.004994  0.002576         0   0.00757         0       256     0.742    0.8929    0.8928    0.6274   0.03062   0.02134         0
   183/219     1.53G  0.004509  0.002473         0  0.006982         0       256      0.77    0.8929    0.8918    0.6245   0.03093   0.02149         0
   184/219     1.53G  0.005675  0.002785         0   0.00846         0       256    0.7704    0.8929    0.8934    0.6333   0.03104   0.02137         0
   185/219     1.53G  0.005124  0.002573         0  0.007697         0       256    0.7403    0.8929    0.8934    0.6306   0.03112   0.02144         0
   186/219     1.53G  0.005299  0.002622         0  0.007922         0       256    0.7586    0.8929    0.8948    0.6376   0.03067   0.02107         0
   187/219     1.53G  0.004896  0.002495         0  0.007391         0       256    0.7344    0.8929    0.8945    0.6394   0.03115   0.02123         0
   188/219     1.53G  0.004883  0.002566         0  0.007449         0       256    0.7705    0.8929    0.8955    0.6309   0.03137    0.0213         0
   189/219     1.53G  0.004831  0.002438         0  0.007269         0       256    0.7521    0.8929    0.8948    0.6441   0.03141   0.02149         0
   190/219     1.53G   0.00459  0.002421         0  0.007011         0       256    0.7611    0.8929    0.8974    0.6407   0.03086   0.02125         0
   191/219     1.53G  0.005224  0.002546         0   0.00777         0       256    0.7963    0.8929    0.8977    0.6459   0.03125   0.02157         0
   192/219     1.53G    0.0054  0.002674         0  0.008074         0       256    0.8004    0.8929    0.8981    0.6502   0.03107   0.02154         0
   193/219     1.53G  0.005629  0.002644         0  0.008273         0       256    0.7874    0.8929    0.8977    0.6467   0.03123    0.0216         0
   194/219     1.53G  0.004936  0.002462         0  0.007398         0       256    0.7499    0.8929    0.9003    0.6438   0.03069     0.021         0
   195/219     1.53G  0.004325  0.002437         0  0.006761         0       256    0.7552    0.8929    0.9003     0.653   0.03084   0.02106         0
   196/219     1.53G  0.005031  0.002625         0  0.007656         0       256    0.7726    0.8929    0.8987    0.6371   0.03106   0.02096         0
   197/219     1.53G  0.004796  0.002466         0  0.007261         0       256    0.7569    0.8929    0.9008    0.6477   0.03062   0.02082         0
   198/219     1.53G  0.004382  0.002346         0  0.006728         0       256    0.7495    0.8929    0.8996    0.6374   0.03041   0.02054         0
   199/219     1.53G  0.004679  0.002412         0  0.007091         0       256    0.7594    0.8929    0.9013    0.6364   0.03078   0.02085         0
   200/219     1.53G  0.004744  0.002586         0   0.00733         0       256     0.761    0.8929    0.8978    0.6349   0.03067   0.02103         0
   201/219     1.53G  0.004426  0.002381         0  0.006807         0       256      0.77    0.8929    0.8974    0.6433   0.03088   0.02115         0
   202/219     1.53G   0.00417  0.002357         0  0.006527         0       256    0.7638    0.8929    0.8997    0.6441   0.03076   0.02083         0
   203/219     1.53G  0.004231  0.002319         0   0.00655         0       256    0.8118    0.8929    0.8988    0.6325   0.03098   0.02111         0
   204/219     1.53G  0.005672  0.002667         0  0.008339         0       256    0.8079    0.8929    0.8992     0.643    0.0309   0.02112         0
   205/219     1.53G  0.004486  0.002351         0  0.006837         0       256    0.7313    0.8929     0.897    0.6376    0.0311   0.02123         0
   206/219     1.53G  0.004264  0.002294         0  0.006558         0       256     0.715    0.8929    0.8964    0.6461    0.0309   0.02107         0
   207/219     1.53G  0.003747  0.002222         0   0.00597         0       256    0.7608    0.8929    0.8968    0.6385   0.03127   0.02143         0
   208/219     1.53G   0.00452  0.002421         0  0.006942         0       256    0.7699    0.8929    0.8962    0.6407   0.03142   0.02159         0
   209/219     1.53G  0.004736  0.002473         0  0.007209         0       256     0.741    0.8929    0.8935    0.6476   0.03125   0.02166         0
   210/219     1.53G  0.004779  0.002462         0   0.00724         0       256    0.7625    0.8929    0.8961    0.6466   0.03116   0.02128         0
   211/219     1.53G  0.004156  0.002264         0   0.00642         0       256     0.794    0.8929    0.8978     0.637   0.03141   0.02154         0
   212/219     1.53G  0.004058  0.002311         0  0.006369         0       256    0.7765    0.8929    0.8974    0.6445    0.0313   0.02146         0
   213/219     1.53G  0.004817  0.002438         0  0.007255         0       256    0.7508    0.8929    0.8966    0.6407   0.03154   0.02166         0
   214/219     1.53G  0.004391  0.002334         0  0.006725         0       256      0.72    0.8929    0.8976     0.638   0.03094   0.02127         0
   215/219     1.53G   0.00426  0.002329         0  0.006588         0       256    0.7719    0.8929    0.8998    0.6405   0.03128   0.02159         0
   216/219     1.53G  0.004875  0.002547         0  0.007421         0       256    0.7693    0.8929    0.8978    0.6421   0.03116   0.02153         0
   217/219     1.53G  0.004244  0.002336         0   0.00658         0       256    0.7221    0.8929    0.8974    0.6379    0.0314   0.02155         0
   218/219     1.53G  0.003888  0.002241         0   0.00613         0       256    0.7145    0.8929    0.8989    0.6326   0.03088   0.02118         0
   219/219     1.53G  0.004216  0.002282         0  0.006498         0       256    0.7198    0.8929     0.897    0.6348   0.03114   0.02138         0
