     0/219     1.37G   0.06455   0.03128         0   0.09583         0       256         0         0 0.0001548 2.418e-05   0.07962   0.03237         0
     1/219     1.37G    0.0574    0.0296         0     0.087         0       256         0         0 0.0004535 5.823e-05   0.07316   0.03202         0
     2/219     1.37G   0.04911   0.03139         0   0.08051         0       256         1   0.03571   0.04525  0.008789   0.06134   0.03422         0
     3/219     1.37G   0.04198   0.02884         0   0.07083         0       256    0.3382    0.6429    0.4282    0.1311   0.05878   0.02777         0
     4/219     1.37G   0.04329   0.02212         0   0.06541         0       256   0.07816    0.5714    0.1238   0.03776   0.06739   0.01976         0
     5/219     1.37G   0.04631   0.01768         0   0.06399         0       256     0.271      0.75    0.4529    0.1354   0.05947   0.02098         0
     6/219     1.37G   0.04781   0.01563         0   0.06344         0       256    0.1914    0.5714    0.2362    0.1022   0.05981   0.01998         0
     7/219     1.37G   0.04781   0.01454         0   0.06235         0       256    0.1721      0.75    0.4824    0.1935   0.05689   0.01985         0
     8/219     1.37G   0.04475   0.01632         0   0.06107         0       256   0.05097    0.9286    0.5112    0.1768   0.05876   0.02299         0
     9/219     1.37G   0.04244   0.02128         0   0.06372         0       256    0.2602    0.8571    0.6058    0.1965   0.04674   0.02776         0
    10/219     1.37G   0.03682   0.02036         0   0.05717         0       256    0.1796    0.7143    0.2822   0.06519    0.0491   0.02547         0
    11/219     1.37G   0.03768   0.01753         0   0.05522         0       256   0.08223    0.9643    0.5139    0.1516   0.05549   0.01851         0
    12/219     1.37G   0.04283   0.01412         0   0.05695         0       256    0.1972    0.8571    0.5607    0.1959   0.04906   0.02037         0
    13/219     1.37G   0.03701   0.01443         0   0.05144         0       256    0.1274    0.9286    0.5292    0.2366   0.04505   0.01833         0
    14/219     1.37G   0.03466   0.01264         0    0.0473         0       256    0.1455    0.9286     0.648    0.2783   0.04314   0.01827         0
    15/219     1.37G   0.03206   0.01133         0   0.04339         0       256    0.1971    0.9286    0.5575    0.1221   0.05072   0.01836         0
    16/219     1.37G   0.04145   0.01188         0   0.05333         0       256    0.1521    0.8571    0.2768   0.08838   0.05135   0.01716         0
    17/219     1.37G   0.03573   0.01158         0   0.04731         0       256    0.1723    0.8929    0.6222    0.2228   0.04203   0.01858         0
    18/219     1.37G   0.03027   0.01126         0   0.04153         0       256    0.2268    0.9643    0.6558    0.2766   0.03535   0.01765         0
    19/219     1.37G    0.0258   0.01031         0   0.03611         0       256    0.2984    0.9286    0.6731    0.2952   0.03537   0.01909         0
    20/219     1.37G   0.02471   0.01021         0   0.03493         0       256    0.2309    0.9286    0.4875    0.1993   0.03991   0.01788         0
    21/219     1.37G    0.0275    0.0102         0   0.03771         0       256    0.2839    0.8929    0.6796    0.2242   0.03313   0.01785         0
    22/219     1.37G   0.02244  0.009491         0   0.03193         0       256    0.3144    0.9643     0.609    0.3012   0.03094   0.01798         0
    23/219     1.37G   0.02275  0.009323         0   0.03208         0       256    0.3152    0.9643    0.8516    0.5119    0.0347   0.01662         0
    24/219     1.37G   0.02956  0.008836         0    0.0384         0       256    0.2774    0.9643    0.7176    0.3539   0.03496   0.01746         0
    25/219     1.37G   0.02341  0.008644         0   0.03205         0       256    0.3961    0.9643     0.776    0.3732    0.0329   0.01782         0
    26/219     1.37G   0.02065  0.008441         0   0.02909         0       256    0.3227    0.9643    0.7747    0.3657   0.03158   0.01832         0
    27/219     1.37G   0.01827  0.008069         0   0.02634         0       256    0.4278    0.9286    0.8477    0.5247   0.02822   0.01837         0
    28/219     1.37G    0.0178  0.007433         0   0.02523         0       256    0.3905    0.9286    0.7421    0.3877   0.03516   0.01917         0
    29/219     1.37G   0.02457  0.007756         0   0.03233         0       256     0.431    0.8926    0.7315     0.297   0.03623   0.02225         0
