     0/219     2.47G   0.08934   0.03258         0    0.1219         0       256         0         0 0.0001472 2.942e-05   0.09788   0.03541         0
     1/219     2.47G   0.07696   0.03401         0     0.111         0       256         0         0  0.001706 0.0002198   0.08995   0.03619         0
     2/219     2.47G   0.07052   0.03388         0    0.1044         0       256         0         0  0.002189 0.0003441    0.0822   0.03761         0
     3/219     2.47G   0.06354   0.03431         0   0.09785         0       256         0         0     0.122   0.02717   0.06564   0.03909         0
     4/219     2.47G   0.05476   0.03235         0   0.08711         0       256    0.4334       0.5    0.5386    0.1189   0.06822   0.03026         0
     5/219     2.47G   0.05922   0.02486         0   0.08409         0       256    0.1591    0.3214    0.2046   0.03905   0.06752   0.02624         0
     6/219     2.47G   0.05385   0.02321         0   0.07707         0       256    0.2661    0.8929    0.5399     0.226   0.06673   0.02378         0
     7/219     2.47G   0.06477   0.01772         0   0.08249         0       256    0.4305    0.4053     0.361    0.1716   0.06079   0.02616         0
     8/219     2.47G   0.05517   0.01938         0   0.07454         0       256    0.2234    0.7913    0.4464     0.133   0.05905   0.02201         0
     9/219     2.47G   0.05489   0.01639         0   0.07128         0       256    0.2718    0.8929    0.4517    0.1291   0.05561   0.02207         0
    10/219     2.47G   0.05228   0.01624         0   0.06852         0       256    0.1535    0.8929    0.3713    0.1328   0.06086   0.01915         0
    11/219     2.47G   0.05697   0.01398         0   0.07095         0       256    0.1879    0.9286    0.4878    0.1357   0.06051   0.01939         0
    12/219     2.47G   0.05739   0.01491         0    0.0723         0       256    0.2083    0.9286    0.6892    0.3043   0.06601   0.02082         0
    13/219     2.47G   0.05639   0.01534         0   0.07173         0       256   0.07809         1    0.5949    0.2588   0.07447   0.01739         0
    14/219     2.47G   0.05714   0.01656         0    0.0737         0       256    0.2875    0.8929    0.5661    0.2211   0.05249   0.02253         0
    15/219     2.47G   0.05582   0.01437         0   0.07019         0       256    0.1803    0.9286    0.2736   0.06713   0.06953   0.01788         0
    16/219     2.47G   0.06325   0.01275         0     0.076         0       256    0.1256    0.9643    0.3414    0.1598   0.06872   0.01643         0
    17/219     2.47G   0.05968   0.01359         0   0.07327         0       256     0.181    0.9286    0.5511    0.2438   0.06504   0.01946         0
    18/219     2.47G    0.0557   0.01363         0   0.06933         0       256    0.2886    0.9286    0.6456    0.2975   0.04988   0.02093         0
    19/219     2.47G   0.04748   0.01267         0   0.06015         0       256    0.2037    0.9643    0.6277    0.2199   0.05959    0.0186         0
    20/219     2.47G   0.05472   0.01433         0   0.06905         0       256    0.2437    0.9286    0.5922    0.1693   0.04791   0.02031         0
    21/219     2.47G   0.04736   0.01137         0   0.05873         0       256    0.1333    0.9643    0.4822    0.2056   0.05868   0.01823         0
    22/219     2.47G   0.04904   0.01157         0   0.06061         0       256    0.2949    0.7857    0.4828    0.1496   0.05074   0.02417         0
    23/219     2.47G   0.03945   0.01231         0   0.05176         0       256    0.2524    0.9286    0.5391     0.174   0.04935   0.01836         0
    24/219     2.47G   0.04894   0.01125         0   0.06019         0       256    0.2298    0.9286    0.6206    0.1969   0.04922   0.01882         0
    25/219     2.47G   0.04125   0.01087         0   0.05212         0       256    0.3281    0.9643    0.6266    0.3092   0.04256   0.01713         0
    26/219     2.47G   0.03519   0.01001         0    0.0452         0       256    0.3301    0.9286    0.7101    0.3254   0.04263   0.01765         0
    27/219     2.47G   0.03831   0.00892         0   0.04723         0       256    0.3475    0.9286    0.6101    0.2204   0.04579   0.01912         0
    28/219     2.47G   0.03678   0.01033         0   0.04711         0       256     0.404    0.9286    0.7791    0.3499   0.04001   0.01801         0
    29/219     2.47G   0.03595  0.009283         0   0.04524         0       256    0.2725    0.9643    0.7383    0.3006   0.04181    0.0162         0
    30/219     2.47G   0.03301    0.0089         0   0.04192         0       256     0.368    0.8929    0.8631    0.5107   0.03794    0.0179         0
    31/219     2.47G   0.03108  0.008395         0   0.03948         0       256    0.3139    0.8929    0.7787    0.5059   0.04091   0.01936         0
    32/219     2.47G   0.03608  0.008729         0   0.04481         0       256    0.3658    0.8214    0.7424    0.3977   0.04658   0.02326         0
    33/219     2.47G   0.03653  0.008835         0   0.04536         0       256    0.4803    0.8214    0.8093    0.4643   0.04019   0.02249         0
    34/219     2.47G   0.02841  0.007819         0   0.03623         0       256    0.5241    0.9286    0.8685    0.5847    0.0342   0.01948         0
    35/219     2.47G   0.02582  0.007261         0   0.03308         0       256    0.4405    0.9286    0.7538    0.3982   0.04001   0.01938         0
    36/219     2.47G   0.03405  0.008368         0   0.04242         0       256    0.4015    0.7857    0.6366    0.3836   0.04144   0.02351         0
    37/219     2.47G   0.02883  0.008086         0   0.03691         0       256    0.4486    0.8571    0.7737    0.4119   0.04228   0.02069         0
    38/219     2.47G   0.03085  0.008326         0   0.03918         0       256     0.569    0.9643    0.9286    0.6343   0.03713   0.01898         0
    39/219     2.47G   0.02709  0.007604         0   0.03469         0       256     0.487    0.9286    0.8758     0.567   0.03649   0.01936         0
    40/219     2.47G   0.02727  0.007359         0   0.03463         0       256    0.5717    0.9286    0.8822    0.5804   0.03402   0.01951         0
    41/219     2.47G   0.02554   0.00711         0   0.03265         0       256    0.4642    0.8929    0.7855    0.4618   0.03738   0.02031         0
    42/219     2.47G    0.0252  0.007086         0   0.03228         0       256    0.6888    0.9643    0.9139    0.5731   0.03175   0.01855         0
    43/219     2.47G   0.02038  0.006721         0   0.02711         0       256    0.7485     0.957    0.8925    0.5521   0.03247   0.01858         0
    44/219     2.47G    0.0248  0.006779         0   0.03158         0       256    0.5542    0.9286    0.8275    0.4736   0.03442   0.01917         0
    45/219     2.47G   0.02562  0.006854         0   0.03247         0       256    0.7631    0.8929    0.9183    0.5918   0.03237   0.02023         0
    46/219     2.47G   0.02188  0.006506         0   0.02838         0       256    0.6827    0.9643    0.9167    0.5621   0.03176   0.01847         0
    47/219     2.47G   0.02352  0.006543         0   0.03006         0       256    0.5808    0.9643    0.9039    0.5927    0.0319   0.01799         0
    48/219     2.47G   0.02355  0.006568         0   0.03012         0       256    0.4372    0.9643    0.8241    0.5291   0.03328   0.01887         0
    49/219     2.47G   0.02463  0.006846         0   0.03147         0       256    0.5732    0.9114    0.8673    0.4729    0.0355   0.02046         0
    50/219     2.47G   0.02455  0.006825         0   0.03138         0       256    0.5443    0.9643    0.8973    0.6222   0.03642   0.01842         0
    51/219     2.47G   0.02472  0.006563         0   0.03129         0       256    0.7003    0.9286    0.8903    0.5799   0.03152   0.01976         0
    52/219     2.47G   0.02306  0.006496         0   0.02956         0       256    0.5813    0.9286     0.853    0.5317   0.03473   0.02044         0
    53/219     2.47G   0.02735  0.006726         0   0.03407         0       256    0.5723    0.9643    0.8925    0.5054   0.03419   0.02187         0
    54/219     2.47G   0.02318  0.007237         0   0.03042         0       256    0.7307    0.9286    0.9288    0.6058   0.03125   0.02131         0
    55/219     2.47G   0.02061  0.006795         0    0.0274         0       256     0.747    0.9643    0.9374    0.6119   0.03143   0.01982         0
    56/219     2.47G   0.02122  0.006453         0   0.02768         0       256     0.608    0.9643    0.9307    0.5887    0.0313   0.01825         0
    57/219     2.47G    0.0214   0.00619         0   0.02759         0       256    0.5811    0.9643    0.9325     0.604   0.03154     0.019         0
    58/219     2.47G   0.02023  0.005994         0   0.02623         0       256    0.5194    0.9643    0.9055    0.5829   0.03072   0.01941         0
    59/219     2.47G   0.01936  0.006003         0   0.02536         0       256    0.6513    0.9643    0.9151    0.5602   0.03039   0.01994         0
    60/219     2.47G   0.01974  0.006162         0   0.02591         0       256     0.697    0.9286    0.9158    0.6129   0.03176   0.02032         0
    61/219     2.47G   0.01989  0.005789         0   0.02568         0       256    0.7061    0.9643    0.9106    0.6079     0.031   0.02029         0
    62/219     2.47G   0.01843  0.005625         0   0.02406         0       256    0.7322    0.9643    0.9222    0.6125   0.02978   0.01972         0
    63/219     2.47G   0.01775  0.005403         0   0.02315         0       256    0.6948    0.9286    0.9223    0.6464   0.03074   0.01994         0
    64/219     2.47G    0.0202  0.005921         0   0.02612         0       256    0.7198    0.9286    0.9073    0.5994   0.03144   0.02177         0
    65/219     2.47G   0.02019  0.006009         0    0.0262         0       256    0.7955    0.9286    0.9167    0.6452   0.03071   0.02226         0
    66/219     2.47G   0.01673  0.005548         0   0.02228         0       256    0.7719    0.8929     0.918    0.6219   0.03084   0.02229         0
    67/219     2.47G   0.01543  0.005352         0   0.02079         0       256    0.7279    0.8929    0.9103    0.5977    0.0311   0.02255         0
    68/219     2.47G   0.01708  0.005327         0   0.02241         0       256    0.6406    0.8929    0.8969    0.5887   0.03161   0.02245         0
    69/219     2.47G   0.01975  0.005454         0    0.0252         0       256    0.6437    0.8929    0.8949     0.609   0.03054   0.02292         0
    70/219     2.47G   0.01623  0.005286         0   0.02152         0       256    0.8337    0.8954    0.9179    0.6166   0.03083   0.02256         0
    71/219     2.47G   0.01555  0.005359         0   0.02091         0       256    0.8633    0.9286     0.915    0.6484   0.03139   0.02203         0
    72/219     2.47G   0.01856  0.005572         0   0.02413         0       256    0.7861     0.919    0.9129    0.6091   0.03188   0.02225         0
    73/219     2.47G   0.01694  0.005193         0   0.02213         0       256    0.7825    0.9286    0.9178    0.5887   0.03035   0.02205         0
    74/219     2.47G   0.01456  0.004795         0   0.01936         0       256    0.6652    0.9286    0.9202    0.5992   0.02817   0.02013         0
    75/219     2.47G   0.01614   0.00498         0   0.02112         0       256    0.7056    0.9643    0.9379    0.6384   0.02914      0.02         0
    76/219     2.47G   0.01705  0.005337         0   0.02239         0       256    0.7566    0.9643    0.9272    0.6157   0.03053   0.02087         0
    77/219     2.47G    0.0163  0.005352         0   0.02165         0       256    0.6841    0.9279    0.8846    0.6112   0.03099   0.02217         0
    78/219     2.47G   0.01695  0.005169         0   0.02212         0       256    0.8096    0.9286    0.9238    0.6114   0.02974   0.02211         0
    79/219     2.47G   0.01364  0.004746         0   0.01839         0       256    0.8422    0.9286    0.9297    0.6318   0.02991   0.02149         0
    80/219     2.47G   0.01684  0.005213         0   0.02205         0       256    0.8323    0.9643    0.9334    0.6335   0.02882    0.0212         0
    81/219     2.47G   0.01424  0.004705         0   0.01894         0       256    0.7906    0.9442    0.9307    0.6388   0.02809   0.02119         0
    82/219     2.47G   0.01233  0.004536         0   0.01686         0       256    0.8708    0.9632    0.9374    0.6625   0.02844   0.02031         0
    83/219     2.47G   0.01411  0.004609         0   0.01872         0       256    0.8086    0.9286    0.9314    0.6534   0.02889   0.02073         0
    84/219     2.47G    0.0154  0.004985         0   0.02038         0       256    0.8754    0.9286    0.9379    0.6558   0.02938    0.0219         0
    85/219     2.47G   0.01339  0.004752         0   0.01814         0       256    0.7976    0.9286    0.9211    0.6341   0.02921   0.02308         0
    86/219     2.47G   0.01453  0.004788         0   0.01932         0       256    0.7895    0.9643     0.932    0.6718    0.0286   0.02044         0
    87/219     2.47G   0.01372   0.00452         0   0.01824         0       256    0.7287    0.9643    0.9235     0.624   0.02884   0.02059         0
    88/219     2.47G   0.01319  0.004586         0   0.01778         0       256     0.735    0.9643    0.9143    0.6198    0.0296   0.01998         0
    89/219     2.47G   0.01684  0.005064         0    0.0219         0       256    0.8039    0.9643    0.9301    0.6531   0.02898   0.02047         0
    90/219     2.47G   0.01218  0.004574         0   0.01675         0       256    0.7539    0.9643    0.9324    0.6376   0.02829   0.01969         0
    91/219     2.47G   0.01382  0.004758         0   0.01858         0       256    0.7941    0.9643    0.9406    0.6592   0.02777   0.01931         0
    92/219     2.47G   0.01229  0.004452         0   0.01674         0       256    0.7544    0.9643    0.9444    0.6578   0.02817   0.01914         0
    93/219     2.47G   0.01253  0.004386         0   0.01691         0       256    0.6543    0.9643    0.9291    0.6206   0.02843   0.01964         0
    94/219     2.47G   0.01199   0.00426         0   0.01625         0       256    0.7054    0.9643      0.94      0.61   0.02812   0.01962         0
    95/219     2.47G   0.01305   0.00442         0   0.01747         0       256     0.734    0.9643     0.937    0.6406   0.02884   0.02034         0
    96/219     2.47G   0.01215   0.00447         0   0.01662         0       256    0.8378    0.9643    0.9418    0.6457   0.02859   0.02066         0
    97/219     2.47G   0.01287   0.00444         0   0.01731         0       256    0.7653    0.9643    0.9239    0.6253    0.0297   0.02121         0
    98/219     2.47G   0.01207  0.004281         0   0.01636         0       256    0.8038    0.9643    0.9356    0.6473   0.02829   0.02057         0
    99/219     2.47G   0.01035  0.004033         0   0.01438         0       256    0.7334    0.9643    0.9193    0.6167   0.02881   0.02105         0
   100/219     2.47G   0.01375  0.004482         0   0.01823         0       256    0.7187    0.9643     0.908    0.6072   0.02873   0.02135         0
   101/219     2.47G   0.01383   0.00435         0   0.01818         0       256    0.8112    0.9643    0.9292    0.6548   0.02883   0.02221         0
   102/219     2.47G   0.01143  0.004129         0   0.01556         0       256    0.8176    0.9605    0.9333    0.6308   0.02904    0.0223         0
   103/219     2.47G   0.01184  0.004233         0   0.01608         0       256    0.8271    0.9286    0.9236    0.6599    0.0298   0.02242         0
   104/219     2.47G    0.0135  0.004367         0   0.01787         0       256    0.8473    0.9286    0.9251    0.6715   0.02892   0.02283         0
   105/219     2.47G   0.01128  0.004038         0   0.01532         0       256    0.8111    0.9201    0.9113    0.6665   0.02979   0.02301         0
   106/219     2.47G   0.01161  0.004021         0   0.01563         0       256    0.8272    0.9286    0.9278    0.6568   0.02904   0.02231         0
   107/219     2.47G   0.01063  0.003959         0   0.01459         0       256    0.8319    0.9286     0.919    0.6692   0.02891   0.02263         0
   108/219     2.47G   0.01123  0.003926         0   0.01516         0       256     0.785    0.9129    0.9089    0.6239   0.02984   0.02334         0
   109/219     2.47G   0.01054  0.003766         0   0.01431         0       256    0.8352    0.8929    0.9127    0.6515   0.02931   0.02332         0
   110/219     2.47G   0.01109  0.003843         0   0.01494         0       256    0.8116    0.9286    0.9184     0.653   0.02951   0.02281         0
   111/219     2.47G  0.009573  0.003746         0   0.01332         0       256    0.8506    0.8929    0.9147    0.6616   0.03042   0.02315         0
   112/219     2.47G   0.01277  0.004088         0   0.01686         0       256    0.8623    0.8943    0.9202    0.6724   0.02986   0.02322         0
   113/219     2.47G   0.01007  0.003861         0   0.01393         0       256    0.8927     0.891    0.9193    0.6713   0.02897   0.02366         0
   114/219     2.47G  0.009563  0.003709         0   0.01327         0       256    0.8031    0.8742    0.9111    0.6427   0.02829   0.02362         0
   115/219     2.47G  0.008437  0.003497         0   0.01193         0       256    0.7774    0.8731    0.9047    0.6253   0.02884   0.02345         0
   116/219     2.47G   0.01289  0.004258         0   0.01715         0       256    0.7983    0.8571    0.8985    0.6203   0.02893   0.02339         0
   117/219     2.47G  0.009766  0.003647         0   0.01341         0       256    0.7691    0.8571    0.8947    0.6432   0.02922   0.02412         0
   118/219     2.47G  0.009187  0.003719         0   0.01291         0       256    0.7505    0.8596     0.892     0.646   0.02867   0.02393         0
   119/219     2.47G  0.008891   0.00356         0   0.01245         0       256    0.7909    0.8571    0.9078    0.6582   0.02933   0.02438         0
   120/219     2.47G   0.01265  0.004239         0   0.01689         0       256    0.7661    0.8571    0.8854    0.6474   0.03021    0.0254         0
   121/219     2.47G  0.009535  0.003686         0   0.01322         0       256    0.8583    0.8653    0.9092    0.6373    0.0308   0.02597         0
   122/219     2.47G   0.00978  0.003854         0   0.01363         0       256    0.8028    0.8571    0.9025    0.6616   0.02991   0.02457         0
   123/219     2.47G  0.009289  0.003614         0    0.0129         0       256    0.7971    0.8571    0.9009    0.6617   0.02989   0.02413         0
   124/219     2.47G   0.01092  0.003899         0   0.01482         0       256    0.7318    0.8571    0.8993    0.6341   0.02922   0.02344         0
   125/219     2.47G   0.01172  0.004031         0   0.01575         0       256    0.7345    0.8571    0.8972    0.6217   0.02887   0.02364         0
   126/219     2.47G  0.008738  0.003569         0   0.01231         0       256    0.7848    0.9118    0.9112    0.6513   0.02844   0.02288         0
   127/219     2.47G  0.009083  0.003559         0   0.01264         0       256    0.8072    0.8975    0.9165     0.638   0.02926   0.02265         0
   128/219     2.47G   0.01013  0.003851         0   0.01398         0       256    0.8182    0.9286    0.9283    0.6578   0.02957   0.02239         0
   129/219     2.47G   0.01013  0.003712         0   0.01384         0       256    0.8459    0.9286    0.9373    0.6612   0.02926   0.02272         0
   130/219     2.47G  0.008668  0.003563         0   0.01223         0       256    0.7929    0.9643    0.9375    0.6615   0.02868    0.0221         0
   131/219     2.47G  0.008015  0.003424         0   0.01144         0       256    0.7655    0.9326    0.9303    0.6423   0.02901   0.02225         0
   132/219     2.47G  0.008903  0.003552         0   0.01245         0       256     0.748    0.9543    0.9148    0.6301   0.02894   0.02234         0
   133/219     2.47G  0.007316  0.003172         0   0.01049         0       256    0.7283    0.9643    0.9075    0.6205   0.02843   0.02198         0
   134/219     2.47G  0.009095   0.00352         0   0.01261         0       256    0.7265    0.9643    0.9136    0.6273   0.02854    0.0215         0
   135/219     2.47G  0.009037  0.003475         0   0.01251         0       256    0.7084    0.9643    0.8808    0.5589   0.02902   0.02231         0
   136/219     2.47G   0.01161  0.003877         0   0.01549         0       256    0.8393    0.9643     0.926     0.677   0.02906   0.02245         0
   137/219     2.47G  0.008306   0.00341         0   0.01172         0       256     0.885    0.9643     0.936    0.6466   0.02924   0.02316         0
   138/219     2.47G  0.008864   0.00344         0    0.0123         0       256    0.8497    0.9643    0.9421    0.6769    0.0284    0.0217         0
   139/219     2.47G  0.008157  0.003387         0   0.01154         0       256    0.8731    0.9643    0.9392    0.6823    0.0281   0.02107         0
   140/219     2.47G  0.008485  0.003494         0   0.01198         0       256    0.8124    0.9643      0.94    0.6607   0.02791   0.02113         0
   141/219     2.47G  0.008574  0.003304         0   0.01188         0       256    0.7892    0.9643    0.9362    0.6717   0.02792   0.02163         0
   142/219     2.47G  0.007415  0.003051         0   0.01047         0       256     0.766    0.9643    0.9306    0.6693   0.02795   0.02185         0
   143/219     2.47G  0.008273  0.003269         0   0.01154         0       256    0.7631    0.9643    0.9332    0.6572   0.02816   0.02237         0
   144/219     2.47G  0.009342  0.003628         0   0.01297         0       256    0.7748    0.9643    0.9323    0.6633   0.02849   0.02322         0
   145/219     2.47G  0.007376  0.003123         0    0.0105         0       256    0.7901    0.9643    0.9317    0.6577   0.02905   0.02375         0
   146/219     2.47G  0.007984  0.003267         0   0.01125         0       256    0.7703    0.9643    0.9336    0.6569   0.02841   0.02282         0
   147/219     2.47G   0.00601  0.002866         0  0.008876         0       256    0.7811    0.9643    0.9231    0.6637   0.02829   0.02258         0
   148/219     2.47G  0.008051  0.003264         0   0.01131         0       256     0.784    0.9643    0.9236    0.6464   0.02802   0.02204         0
   149/219     2.47G  0.007857   0.00314         0     0.011         0       256     0.765    0.9643    0.9236    0.6245    0.0277   0.02222         0
   150/219     2.47G  0.006961  0.002937         0  0.009898         0       256    0.7694    0.9643    0.9278    0.6421   0.02791   0.02211         0
   151/219     2.47G  0.007511  0.003103         0   0.01061         0       256    0.8128    0.9643    0.9276    0.6645   0.02799   0.02251         0
   152/219     2.47G  0.006212  0.002868         0   0.00908         0       256    0.8463    0.9643    0.9355     0.673   0.02849   0.02295         0
   153/219     2.47G  0.006277   0.00288         0  0.009157         0       256    0.8483    0.9643    0.9366    0.6779   0.02866   0.02286         0
   154/219     2.47G  0.007207  0.003005         0   0.01021         0       256    0.8037    0.9643    0.9367    0.6719     0.028   0.02226         0
   155/219     2.47G   0.00689  0.002928         0  0.009818         0       256    0.7892    0.9643    0.9338    0.6629   0.02853   0.02237         0
   156/219     2.47G  0.008103  0.003287         0   0.01139         0       256    0.7814    0.9643    0.9259    0.6695   0.02865   0.02248         0
   157/219     2.47G  0.007366  0.002998         0   0.01036         0       256    0.8066    0.9643    0.9354    0.6781   0.02843   0.02237         0
   158/219     2.47G  0.006088  0.002819         0  0.008907         0       256    0.8037    0.9643    0.9359    0.6664   0.02801   0.02179         0
   159/219     2.47G  0.006933  0.002949         0  0.009883         0       256    0.8041    0.9643    0.9324    0.6662   0.02811   0.02194         0
   160/219     2.47G  0.009002  0.003388         0   0.01239         0       256    0.8042    0.9643      0.94    0.6763   0.02787   0.02209         0
   161/219     2.47G  0.007094  0.003058         0   0.01015         0       256    0.8171    0.9643    0.9327    0.6759   0.02783   0.02223         0
   162/219     2.47G  0.006266  0.002851         0  0.009117         0       256    0.7797    0.9643    0.9307     0.661   0.02774    0.0218         0
   163/219     2.47G  0.006298   0.00284         0  0.009138         0       256    0.8136    0.9643    0.9335    0.6741   0.02788   0.02188         0
   164/219     2.47G  0.007146  0.003089         0   0.01024         0       256    0.8053    0.9643    0.9329     0.671   0.02802   0.02218         0
   165/219     2.47G  0.005797  0.002691         0  0.008488         0       256    0.7822    0.9643    0.9298    0.6621   0.02835   0.02243         0
   166/219     2.47G  0.006109  0.002724         0  0.008833         0       256    0.7746    0.9643    0.9334    0.6621   0.02791   0.02211         0
   167/219     2.47G  0.006213   0.00274         0  0.008953         0       256    0.7938    0.9643    0.9347    0.6696   0.02817   0.02228         0
   168/219     2.47G  0.006346  0.002799         0  0.009145         0       256    0.8047    0.9643     0.936    0.6644   0.02833   0.02241         0
   169/219     2.47G  0.006015  0.002734         0  0.008748         0       256     0.832    0.9643    0.9367    0.6686   0.02848   0.02258         0
   170/219     2.47G  0.006446   0.00279         0  0.009235         0       256    0.8348    0.9643    0.9393    0.6665   0.02845   0.02224         0
   171/219     2.47G  0.006502  0.002777         0  0.009279         0       256    0.8709    0.9634    0.9379    0.6759   0.02849   0.02277         0
   172/219     2.47G  0.006859  0.002929         0  0.009787         0       256    0.8463    0.9643    0.9393    0.6796   0.02841   0.02305         0
   173/219     2.47G  0.005234  0.002526         0  0.007759         0       256    0.8498    0.9643    0.9342     0.681    0.0282   0.02322         0
   174/219     2.47G  0.005512  0.002554         0  0.008066         0       256    0.8008    0.9643     0.936    0.6549   0.02793   0.02252         0
   175/219     2.47G  0.004296  0.002313         0  0.006609         0       256    0.8003    0.9643    0.9342    0.6726   0.02804   0.02276         0
   176/219     2.47G  0.005564  0.002653         0  0.008216         0       256    0.7944    0.9643    0.9334    0.6783   0.02806   0.02288         0
   177/219     2.47G   0.00531  0.002535         0  0.007845         0       256    0.7694    0.9643    0.9244    0.6629    0.0284    0.0231         0
   178/219     2.47G  0.006222  0.002635         0  0.008857         0       256    0.8037    0.9643    0.9344    0.6683   0.02799   0.02256         0
   179/219     2.47G  0.005118  0.002474         0  0.007592         0       256    0.8124    0.9286    0.9287    0.6666   0.02836   0.02309         0
   180/219     2.47G  0.005055  0.002488         0  0.007543         0       256    0.8425    0.9555    0.9341    0.6859   0.02857   0.02348         0
   181/219     2.47G  0.005144  0.002454         0  0.007598         0       256    0.7983    0.9286    0.9255    0.6704   0.02875   0.02384         0
   182/219     2.47G  0.005556  0.002525         0  0.008081         0       256      0.83    0.9643    0.9368    0.6899   0.02846   0.02342         0
   183/219     2.47G  0.005591  0.002522         0  0.008113         0       256    0.8355    0.9286    0.9353    0.6698   0.02873   0.02379         0
   184/219     2.47G  0.005505  0.002653         0  0.008159         0       256    0.8619    0.9286    0.9348    0.6728   0.02875   0.02402         0
   185/219     2.47G  0.005527  0.002513         0  0.008041         0       256    0.8762    0.9286    0.9358    0.6775   0.02899   0.02416         0
   186/219     2.47G   0.00539  0.002523         0  0.007914         0       256    0.8225    0.9643    0.9393    0.6824    0.0284    0.0236         0
   187/219     2.47G  0.004459  0.002349         0  0.006808         0       256    0.8303    0.9286    0.9362    0.6695   0.02865   0.02378         0
   188/219     2.47G  0.005135  0.002514         0  0.007649         0       256    0.8296    0.9643    0.9382    0.6807   0.02869   0.02349         0
   189/219     2.47G  0.004993  0.002404         0  0.007397         0       256    0.8238    0.9643    0.9342    0.6578   0.02875   0.02364         0
   190/219     2.47G  0.005326  0.002431         0  0.007756         0       256    0.7933    0.9643    0.9367    0.6662   0.02815   0.02283         0
   191/219     2.47G   0.00485  0.002374         0  0.007224         0       256    0.8162    0.9643    0.9368    0.6677   0.02823   0.02287         0
   192/219     2.47G  0.005129  0.002518         0  0.007647         0       256    0.8215    0.9643    0.9392     0.678   0.02834   0.02293         0
   193/219     2.47G  0.004944  0.002395         0  0.007339         0       256    0.8177    0.9643    0.9342    0.6784   0.02826   0.02313         0
   194/219     2.47G  0.004331  0.002218         0  0.006549         0       256    0.8181    0.9643    0.9368    0.6785   0.02792   0.02257         0
   195/219     2.47G  0.003815  0.002151         0  0.005966         0       256    0.8172    0.9643    0.9356    0.6796   0.02816    0.0227         0
   196/219     2.47G  0.005132  0.002465         0  0.007597         0       256    0.7892    0.9643    0.9385    0.6797     0.028   0.02262         0
   197/219     2.47G   0.00423  0.002262         0  0.006492         0       256    0.7864    0.9643    0.9411    0.6761   0.02811   0.02264         0
   198/219     2.47G   0.00486   0.00236         0   0.00722         0       256    0.7902    0.9643    0.9411    0.6746   0.02781   0.02223         0
   199/219     2.47G  0.004645  0.002301         0  0.006946         0       256    0.7926    0.9643    0.9411    0.6706   0.02795   0.02269         0
   200/219     2.47G  0.005835  0.002688         0  0.008523         0       256    0.7988    0.9643    0.9411    0.6805   0.02803   0.02308         0
   201/219     2.47G  0.004575  0.002265         0   0.00684         0       256    0.8313    0.9643    0.9393    0.6798   0.02828   0.02354         0
   202/219     2.47G  0.004086  0.002195         0   0.00628         0       256    0.8252    0.9643    0.9421    0.6848   0.02811    0.0232         0
   203/219     2.47G  0.003634   0.00211         0  0.005743         0       256    0.8271    0.9643    0.9404    0.6883   0.02853   0.02354         0
   204/219     2.47G   0.00461  0.002354         0  0.006963         0       256    0.8235    0.9643    0.9363     0.683   0.02857   0.02373         0
   205/219     2.47G  0.004043  0.002132         0  0.006175         0       256    0.8022    0.9643    0.9333    0.6666   0.02846    0.0238         0
   206/219     2.47G  0.004811  0.002284         0  0.007095         0       256    0.7989    0.9643    0.9337    0.6843   0.02817   0.02352         0
   207/219     2.47G  0.003793  0.002111         0  0.005904         0       256    0.8098    0.9643    0.9311    0.6648   0.02843   0.02385         0
   208/219     2.47G  0.005432  0.002574         0  0.008005         0       256    0.8436    0.9633    0.9352    0.6871    0.0289   0.02411         0
   209/219     2.47G  0.004246  0.002158         0  0.006404         0       256    0.8138    0.9286    0.9361    0.6707    0.0289   0.02437         0
   210/219     2.47G   0.00394  0.002153         0  0.006093         0       256    0.8121    0.9643    0.9367    0.6822   0.02857   0.02363         0
   211/219     2.47G  0.003956  0.002188         0  0.006144         0       256     0.814    0.9643    0.9316    0.6822   0.02866    0.0239         0
   212/219     2.47G  0.005175  0.002483         0  0.007658         0       256    0.7909    0.9643    0.9176    0.6543   0.02866   0.02412         0
   213/219     2.47G  0.005907  0.002524         0  0.008431         0       256    0.8144    0.9405    0.9309    0.6645    0.0288   0.02455         0
   214/219     2.47G  0.004311  0.002123         0  0.006433         0       256    0.8135    0.9348    0.9308    0.6773   0.02838   0.02403         0
   215/219     2.47G  0.004814  0.002317         0  0.007131         0       256    0.8258    0.9286    0.9304    0.6771   0.02867   0.02428         0
   216/219     2.47G  0.003966  0.002183         0  0.006149         0       256    0.7987    0.9286    0.9245    0.6701   0.02892   0.02448         0
   217/219     2.47G  0.004626  0.002305         0  0.006931         0       256    0.8375    0.8929    0.9298     0.669   0.02898   0.02479         0
   218/219     2.47G  0.004569  0.002201         0   0.00677         0       256    0.8166    0.9286     0.934    0.6747   0.02855   0.02409         0
   219/219     2.47G  0.004648  0.002211         0  0.006859         0       256    0.8181    0.9286    0.9303    0.6795   0.02891   0.02434         0
