     0/219     2.47G   0.08932   0.03258         0    0.1219         0       256         0         0 0.0001381  2.44e-05    0.0975   0.03565         0
     1/219     2.47G   0.07685   0.03399         0    0.1108         0       256         0         0  0.001189 0.0001572    0.0888   0.03639         0
     2/219     2.47G   0.06889   0.03429         0    0.1032         0       256         0         0  0.004827 0.0007913   0.07795   0.03836         0
     3/219     2.47G   0.06005    0.0345         0   0.09456         0       256         0         0   0.03306  0.005676   0.07192   0.03663         0
     4/219     2.47G     0.055   0.03127         0   0.08627         0       256    0.3782    0.6786    0.5004    0.1655   0.06099    0.0325         0
     5/219     2.47G   0.05409   0.02588         0   0.07997         0       256    0.3551    0.8571     0.569    0.1516   0.05361   0.02939         0
     6/219     2.47G   0.05581   0.02179         0    0.0776         0       256     0.273      0.75     0.279   0.07365   0.06241   0.02448         0
     7/219     2.47G   0.05537   0.01978         0   0.07515         0       256      0.23    0.8571    0.3617    0.1648   0.06112     0.023         0
     8/219     2.47G   0.06075   0.01654         0   0.07729         0       256    0.2575    0.8214    0.6166    0.1171   0.06849   0.02236         0
     9/219     2.47G   0.06089   0.01638         0   0.07727         0       256    0.1335    0.9286    0.4242    0.1266   0.06826   0.01963         0
    10/219     2.47G   0.06201    0.0148         0   0.07682         0       256    0.1617    0.8929    0.2776   0.08794    0.0712   0.01785         0
    11/219     2.47G   0.06208   0.01405         0   0.07613         0       256     0.144      0.75    0.2437    0.1034   0.09082    0.0162         0
    12/219     2.47G   0.06981    0.0208         0    0.0906         0       256    0.2695    0.7857    0.3984    0.1163   0.06765    0.0232         0
    13/219     2.47G   0.05866   0.01996         0   0.07862         0       256    0.1729         1    0.6908    0.1862   0.06755   0.02352         0
    14/219     2.47G   0.06021   0.01837         0   0.07858         0       256     0.238    0.8214    0.5658    0.3192   0.05837   0.02354         0
    15/219     2.47G   0.05176   0.01773         0   0.06949         0       256    0.2027      0.75    0.2998    0.1183   0.05804   0.02323         0
    16/219     2.47G   0.05261   0.01558         0   0.06819         0       256    0.1225    0.9643    0.3513    0.1569   0.06119   0.01887         0
    17/219     2.47G   0.05392   0.01693         0   0.07086         0       256    0.3033    0.8571    0.6643    0.2286   0.05253   0.02453         0
    18/219     2.47G   0.04881   0.01534         0   0.06416         0       256    0.2159    0.9286    0.6354    0.2148   0.04833   0.02064         0
    19/219     2.47G   0.04892   0.01229         0   0.06121         0       256    0.1767    0.9286    0.6173    0.1113   0.06023   0.01933         0
    20/219     2.47G   0.05362   0.01354         0   0.06716         0       256    0.2433    0.9643    0.8708    0.2598   0.05901    0.0165         0
    21/219     2.47G   0.05192   0.01178         0   0.06371         0       256    0.2951    0.9643    0.5919    0.1615   0.05434   0.01944         0
    22/219     2.47G   0.04986   0.01344         0    0.0633         0       256    0.3109    0.9643    0.7946    0.4211   0.04487   0.01946         0
    23/219     2.47G   0.04164   0.01385         0   0.05549         0       256    0.2327    0.9643    0.7807    0.2424   0.04777   0.02103         0
    24/219     2.47G    0.0448   0.01312         0   0.05792         0       256    0.3146    0.9643    0.7207    0.3587   0.04149    0.0208         0
    25/219     2.47G    0.0386   0.01184         0   0.05044         0       256    0.4537    0.9286    0.7531    0.3276   0.03985   0.02099         0
    26/219     2.47G   0.03453   0.01082         0   0.04535         0       256    0.3782    0.9286    0.8434    0.5288    0.0367   0.01877         0
    27/219     2.47G   0.03248  0.009132         0   0.04161         0       256    0.3021    0.9286    0.7724    0.5062   0.03989   0.01901         0
    28/219     2.47G   0.03557  0.009463         0   0.04503         0       256     0.364    0.8929    0.7703      0.35   0.04786   0.02266         0
    29/219     2.47G   0.04187  0.009797         0   0.05166         0       256    0.4012    0.8929    0.7846    0.4071   0.03933   0.02376         0
    30/219     2.47G   0.03217  0.009625         0    0.0418         0       256    0.4923    0.9643    0.9463    0.6278   0.03558    0.0176         0
    31/219     2.47G   0.03264   0.00896         0    0.0416         0       256    0.2416    0.9643    0.9029    0.6278   0.04441   0.01818         0
    32/219     2.47G   0.04253  0.009181         0   0.05171         0       256    0.3392    0.9643    0.7815     0.388    0.0399   0.01836         0
    33/219     2.47G   0.03061   0.01088         0   0.04149         0       256     0.567    0.9643    0.8954    0.6051   0.03361   0.01977         0
    34/219     2.47G   0.02977  0.009968         0   0.03973         0       256    0.4097    0.9643     0.879    0.5372   0.03839    0.0191         0
    35/219     2.47G   0.03141  0.009169         0   0.04057         0       256    0.4595    0.9286    0.8914    0.6164   0.03751   0.01901         0
    36/219     2.47G   0.02995  0.009108         0   0.03906         0       256    0.4419    0.9286    0.8691    0.6005   0.03536    0.0197         0
    37/219     2.47G     0.032  0.008148         0   0.04015         0       256    0.4524    0.9643    0.8845    0.5539   0.03514   0.01878         0
    38/219     2.47G   0.02713  0.007902         0   0.03503         0       256    0.4516    0.9286    0.9014    0.5946   0.03371   0.01863         0
    39/219     2.47G   0.02575    0.0076         0   0.03335         0       256    0.4687    0.9286    0.9034    0.6278   0.03631   0.01911         0
    40/219     2.47G   0.03103  0.007445         0   0.03848         0       256    0.6273    0.9286    0.9052    0.6207   0.03481   0.02136         0
    41/219     2.47G   0.02501  0.008146         0   0.03316         0       256    0.6516    0.9286    0.8743    0.6027   0.03528   0.02251         0
    42/219     2.47G   0.02543  0.007599         0   0.03303         0       256     0.598    0.9286    0.9086    0.6286   0.03397   0.01954         0
    43/219     2.47G     0.025  0.007397         0   0.03239         0       256    0.4535    0.9643    0.9431    0.5716    0.0335   0.01795         0
    44/219     2.47G   0.02637  0.007603         0   0.03397         0       256    0.4418    0.9643    0.9237    0.5832   0.03287   0.01798         0
    45/219     2.47G   0.02385  0.007327         0   0.03117         0       256    0.4591    0.9643    0.9422    0.6232    0.0307    0.0183         0
    46/219     2.47G   0.02104  0.006736         0   0.02778         0       256     0.481    0.9643    0.9465    0.6159   0.03186   0.01806         0
    47/219     2.47G   0.02347  0.006704         0   0.03017         0       256     0.499    0.9643    0.9331    0.5845    0.0331   0.01747         0
    48/219     2.47G   0.02469  0.006597         0   0.03128         0       256    0.5841    0.9643    0.9471       0.6   0.03219   0.01743         0
    49/219     2.47G   0.02279  0.006618         0    0.0294         0       256     0.648    0.9643     0.948     0.679    0.0334   0.01786         0
    50/219     2.47G   0.02118  0.006359         0   0.02754         0       256    0.6262    0.9643    0.9556    0.6776   0.03129   0.01707         0
    51/219     2.47G   0.01948  0.006026         0   0.02551         0       256    0.6824    0.9643    0.9562    0.6805   0.03112   0.01723         0
    52/219     2.47G   0.02421  0.006479         0   0.03069         0       256    0.6626    0.9643    0.9521    0.6359   0.03137   0.01835         0
    53/219     2.47G      0.02  0.006176         0   0.02618         0       256    0.6552    0.9286    0.9388    0.6293   0.03424   0.01965         0
    54/219     2.47G    0.0205  0.006024         0   0.02653         0       256    0.6441    0.9643    0.9386    0.5669   0.03357   0.01881         0
    55/219     2.47G   0.01986  0.005964         0   0.02582         0       256    0.6198    0.9643    0.9522    0.6222    0.0336   0.01857         0
    56/219     2.47G   0.02243  0.006124         0   0.02856         0       256    0.5464    0.9643     0.883    0.6096   0.03393   0.01848         0
    57/219     2.47G   0.02238  0.006182         0   0.02856         0       256    0.5995    0.9643    0.9324    0.6072   0.03347   0.01812         0
    58/219     2.47G   0.02059  0.006001         0   0.02659         0       256    0.6372    0.9643    0.9546    0.6677   0.03013   0.01673         0
    59/219     2.47G   0.01664  0.005521         0   0.02216         0       256    0.5969    0.9643    0.9521    0.6827   0.03032   0.01615         0
    60/219     2.47G   0.02038  0.005823         0   0.02621         0       256    0.5825    0.9643    0.9521    0.6885      0.03   0.01638         0
    61/219     2.47G   0.01874  0.005709         0   0.02445         0       256    0.6346    0.9643    0.9519    0.6185   0.03015   0.01745         0
    62/219     2.47G   0.01872  0.005521         0   0.02424         0       256    0.6527    0.9643    0.9482     0.663   0.03046   0.01758         0
    63/219     2.47G   0.01794  0.005532         0   0.02347         0       256    0.7241    0.9643    0.9496    0.6726    0.0305    0.0178         0
    64/219     2.47G   0.01732   0.00547         0   0.02279         0       256    0.6002    0.9643    0.9395    0.6442   0.03149   0.01817         0
    65/219     2.47G   0.01893  0.005699         0   0.02463         0       256    0.6537    0.9643    0.9304    0.6075   0.03246   0.01866         0
    66/219     2.47G   0.01903  0.005607         0   0.02464         0       256    0.6553    0.9643    0.9459    0.6826   0.03049   0.01886         0
    67/219     2.47G   0.01409  0.005149         0   0.01924         0       256    0.7126    0.9643     0.951     0.664   0.02964   0.01823         0
    68/219     2.47G   0.01671  0.005214         0   0.02193         0       256    0.6259    0.9643    0.9455    0.5441   0.03248   0.01864         0
    69/219     2.47G   0.02311  0.006186         0   0.02929         0       256    0.7836    0.9643    0.9489    0.6374   0.03305    0.0204         0
    70/219     2.47G    0.0187  0.005695         0   0.02439         0       256    0.7605    0.9643    0.9453    0.6354   0.03083   0.02085         0
    71/219     2.47G   0.01374  0.005098         0   0.01883         0       256    0.7551    0.9643    0.9492    0.6521   0.03095   0.01982         0
    72/219     2.47G   0.01567  0.005153         0   0.02082         0       256    0.6909    0.9643    0.9477    0.6459   0.02983   0.01902         0
    73/219     2.47G   0.01798  0.005299         0   0.02327         0       256    0.6523    0.9643    0.9285    0.6515   0.03064   0.01948         0
    74/219     2.47G   0.01631  0.005165         0   0.02148         0       256    0.6706    0.9643    0.9477    0.6793    0.0299   0.01924         0
    75/219     2.47G   0.01467  0.004911         0   0.01958         0       256    0.6906    0.9643     0.949    0.6839   0.02957   0.01872         0
    76/219     2.47G   0.01657  0.005335         0   0.02191         0       256    0.6564    0.9643    0.9446    0.6275   0.03022   0.01811         0
    77/219     2.47G   0.01518   0.00497         0   0.02015         0       256    0.7051    0.9643    0.9433    0.6773   0.03061   0.01821         0
    78/219     2.47G   0.01497  0.004847         0   0.01982         0       256    0.6539    0.9643    0.9341    0.6838   0.02809    0.0181         0
    79/219     2.47G    0.0145  0.004745         0   0.01925         0       256    0.6894    0.9643    0.9373    0.6885   0.02965   0.01835         0
    80/219     2.47G   0.01576   0.00483         0   0.02059         0       256    0.7054    0.9643      0.94    0.6817   0.02926   0.01821         0
    81/219     2.47G   0.01167  0.004499         0   0.01617         0       256    0.7046    0.9643    0.9416    0.6135   0.03133   0.01814         0
    82/219     2.47G   0.01503  0.004815         0   0.01985         0       256    0.6979    0.9643    0.9403    0.6872   0.02888   0.01793         0
    83/219     2.47G   0.01546  0.004697         0   0.02015         0       256    0.7351    0.9643    0.9376    0.6499    0.0297   0.01878         0
    84/219     2.47G   0.01396  0.004835         0    0.0188         0       256    0.7141    0.9643    0.9376    0.6486    0.0313   0.01893         0
    85/219     2.47G   0.01702  0.005059         0   0.02208         0       256    0.7351    0.9643    0.9401    0.6801   0.02942    0.0192         0
    86/219     2.47G   0.01337  0.004455         0   0.01783         0       256    0.6929    0.9643    0.9517    0.7058   0.02848   0.01821         0
    87/219     2.47G   0.01281  0.004478         0   0.01729         0       256    0.6785    0.9643     0.953     0.688   0.02827   0.01805         0
    88/219     2.47G   0.01546  0.004808         0   0.02026         0       256    0.6241    0.9643    0.9493     0.681   0.02978   0.01799         0
    89/219     2.47G   0.01445  0.004663         0   0.01911         0       256    0.6872    0.9643    0.9491    0.6677   0.02887    0.0185         0
    90/219     2.47G   0.01243  0.004385         0   0.01682         0       256    0.6497    0.9643    0.9484    0.6672   0.02835   0.01863         0
    91/219     2.47G   0.01555  0.004807         0   0.02036         0       256    0.7181    0.9643    0.9469    0.6847   0.02796   0.01868         0
    92/219     2.47G   0.01315  0.004581         0   0.01773         0       256    0.6809    0.9643    0.9506    0.6654   0.02798   0.01861         0
    93/219     2.47G   0.01341  0.004481         0    0.0179         0       256    0.6662    0.9643    0.9466    0.6966   0.02898   0.01898         0
    94/219     2.47G   0.01317  0.004352         0   0.01752         0       256    0.6494    0.9643    0.9454    0.6813   0.02854   0.01914         0
    95/219     2.47G   0.01406  0.004411         0   0.01847         0       256    0.6482    0.9643     0.948    0.6763   0.02907   0.01927         0
    96/219     2.47G   0.01464  0.004667         0    0.0193         0       256    0.6835    0.9643    0.9493    0.6908    0.0282   0.01951         0
    97/219     2.47G   0.01097  0.004256         0   0.01523         0       256    0.6994    0.9643    0.9504    0.6567   0.02902   0.01938         0
    98/219     2.47G   0.01206  0.004264         0   0.01632         0       256    0.6576    0.9643    0.9511    0.7014   0.02809   0.01888         0
    99/219     2.47G   0.01395  0.004253         0    0.0182         0       256    0.6702    0.9643    0.9466    0.6818   0.02877     0.019         0
   100/219     2.47G   0.01216  0.004235         0    0.0164         0       256    0.7174    0.9643    0.9463    0.6767    0.0296   0.01939         0
   101/219     2.47G    0.0115  0.004055         0   0.01556         0       256    0.7109    0.9643    0.9478    0.6658   0.03027   0.01943         0
   102/219     2.47G   0.01187  0.004041         0   0.01591         0       256    0.6638    0.9643     0.948      0.69   0.03096   0.01945         0
   103/219     2.47G   0.01292  0.004238         0   0.01716         0       256    0.7333    0.9643    0.9491    0.7006   0.02995   0.01951         0
   104/219     2.47G   0.01131  0.003981         0   0.01529         0       256    0.6904    0.9643    0.9474    0.6756   0.03016   0.02004         0
   105/219     2.47G   0.01271  0.004132         0   0.01684         0       256    0.7013    0.9643    0.9455    0.6352   0.03006   0.02038         0
   106/219     2.47G   0.01062  0.003851         0   0.01447         0       256    0.7212    0.9643    0.9464    0.6732   0.02975   0.02051         0
   107/219     2.47G   0.01044  0.003863         0    0.0143         0       256    0.6946    0.9643    0.9474    0.6554   0.03041   0.02045         0
   108/219     2.47G   0.01257  0.004197         0   0.01677         0       256    0.7017    0.9643    0.9469    0.6687   0.02985   0.02039         0
   109/219     2.47G   0.01033  0.003814         0   0.01414         0       256    0.6655    0.9643    0.9446    0.6784   0.02916   0.02007         0
   110/219     2.47G   0.01054  0.003806         0   0.01435         0       256     0.715    0.9643    0.9455    0.6893   0.02874   0.01964         0
   111/219     2.47G   0.01002   0.00371         0   0.01373         0       256    0.7307    0.9643    0.9466    0.6927   0.02947   0.01997         0
   112/219     2.47G   0.01611  0.004763         0   0.02087         0       256    0.6841    0.9643    0.9474    0.7027   0.02961   0.02006         0
   113/219     2.47G   0.01099  0.004003         0   0.01499         0       256    0.7342    0.9643    0.9485    0.7041   0.02908   0.02091         0
   114/219     2.47G  0.009541  0.003784         0   0.01333         0       256    0.7154    0.9643    0.9491    0.6997   0.02815   0.02036         0
   115/219     2.47G  0.009209  0.003624         0   0.01283         0       256     0.713    0.9643     0.948    0.6935   0.02861   0.02033         0
   116/219     2.47G   0.01089  0.003995         0   0.01489         0       256    0.6928    0.9643    0.9438    0.6814   0.02835   0.02019         0
   117/219     2.47G   0.01173  0.003867         0   0.01559         0       256    0.7108    0.9643    0.9402    0.6847   0.02874   0.02064         0
   118/219     2.47G   0.01061  0.003664         0   0.01428         0       256    0.6634    0.9643    0.9438    0.6986   0.02823    0.0204         0
   119/219     2.47G   0.01016  0.003737         0    0.0139         0       256    0.7176    0.9643    0.9417    0.6745   0.02892   0.02062         0
   120/219     2.47G   0.01167  0.004028         0   0.01569         0       256    0.7045    0.9643    0.9417    0.6745   0.02887   0.02068         0
   121/219     2.47G   0.01173  0.003932         0   0.01566         0       256    0.7096    0.9643    0.9433    0.6868   0.02847   0.02091         0
   122/219     2.47G  0.009749  0.003736         0   0.01349         0       256    0.6947    0.9643    0.9459    0.7034   0.02825   0.02045         0
   123/219     2.47G  0.009457   0.00367         0   0.01313         0       256    0.6997    0.9643    0.9491    0.6969   0.02907   0.02002         0
   124/219     2.47G   0.01169  0.003912         0    0.0156         0       256    0.7008    0.9643     0.948    0.6767   0.02924   0.01965         0
   125/219     2.47G  0.009936  0.003651         0   0.01359         0       256    0.7502    0.9643     0.949    0.6807   0.03004   0.01967         0
   126/219     2.47G   0.01015  0.003618         0   0.01377         0       256    0.7515    0.9643    0.9479    0.6815   0.02899   0.01936         0
   127/219     2.47G  0.008476  0.003363         0   0.01184         0       256     0.751    0.9643    0.9532    0.6802   0.02957   0.01914         0
   128/219     2.47G   0.01074  0.003716         0   0.01445         0       256    0.7604    0.9643    0.9517    0.6793   0.02902   0.01933         0
   129/219     2.47G  0.008819  0.003488         0   0.01231         0       256    0.6971    0.9643    0.9544    0.6857   0.02934   0.01961         0
   130/219     2.47G  0.009602  0.003515         0   0.01312         0       256     0.759    0.9643    0.9559    0.6848   0.02882    0.0193         0
   131/219     2.47G  0.008495  0.003324         0   0.01182         0       256    0.7324    0.9643    0.9559    0.7116   0.02905   0.01952         0
   132/219     2.47G    0.0105   0.00375         0   0.01425         0       256    0.7159    0.9643    0.9544    0.6874   0.02913   0.01945         0
   133/219     2.47G  0.007535  0.003157         0   0.01069         0       256    0.7166    0.9643    0.9518    0.6496   0.02951   0.01945         0
   134/219     2.47G  0.009782  0.003463         0   0.01324         0       256    0.7369    0.9643    0.9517    0.6813   0.02904   0.01949         0
   135/219     2.47G  0.008372  0.003294         0   0.01167         0       256    0.7377    0.9643    0.9502    0.6873   0.02939   0.01949         0
   136/219     2.47G  0.009224  0.003538         0   0.01276         0       256    0.7503    0.9643    0.9518    0.6908    0.0287   0.01975         0
   137/219     2.47G  0.008784  0.003279         0   0.01206         0       256    0.7193    0.9643    0.9502    0.6796   0.02904   0.02012         0
   138/219     2.47G  0.009766  0.003367         0   0.01313         0       256     0.716    0.9643    0.9532    0.6962   0.02857   0.02018         0
   139/219     2.47G  0.009158  0.003307         0   0.01247         0       256    0.7343    0.9643    0.9518    0.6905   0.02893   0.02021         0
   140/219     2.47G  0.008843   0.00344         0   0.01228         0       256    0.7263    0.9643     0.953     0.681   0.02845   0.02029         0
   141/219     2.47G  0.007583  0.003094         0   0.01068         0       256    0.6737    0.9643    0.9519    0.6891   0.02842   0.02037         0
   142/219     2.47G  0.007296  0.003092         0   0.01039         0       256    0.7174    0.9643    0.9519    0.6947   0.02808   0.02004         0
   143/219     2.47G  0.007212  0.003062         0   0.01027         0       256     0.701    0.9643     0.953    0.6887   0.02874   0.02007         0
   144/219     2.47G  0.008827  0.003418         0   0.01225         0       256     0.727    0.9643    0.9545     0.694   0.02875   0.02041         0
   145/219     2.47G   0.00934  0.003345         0   0.01268         0       256    0.6854    0.9643    0.9517    0.6621    0.0289   0.02062         0
   146/219     2.47G  0.009146  0.003275         0   0.01242         0       256    0.7155    0.9643    0.9543    0.6971   0.02873   0.02053         0
   147/219     2.47G   0.00702   0.00299         0   0.01001         0       256     0.742    0.9643    0.9545    0.6921   0.02898   0.02047         0
   148/219     2.47G  0.007169  0.003117         0   0.01029         0       256    0.7792    0.9643    0.9545    0.6811   0.02899   0.02031         0
   149/219     2.47G  0.008028  0.003183         0   0.01121         0       256    0.6693    0.9643    0.9545    0.6807    0.0292    0.0201         0
   150/219     2.47G  0.007214  0.002928         0   0.01014         0       256    0.7319    0.9643    0.9519    0.6694   0.02877   0.02011         0
   151/219     2.47G  0.007379  0.003022         0    0.0104         0       256      0.73    0.9643    0.9506    0.6822   0.02816   0.02027         0
   152/219     2.47G  0.007067  0.003069         0   0.01014         0       256    0.7413    0.9643    0.9506    0.6988   0.02816   0.02038         0
   153/219     2.47G  0.008169  0.003113         0   0.01128         0       256    0.6731    0.9643    0.9466    0.6911   0.02838   0.02047         0
   154/219     2.47G  0.006578  0.002776         0  0.009355         0       256    0.7141    0.9643     0.948    0.6961   0.02851   0.02047         0
   155/219     2.47G  0.006377  0.002818         0  0.009194         0       256    0.6999    0.9643    0.9491    0.6996   0.02853   0.02039         0
   156/219     2.47G  0.007257  0.003008         0   0.01027         0       256    0.7111    0.9643    0.9506    0.7013   0.02834   0.02029         0
   157/219     2.47G  0.008323  0.003083         0   0.01141         0       256    0.6989    0.9643    0.9491     0.687   0.02897   0.02027         0
   158/219     2.47G  0.006854  0.002804         0  0.009659         0       256    0.7143    0.9643    0.9491     0.687    0.0287   0.01998         0
   159/219     2.47G  0.006062   0.00273         0  0.008792         0       256    0.7197    0.9643    0.9545    0.7038   0.02903   0.01997         0
   160/219     2.47G   0.00665  0.002908         0  0.009558         0       256    0.7109    0.9643    0.9545    0.6824   0.02941   0.02011         0
   161/219     2.47G  0.007927   0.00295         0   0.01088         0       256    0.6624    0.9643    0.9545    0.7069   0.02877   0.02017         0
   162/219     2.47G  0.006773  0.002719         0  0.009492         0       256    0.6742    0.9643    0.9545    0.7105   0.02875   0.02023         0
   163/219     2.47G  0.005679  0.002574         0  0.008253         0       256    0.7278    0.9643    0.9532    0.7024   0.02876   0.02017         0
   164/219     2.47G  0.007127  0.002909         0   0.01004         0       256    0.6729    0.9643    0.9532    0.6993   0.02892   0.02029         0
   165/219     2.47G  0.005986  0.002673         0  0.008659         0       256    0.6958    0.9643    0.9545    0.7104   0.02906   0.02035         0
   166/219     2.47G  0.005933  0.002643         0  0.008577         0       256    0.6913    0.9643    0.9545    0.6985   0.02875   0.02012         0
   167/219     2.47G  0.005984  0.002663         0  0.008647         0       256    0.7223    0.9643    0.9545    0.7034   0.02898   0.02011         0
   168/219     2.47G  0.006744  0.002765         0  0.009509         0       256     0.669    0.9643    0.9545    0.7114   0.02867   0.02009         0
   169/219     2.47G   0.00631  0.002625         0  0.008935         0       256    0.7016    0.9643    0.9545    0.7071   0.02892   0.02013         0
   170/219     2.47G  0.005299  0.002484         0  0.007782         0       256    0.6785    0.9643    0.9532     0.694    0.0286   0.02009         0
   171/219     2.47G  0.005563  0.002445         0  0.008007         0       256    0.7208    0.9643    0.9532    0.7074   0.02897   0.02017         0
   172/219     2.47G  0.007769  0.002989         0   0.01076         0       256    0.7148    0.9643    0.9532    0.6983   0.02903   0.02033         0
   173/219     2.47G  0.005682  0.002473         0  0.008154         0       256    0.7064    0.9643    0.9532    0.6921   0.02907   0.02039         0
   174/219     2.47G  0.005583  0.002428         0  0.008012         0       256    0.7251    0.9643    0.9532    0.6945   0.02863   0.02024         0
   175/219     2.47G  0.004836   0.00232         0  0.007156         0       256    0.7273    0.9643    0.9544    0.7071   0.02881   0.02036         0
   176/219     2.47G  0.006169  0.002658         0  0.008827         0       256    0.7024    0.9643    0.9544    0.6862   0.02863   0.02046         0
   177/219     2.47G  0.006302  0.002589         0  0.008891         0       256    0.6787    0.9643    0.9559    0.6936   0.02891    0.0205         0
   178/219     2.47G  0.006911  0.002623         0  0.009533         0       256    0.7191    0.9643    0.9545    0.6946   0.02867   0.02037         0
   179/219     2.47G  0.005712  0.002499         0  0.008211         0       256    0.7066    0.9643    0.9556    0.7061   0.02862   0.02049         0
   180/219     2.47G  0.005146  0.002471         0  0.007617         0       256    0.7068    0.9643    0.9545    0.6927   0.02883   0.02036         0
   181/219     2.47G  0.005455  0.002517         0  0.007973         0       256     0.672    0.9643    0.9545    0.6858   0.02845   0.02036         0
   182/219     2.47G  0.005544  0.002422         0  0.007967         0       256    0.6905    0.9643    0.9545    0.6911   0.02843   0.02026         0
   183/219     2.47G  0.004895  0.002287         0  0.007182         0       256    0.6814    0.9643    0.9545    0.6904   0.02818   0.02032         0
   184/219     2.47G  0.006721  0.002722         0  0.009443         0       256    0.6792    0.9643    0.9545    0.6931   0.02836   0.02045         0
   185/219     2.47G  0.005495  0.002408         0  0.007903         0       256    0.6755    0.9643     0.953    0.7008   0.02872   0.02074         0
   186/219     2.47G  0.005078  0.002334         0  0.007412         0       256    0.6883    0.9643     0.953    0.6876   0.02843   0.02061         0
   187/219     2.47G  0.004818  0.002296         0  0.007114         0       256    0.6849    0.9643    0.9545    0.6904   0.02865    0.0206         0
   188/219     2.47G  0.006076  0.002625         0  0.008701         0       256    0.7054    0.9643    0.9545    0.6841   0.02859   0.02063         0
   189/219     2.47G  0.005316  0.002382         0  0.007698         0       256    0.6532    0.9643    0.9545    0.6898   0.02871   0.02076         0
   190/219     2.47G  0.004741  0.002255         0  0.006996         0       256    0.6787    0.9643    0.9532    0.6952   0.02832   0.02068         0
   191/219     2.47G  0.004758   0.00221         0  0.006968         0       256    0.6802    0.9643    0.9545    0.6951   0.02867    0.0207         0
   192/219     2.47G  0.004805  0.002346         0  0.007151         0       256     0.691    0.9643    0.9545    0.6977    0.0285   0.02062         0
   193/219     2.47G  0.005344  0.002371         0  0.007715         0       256    0.6496    0.9643    0.9545    0.6962   0.02858   0.02067         0
   194/219     2.47G  0.004681  0.002189         0   0.00687         0       256    0.7018    0.9643    0.9545    0.6926   0.02857   0.02057         0
   195/219     2.47G  0.004312  0.002114         0  0.006426         0       256    0.7115    0.9643    0.9544    0.6981   0.02878   0.02068         0
   196/219     2.47G  0.005708  0.002493         0  0.008201         0       256    0.6873    0.9643    0.9571    0.6968   0.02863   0.02061         0
   197/219     2.47G  0.005142  0.002198         0   0.00734         0       256     0.679    0.9643    0.9556    0.6953   0.02872   0.02075         0
   198/219     2.47G   0.00461  0.002152         0  0.006762         0       256    0.6913    0.9643    0.9571    0.6995    0.0283   0.02049         0
   199/219     2.47G  0.004433  0.002121         0  0.006554         0       256    0.6741    0.9643    0.9559    0.7076   0.02864   0.02054         0
   200/219     2.47G  0.004732  0.002297         0  0.007029         0       256    0.6895    0.9643    0.9571    0.7065   0.02842   0.02044         0
   201/219     2.47G  0.004285  0.002094         0  0.006379         0       256    0.6854    0.9643    0.9571    0.6987   0.02859   0.02061         0
   202/219     2.47G  0.004671  0.002137         0  0.006808         0       256    0.7059    0.9643    0.9571    0.6954    0.0282   0.02057         0
   203/219     2.47G  0.004148  0.002038         0  0.006185         0       256    0.6727    0.9643    0.9571    0.7005   0.02848   0.02065         0
   204/219     2.47G  0.004817  0.002262         0  0.007079         0       256    0.7063    0.9643    0.9571    0.7082   0.02852   0.02055         0
   205/219     2.47G  0.004684   0.00216         0  0.006844         0       256    0.6497    0.9643    0.9571    0.6988   0.02873   0.02065         0
   206/219     2.47G  0.004084   0.00202         0  0.006105         0       256    0.7133    0.9643    0.9571    0.7101   0.02834   0.02049         0
   207/219     2.47G   0.00488  0.002237         0  0.007117         0       256    0.6679    0.9643    0.9571    0.7064   0.02855   0.02061         0
   208/219     2.47G  0.004847  0.002343         0  0.007191         0       256    0.6985    0.9643    0.9571    0.7018   0.02875   0.02067         0
   209/219     2.47G  0.004772  0.002184         0  0.006956         0       256    0.6543    0.9643    0.9571    0.7008   0.02882   0.02065         0
   210/219     2.47G  0.004312  0.002043         0  0.006355         0       256    0.6893    0.9643    0.9571    0.6965   0.02875   0.02053         0
   211/219     2.47G  0.004442  0.002143         0  0.006584         0       256    0.6831    0.9643    0.9571    0.6999   0.02891   0.02064         0
   212/219     2.47G  0.004366  0.002142         0  0.006508         0       256    0.6959    0.9643    0.9571    0.6985   0.02889   0.02071         0
   213/219     2.47G   0.00382  0.001976         0  0.005796         0       256    0.6716    0.9643    0.9571    0.6942   0.02908   0.02093         0
   214/219     2.47G  0.005177  0.002274         0  0.007451         0       256    0.6668    0.9643    0.9556    0.7018   0.02873   0.02087         0
   215/219     2.47G  0.004098  0.002031         0  0.006129         0       256    0.6933    0.9643    0.9571       0.7   0.02882   0.02093         0
   216/219     2.47G  0.005637  0.002405         0  0.008042         0       256    0.7223    0.9643    0.9571    0.7066   0.02879   0.02103         0
   217/219     2.47G  0.004018   0.00198         0  0.005998         0       256    0.6734    0.9643    0.9556    0.6928   0.02881   0.02112         0
   218/219     2.47G  0.004054  0.002004         0  0.006059         0       256    0.7201    0.9643    0.9571     0.696   0.02866    0.0209         0
   219/219     2.47G  0.004082  0.002028         0   0.00611         0       256    0.6898    0.9643    0.9559    0.6995   0.02895   0.02086         0
