     0/219     2.47G    0.0847   0.03457         0    0.1193         0       256         0         0 0.0001202   1.7e-05   0.09266   0.03787         0
     1/219     2.47G   0.07413   0.03528         0    0.1094         0       256         0         0  0.005092 0.0008435    0.0859   0.03801         0
     2/219     2.47G   0.06729   0.03512         0    0.1024         0       256         0         0  0.009258  0.002116    0.0795   0.03913         0
     3/219     2.47G   0.05947    0.0358         0   0.09527         0       256         0         0   0.04987  0.007552   0.06653      0.04         0
     4/219     2.47G   0.05179    0.0334         0   0.08518         0       256    0.6545    0.5357    0.5084    0.1201   0.07124    0.0286         0
     5/219     2.47G   0.05683   0.02494         0   0.08177         0       256    0.3932    0.7857    0.5169    0.1255   0.05147   0.03036         0
     6/219     2.47G   0.05005   0.02266         0   0.07271         0       256     0.199    0.8929    0.5339    0.1341   0.05471   0.02385         0
     7/219     2.47G   0.05587   0.01748         0   0.07334         0       256    0.1833    0.7534    0.3252    0.1721   0.05329   0.02432         0
     8/219     2.47G    0.0502   0.01571         0   0.06591         0       256    0.1043    0.8214    0.2365    0.0764   0.07143   0.01902         0
     9/219     2.47G   0.06369   0.01413         0   0.07782         0       256    0.2461    0.8571    0.5456    0.1396   0.05496   0.02396         0
    10/219     2.47G   0.05292   0.01442         0   0.06734         0       256    0.1363    0.8571    0.2442   0.07611   0.06296   0.01895         0
    11/219     2.47G    0.0583   0.01323         0   0.07153         0       256    0.1549    0.8929    0.3319   0.07886   0.06507   0.01829         0
    12/219     2.47G   0.05749   0.01412         0   0.07161         0       256    0.1852    0.9286    0.7561    0.3182   0.05788   0.01929         0
    13/219     2.47G    0.0548   0.01351         0   0.06831         0       256    0.1955    0.7143    0.4522    0.2339   0.05656   0.02307         0
    14/219     2.47G   0.05147   0.01523         0   0.06669         0       256    0.2626    0.8929     0.501    0.1899   0.05292   0.02038         0
    15/219     2.47G   0.05363   0.01174         0   0.06537         0       256    0.1654    0.9286    0.4899    0.1595   0.06423   0.01626         0
    16/219     2.47G   0.05457   0.01226         0   0.06682         0       256    0.1065    0.9643    0.5377    0.1772   0.06373   0.01657         0
    17/219     2.47G   0.05719   0.01624         0   0.07343         0       256    0.1531    0.9643     0.617    0.1749   0.05682   0.02044         0
    18/219     2.47G    0.0515   0.01348         0   0.06498         0       256    0.1901    0.9286    0.6867     0.349   0.05491   0.01823         0
    19/219     2.47G   0.04815   0.01117         0   0.05932         0       256    0.2931    0.7702     0.452    0.1161   0.05802   0.02183         0
    20/219     2.47G   0.04762   0.01271         0   0.06033         0       256    0.1946    0.9643    0.6086    0.2523   0.04828   0.01755         0
    21/219     2.47G   0.04309   0.01265         0   0.05575         0       256    0.1769    0.9286    0.5669    0.2432   0.04874   0.01867         0
    22/219     2.47G    0.0425   0.01044         0   0.05294         0       256     0.405    0.9643    0.8405    0.5077   0.03965   0.01758         0
    23/219     2.47G   0.04013  0.009942         0   0.05007         0       256    0.3334    0.9643    0.6631    0.2508   0.04564   0.01646         0
    24/219     2.47G   0.03824   0.01126         0    0.0495         0       256    0.3549    0.9643    0.8009    0.5281   0.04173   0.01695         0
    25/219     2.47G   0.04067  0.009587         0   0.05025         0       256    0.2932    0.9643    0.7084     0.331   0.04326   0.01664         0
    26/219     2.47G    0.0342   0.01053         0   0.04473         0       256    0.3432    0.8571    0.7268    0.3135   0.04523   0.01844         0
    27/219     2.47G   0.03154    0.0099         0   0.04144         0       256    0.2552    0.9643    0.6854     0.202   0.03923   0.01677         0
    28/219     2.47G   0.03643   0.01108         0   0.04751         0       256    0.3078    0.9643    0.6685    0.3122   0.04181   0.01764         0
    29/219     2.47G    0.0349  0.009291         0   0.04419         0       256    0.3858    0.9286    0.7138    0.2813   0.03994    0.0175         0
    30/219     2.47G   0.03258  0.008998         0   0.04158         0       256    0.4688    0.8929    0.7814    0.4673   0.03709    0.0191         0
    31/219     2.47G   0.03127  0.008324         0   0.03959         0       256    0.5588    0.9286    0.8317    0.4798   0.03644   0.01791         0
    32/219     2.47G    0.0306   0.00877         0   0.03937         0       256    0.4654    0.8929    0.7459    0.3225   0.03801   0.01949         0
    33/219     2.47G   0.03046  0.008577         0   0.03904         0       256    0.4723    0.9286    0.8697    0.5122    0.0358   0.01724         0
    34/219     2.47G   0.02767  0.007788         0   0.03546         0       256     0.532    0.9643    0.9125    0.6075   0.03343   0.01619         0
    35/219     2.47G   0.02656  0.007521         0   0.03408         0       256    0.5062    0.9522    0.8722    0.4941   0.03302   0.01715         0
    36/219     2.47G   0.02692  0.007968         0   0.03489         0       256    0.6888    0.9286    0.9182    0.4986   0.03361   0.01835         0
    37/219     2.47G   0.02635  0.007278         0   0.03363         0       256    0.5279    0.9643    0.7778    0.4021   0.03611   0.01711         0
    38/219     2.47G    0.0283  0.007442         0   0.03574         0       256     0.631    0.9643    0.9237    0.5615   0.03366   0.01796         0
    39/219     2.47G   0.02562  0.007136         0   0.03275         0       256    0.6037    0.9643    0.8692    0.5339   0.03417   0.01723         0
    40/219     2.47G   0.02497  0.006896         0   0.03187         0       256    0.5448    0.9643    0.9373    0.6021   0.03518    0.0178         0
    41/219     2.47G    0.0293  0.008067         0   0.03737         0       256    0.5792    0.9643    0.9255    0.5322   0.03402   0.01876         0
    42/219     2.47G   0.02472   0.00735         0   0.03207         0       256    0.5717    0.9643    0.9433    0.4891   0.03242   0.01789         0
    43/219     2.47G   0.02461  0.007002         0   0.03161         0       256    0.5883    0.9643    0.9585    0.5828   0.03106   0.01632         0
    44/219     2.47G   0.02485  0.007211         0   0.03206         0       256     0.604    0.9643    0.9385    0.6189    0.0323    0.0172         0
    45/219     2.47G   0.02664   0.00704         0   0.03368         0       256    0.5723    0.9286    0.9273     0.621   0.03242   0.01678         0
    46/219     2.47G    0.0216  0.006428         0   0.02802         0       256    0.6334    0.9286    0.9145    0.6119   0.03191   0.01715         0
    47/219     2.47G   0.02393  0.006553         0   0.03048         0       256    0.6713    0.9286    0.8799    0.5598   0.03374   0.01823         0
    48/219     2.47G    0.0256  0.007294         0   0.03289         0       256    0.7229    0.9286    0.8788    0.5777   0.03239   0.01786         0
    49/219     2.47G   0.02308  0.007114         0   0.03019         0       256    0.6753    0.9286    0.9233    0.6172   0.03106   0.01801         0
    50/219     2.47G   0.01934  0.006482         0   0.02582         0       256    0.6144    0.9286    0.9195    0.5881    0.0303   0.01695         0
    51/219     2.47G   0.01911  0.005994         0   0.02511         0       256    0.7202    0.9286    0.9221    0.6257   0.03002   0.01678         0
    52/219     2.47G   0.01911  0.006135         0   0.02524         0       256    0.6616    0.9286    0.9103    0.4405   0.03298   0.01812         0
    53/219     2.47G   0.02366  0.006571         0   0.03023         0       256    0.7437    0.9286    0.9173    0.6006   0.03082   0.01867         0
    54/219     2.47G   0.02077  0.006142         0   0.02691         0       256    0.7452    0.9286    0.9261    0.6453   0.03016    0.0177         0
    55/219     2.47G   0.01918  0.005706         0   0.02488         0       256    0.7921    0.9286    0.9223    0.5865   0.03081   0.01755         0
    56/219     2.47G   0.02184  0.006213         0   0.02805         0       256    0.7954    0.9286    0.9236    0.6099   0.03155   0.01838         0
    57/219     2.47G   0.02084  0.006213         0   0.02705         0       256    0.7848    0.9286    0.9183    0.6455   0.03109   0.01866         0
    58/219     2.47G   0.01828  0.005916         0   0.02419         0       256    0.7782    0.9286    0.9183     0.616   0.02989   0.01846         0
    59/219     2.47G   0.01833   0.00566         0   0.02399         0       256    0.7459    0.9286    0.9172    0.5882   0.03119   0.01821         0
    60/219     2.47G   0.02078  0.006048         0   0.02683         0       256    0.7102    0.9286    0.8774    0.5557   0.03214   0.01853         0
    61/219     2.47G   0.02128  0.006399         0   0.02768         0       256    0.8422    0.9286    0.9133    0.5558   0.03237   0.01917         0
    62/219     2.47G   0.01936  0.005956         0   0.02532         0       256    0.8035    0.9286    0.9248    0.6526   0.02896   0.01814         0
    63/219     2.47G   0.01842  0.005772         0   0.02419         0       256    0.8077    0.9286    0.9274    0.6424   0.03008   0.01799         0
    64/219     2.47G   0.01529  0.005441         0   0.02074         0       256    0.8104    0.9286    0.9363    0.6411   0.03005   0.01785         0
    65/219     2.47G   0.01797  0.005471         0   0.02344         0       256    0.7374    0.9286    0.9359    0.5658   0.03026   0.01826         0
    66/219     2.47G   0.01949  0.005598         0   0.02509         0       256    0.7643    0.9643    0.9554    0.6592   0.02854   0.01827         0
    67/219     2.47G   0.01702   0.00539         0   0.02241         0       256    0.8391    0.9643    0.9597     0.682   0.02818   0.01795         0
    68/219     2.47G   0.01756  0.005739         0    0.0233         0       256    0.8476    0.9643    0.9572    0.6612   0.02899   0.01844         0
    69/219     2.47G   0.01582   0.00547         0   0.02129         0       256     0.847    0.9643    0.9572    0.6801   0.02785   0.01849         0
    70/219     2.47G   0.01464  0.005015         0   0.01965         0       256    0.7651    0.9643    0.9551     0.671   0.02746   0.01799         0
    71/219     2.47G   0.01659  0.005156         0   0.02175         0       256    0.7982    0.9643    0.9599    0.6211   0.02828   0.01788         0
    72/219     2.47G   0.01624  0.005247         0   0.02149         0       256    0.7898    0.9395    0.9557    0.6927   0.02871   0.01815         0
    73/219     2.47G   0.01661  0.005197         0   0.02181         0       256    0.8519    0.9286    0.9547    0.6588    0.0295   0.01866         0
    74/219     2.47G   0.01562  0.005127         0   0.02074         0       256    0.8575    0.9286    0.9547    0.7127   0.02779   0.01839         0
    75/219     2.47G   0.01519   0.00491         0    0.0201         0       256    0.8692    0.9643    0.9587    0.6684   0.02787   0.01759         0
    76/219     2.47G   0.01658    0.0052         0   0.02178         0       256     0.854    0.9643    0.9572    0.7178    0.0275   0.01751         0
    77/219     2.47G   0.01494  0.004951         0   0.01989         0       256    0.8843    0.9286    0.9561    0.6818   0.02906   0.01844         0
    78/219     2.47G   0.01568  0.004925         0    0.0206         0       256    0.8554    0.9643    0.9561    0.6596   0.02766   0.01809         0
    79/219     2.47G   0.01406  0.004704         0   0.01876         0       256     0.861    0.9643    0.9599    0.6556   0.02775   0.01765         0
    80/219     2.47G   0.01468  0.004892         0   0.01957         0       256    0.7883    0.9643    0.9599    0.6585    0.0281   0.01752         0
    81/219     2.47G   0.01456  0.004673         0   0.01924         0       256    0.7022    0.9643    0.9486    0.6256   0.03034   0.01796         0
    82/219     2.47G   0.01474  0.004756         0   0.01949         0       256    0.8433     0.961    0.9562    0.6435   0.02695   0.01822         0
    83/219     2.47G   0.01263  0.004495         0   0.01713         0       256    0.8319    0.9286    0.9531     0.675   0.02645   0.01794         0
    84/219     2.47G   0.01507  0.004891         0   0.01996         0       256    0.8301    0.9286    0.9515    0.6706   0.02703   0.01778         0
    85/219     2.47G   0.01579  0.004831         0   0.02062         0       256    0.8452    0.9286    0.9445    0.6775   0.02773   0.01874         0
    86/219     2.47G     0.014  0.004681         0   0.01869         0       256    0.8457    0.9286    0.9443    0.6827    0.0272   0.01902         0
    87/219     2.47G    0.0123  0.004567         0   0.01687         0       256    0.8283    0.9286     0.942    0.6543   0.02837   0.01867         0
    88/219     2.47G   0.01432  0.004742         0   0.01906         0       256    0.8134    0.9286    0.9396    0.6632    0.0281   0.01907         0
    89/219     2.47G   0.01587  0.004765         0   0.02063         0       256    0.8224    0.9286    0.9366     0.649   0.02839   0.02012         0
    90/219     2.47G   0.01333  0.004756         0   0.01809         0       256    0.8765    0.9286    0.9393      0.66   0.02831   0.02012         0
    91/219     2.47G   0.01378  0.004716         0    0.0185         0       256    0.8904    0.9286    0.9332    0.6561   0.02817   0.02029         0
    92/219     2.47G   0.01269  0.004467         0   0.01715         0       256    0.8672    0.9286    0.9306    0.6517   0.02806   0.02034         0
    93/219     2.47G   0.01257  0.004255         0   0.01682         0       256    0.8461    0.9286    0.9306    0.6533   0.02887    0.0202         0
    94/219     2.47G   0.01242  0.004233         0   0.01665         0       256    0.8581    0.9286     0.931    0.6796   0.02906   0.01948         0
    95/219     2.47G    0.0131  0.004503         0   0.01761         0       256    0.8257    0.9286     0.936    0.6835   0.02819   0.01922         0
    96/219     2.47G   0.01322   0.00459         0   0.01781         0       256    0.8707    0.9286    0.9464    0.6629   0.02837    0.0191         0
    97/219     2.47G    0.0118  0.004303         0    0.0161         0       256    0.8324    0.9286    0.9438    0.6682   0.02863   0.01929         0
    98/219     2.47G    0.0122  0.004289         0   0.01649         0       256    0.8498    0.9286    0.9434    0.6702   0.02821    0.0192         0
    99/219     2.47G   0.01072  0.004046         0   0.01477         0       256    0.8686    0.9286    0.9457     0.664   0.02726   0.01878         0
   100/219     2.47G   0.01279  0.004376         0   0.01717         0       256    0.8554    0.9643    0.9521    0.6735   0.02691   0.01821         0
   101/219     2.47G   0.01195  0.004152         0    0.0161         0       256    0.8669    0.9286    0.9483    0.6705     0.027    0.0184         0
   102/219     2.47G   0.01055  0.004054         0    0.0146         0       256    0.8522    0.9643    0.9532    0.6625   0.02661   0.01814         0
   103/219     2.47G    0.0123  0.004158         0   0.01646         0       256    0.8385    0.9643    0.9521    0.6466   0.02764    0.0184         0
   104/219     2.47G    0.0142  0.004653         0   0.01885         0       256     0.871    0.9286    0.9521     0.695   0.02713   0.01925         0
   105/219     2.47G   0.01202  0.004312         0   0.01634         0       256    0.8433    0.9286    0.9447    0.6733   0.02829   0.01991         0
   106/219     2.47G   0.01013  0.003948         0   0.01408         0       256    0.8319    0.9286     0.946    0.6777   0.02693   0.01929         0
   107/219     2.47G   0.01164   0.00395         0   0.01559         0       256    0.7456    0.9286    0.9412    0.6564    0.0277   0.01908         0
   108/219     2.47G   0.01195  0.004358         0    0.0163         0       256    0.8217    0.9286    0.9516     0.678   0.02699   0.01893         0
   109/219     2.47G   0.01121  0.004219         0   0.01543         0       256     0.798    0.9286    0.9501    0.6807   0.02686   0.01935         0
   110/219     2.47G   0.01039   0.00393         0   0.01432         0       256    0.8086    0.9286    0.9482    0.6751   0.02695   0.01905         0
   111/219     2.47G   0.01163  0.003991         0   0.01562         0       256    0.8124    0.9286    0.9438    0.6752   0.02801   0.01942         0
   112/219     2.47G   0.01093  0.004035         0   0.01497         0       256    0.7917    0.9286    0.9444    0.6684   0.02744    0.0194         0
   113/219     2.47G   0.01046  0.003867         0   0.01432         0       256    0.8324    0.9286    0.9433    0.6593   0.02859   0.01975         0
   114/219     2.47G   0.01124  0.004015         0   0.01525         0       256    0.8526    0.9286    0.9419    0.6753    0.0276   0.01975         0
   115/219     2.47G   0.01045  0.003758         0    0.0142         0       256     0.842    0.9286    0.9406    0.6624   0.02813   0.01963         0
   116/219     2.47G   0.01134  0.004119         0   0.01546         0       256    0.8555    0.9286    0.9447    0.6628   0.02773   0.01972         0
   117/219     2.47G   0.01052  0.003816         0   0.01433         0       256    0.8394    0.9286    0.9423    0.6859   0.02769   0.01961         0
   118/219     2.47G   0.01016  0.003763         0   0.01392         0       256    0.8291    0.9286     0.941     0.676   0.02725   0.01949         0
   119/219     2.47G  0.008269  0.003492         0   0.01176         0       256    0.8086    0.9286    0.9384    0.6682   0.02744   0.01968         0
   120/219     2.47G   0.01109  0.004035         0   0.01512         0       256    0.7984    0.9286    0.9393    0.6894   0.02703    0.0197         0
   121/219     2.47G  0.009099  0.003589         0   0.01269         0       256    0.8231    0.9286    0.9393    0.6781   0.02724   0.01987         0
   122/219     2.47G  0.009033  0.003538         0   0.01257         0       256     0.796    0.9286    0.9406    0.6698    0.0274   0.01951         0
   123/219     2.47G   0.01032  0.003676         0   0.01399         0       256    0.8595    0.9286    0.9358     0.671   0.02754    0.0194         0
   124/219     2.47G  0.008706  0.003571         0   0.01228         0       256    0.8422    0.9286     0.938    0.6507   0.02816   0.01951         0
   125/219     2.47G   0.01216  0.004254         0   0.01642         0       256     0.872    0.9286    0.9314    0.6581   0.02747   0.01963         0
   126/219     2.47G  0.008923  0.003619         0   0.01254         0       256    0.8615    0.9286    0.9316    0.6443   0.02762   0.01975         0
   127/219     2.47G  0.009516  0.003624         0   0.01314         0       256    0.8968    0.9286    0.9294    0.6633   0.02717      0.02         0
   128/219     2.47G  0.009737  0.003699         0   0.01344         0       256    0.8863    0.9286     0.931    0.6466   0.02738   0.02001         0
   129/219     2.47G   0.00867  0.003519         0   0.01219         0       256    0.8666    0.9286    0.9322    0.6782   0.02758   0.01991         0
   130/219     2.47G  0.008378  0.003413         0   0.01179         0       256    0.8672    0.9286    0.9372     0.661   0.02722   0.01934         0
   131/219     2.47G   0.00968  0.003495         0   0.01318         0       256    0.8702    0.9286    0.9393    0.6599   0.02711   0.01923         0
   132/219     2.47G  0.009047  0.003569         0   0.01262         0       256    0.8704    0.9286    0.9406    0.6664   0.02704   0.01916         0
   133/219     2.47G  0.008869  0.003442         0   0.01231         0       256    0.8716    0.9286    0.9398     0.686   0.02728   0.01946         0
   134/219     2.47G  0.008257  0.003378         0   0.01164         0       256    0.8698    0.9286    0.9388     0.676   0.02751   0.01952         0
   135/219     2.47G  0.008763  0.003479         0   0.01224         0       256    0.8729    0.9286    0.9376    0.6467   0.02788   0.01975         0
   136/219     2.47G   0.01016  0.003731         0   0.01389         0       256    0.8783    0.9286    0.9392    0.6892   0.02842   0.02016         0
   137/219     2.47G   0.00913  0.003636         0   0.01277         0       256    0.8786    0.9286     0.938    0.6887   0.02804   0.02059         0
   138/219     2.47G  0.007181  0.003216         0    0.0104         0       256     0.869    0.9286    0.9402    0.6671   0.02728   0.01999         0
   139/219     2.47G  0.007638  0.003224         0   0.01086         0       256    0.8417    0.9286    0.9384    0.6602    0.0274   0.01951         0
   140/219     2.47G   0.00851   0.00346         0   0.01197         0       256    0.8102    0.9286    0.9434    0.6639   0.02718   0.01912         0
   141/219     2.47G  0.008255  0.003385         0   0.01164         0       256    0.8398    0.9286    0.9443    0.6737   0.02715    0.0195         0
   142/219     2.47G  0.009017  0.003427         0   0.01244         0       256    0.8438    0.9286    0.9425    0.6779   0.02702   0.01959         0
   143/219     2.47G   0.00731  0.003141         0   0.01045         0       256    0.8526    0.9286    0.9413    0.6855   0.02717   0.01973         0
   144/219     2.47G  0.009977  0.003718         0   0.01369         0       256    0.8584    0.9286    0.9425    0.6822   0.02695   0.01975         0
   145/219     2.47G  0.008417   0.00338         0    0.0118         0       256     0.871    0.9286    0.9425    0.6808   0.02711    0.0199         0
   146/219     2.47G  0.007701  0.003208         0   0.01091         0       256    0.8668    0.9286    0.9448    0.6985   0.02655   0.01962         0
   147/219     2.47G  0.007399  0.003186         0   0.01059         0       256    0.8234    0.9286    0.9433    0.6673   0.02679   0.01955         0
   148/219     2.47G  0.007656  0.003258         0   0.01091         0       256     0.841    0.9286    0.9458    0.6737   0.02662   0.01921         0
   149/219     2.47G   0.00762  0.003109         0   0.01073         0       256    0.8228    0.9286    0.9464    0.6769   0.02668   0.01918         0
   150/219     2.47G  0.006122  0.002867         0  0.008989         0       256    0.8377    0.9286    0.9513    0.6683   0.02652   0.01883         0
   151/219     2.47G  0.006595  0.002961         0  0.009556         0       256    0.8402    0.9286    0.9458    0.6685     0.027   0.01901         0
   152/219     2.47G   0.01048  0.003712         0    0.0142         0       256    0.8436    0.9286    0.9476    0.6769   0.02727   0.01932         0
   153/219     2.47G  0.008043  0.003149         0   0.01119         0       256    0.8701    0.9286    0.9443    0.6618    0.0279   0.01999         0
   154/219     2.47G  0.007654  0.003194         0   0.01085         0       256    0.8771    0.9286    0.9423    0.6805   0.02766   0.02016         0
   155/219     2.47G  0.006369  0.002955         0  0.009324         0       256    0.8797    0.9286    0.9404    0.6824   0.02788   0.02007         0
   156/219     2.47G  0.008286  0.003396         0   0.01168         0       256    0.8269    0.9286    0.9407    0.6514    0.0279   0.01981         0
   157/219     2.47G  0.007216  0.003132         0   0.01035         0       256     0.811    0.9286    0.9393    0.6771   0.02739   0.02001         0
   158/219     2.47G   0.00583  0.002746         0  0.008576         0       256    0.8124    0.9286    0.9412    0.6829    0.0268   0.01982         0
   159/219     2.47G  0.006597  0.002885         0  0.009482         0       256    0.8321    0.9286    0.9361    0.6796   0.02691   0.01994         0
   160/219     2.47G  0.006006  0.002876         0  0.008882         0       256    0.8429    0.9286    0.9397    0.6888   0.02729   0.01995         0
   161/219     2.47G  0.008569  0.003442         0   0.01201         0       256    0.8515    0.9286    0.9391    0.6673    0.0274   0.02018         0
   162/219     2.47G  0.006921  0.002972         0  0.009893         0       256    0.8508    0.9286    0.9404    0.6657   0.02701   0.02013         0
   163/219     2.47G  0.006751  0.002916         0  0.009667         0       256    0.8555    0.9286    0.9373    0.6606   0.02694   0.02016         0
   164/219     2.47G  0.006796  0.002991         0  0.009787         0       256    0.8493    0.9286    0.9365     0.663   0.02689   0.02006         0
   165/219     2.47G  0.005841  0.002789         0   0.00863         0       256     0.841    0.9286    0.9355    0.6734   0.02677   0.02018         0
   166/219     2.47G  0.005656  0.002738         0  0.008394         0       256    0.8624    0.9286    0.9358    0.6929   0.02658   0.02013         0
   167/219     2.47G  0.005655  0.002752         0  0.008407         0       256    0.8317    0.9286    0.9336    0.6625   0.02678   0.02021         0
   168/219     2.47G  0.006979  0.003064         0   0.01004         0       256    0.8292    0.9286    0.9355    0.6778   0.02721   0.02016         0
   169/219     2.47G  0.006483  0.002837         0   0.00932         0       256    0.8358    0.9286    0.9387    0.6881   0.02754   0.02033         0
   170/219     2.47G  0.006006  0.002747         0  0.008753         0       256    0.8289    0.9286    0.9409    0.6836   0.02699   0.02006         0
   171/219     2.47G  0.005672  0.002642         0  0.008314         0       256    0.8601    0.9286    0.9402     0.671   0.02708   0.02011         0
   172/219     2.47G  0.006343  0.002947         0   0.00929         0       256    0.8488    0.9286    0.9421     0.674   0.02696   0.01997         0
   173/219     2.47G  0.005964  0.002754         0  0.008718         0       256    0.8644    0.9286    0.9433    0.6886   0.02674   0.02005         0
   174/219     2.47G   0.00515  0.002577         0  0.007727         0       256    0.8476    0.9286    0.9449    0.6965   0.02647   0.01974         0
   175/219     2.47G  0.005793  0.002675         0  0.008468         0       256    0.8542    0.9286    0.9423    0.6705    0.0267   0.01994         0
   176/219     2.47G  0.006336  0.003001         0  0.009337         0       256    0.8628    0.9286    0.9444    0.6776   0.02676   0.01993         0
   177/219     2.47G  0.005425  0.002601         0  0.008026         0       256    0.8601    0.9286    0.9464    0.6921   0.02684   0.01999         0
   178/219     2.47G  0.005052  0.002485         0  0.007537         0       256    0.8442    0.9286     0.949    0.6789   0.02667   0.01963         0
   179/219     2.47G   0.00519  0.002582         0  0.007772         0       256    0.8455    0.9286    0.9458    0.6776   0.02676   0.01972         0
   180/219     2.47G  0.006395  0.002866         0  0.009262         0       256    0.8235    0.9286     0.947    0.6614   0.02673   0.01962         0
   181/219     2.47G  0.006477   0.00277         0  0.009247         0       256    0.8536    0.9286    0.9448    0.6767   0.02696   0.02004         0
   182/219     2.47G  0.005875   0.00264         0  0.008515         0       256    0.8495    0.9286    0.9423    0.6978   0.02653      0.02         0
   183/219     2.47G   0.00472  0.002457         0  0.007176         0       256    0.8676    0.9286    0.9393    0.7022   0.02673   0.02035         0
   184/219     2.47G  0.005133  0.002554         0  0.007687         0       256    0.8683    0.9286    0.9412    0.6991    0.0269   0.02044         0
   185/219     2.47G  0.004667  0.002382         0   0.00705         0       256    0.8666    0.9286    0.9397    0.6791    0.0271   0.02055         0
   186/219     2.47G  0.004845  0.002408         0  0.007253         0       256    0.8529    0.9286    0.9393      0.69   0.02664   0.02031         0
   187/219     2.47G  0.004007  0.002255         0  0.006262         0       256    0.8547    0.9286    0.9372    0.6867   0.02676   0.02049         0
   188/219     2.47G  0.005241  0.002615         0  0.007856         0       256    0.8487    0.9286    0.9393    0.6947   0.02665   0.02038         0
   189/219     2.47G  0.005309  0.002568         0  0.007878         0       256     0.847    0.9286    0.9376     0.681   0.02687   0.02049         0
   190/219     2.47G  0.004598  0.002294         0  0.006892         0       256    0.8428    0.9286    0.9393    0.6853   0.02668   0.02041         0
   191/219     2.47G  0.004724  0.002333         0  0.007057         0       256     0.848    0.9286    0.9372    0.6773   0.02685   0.02045         0
   192/219     2.47G  0.005856  0.002601         0  0.008457         0       256    0.8692    0.9286    0.9388    0.6776   0.02683   0.02034         0
   193/219     2.47G   0.00416  0.002307         0  0.006467         0       256    0.8741    0.9286    0.9419    0.6886   0.02712    0.0206         0
   194/219     2.47G  0.004926  0.002426         0  0.007352         0       256    0.8681    0.9286    0.9449    0.6847   0.02696   0.02046         0
   195/219     2.47G  0.005206  0.002415         0  0.007621         0       256    0.8737    0.9286    0.9399    0.6826   0.02709    0.0206         0
   196/219     2.47G   0.00497  0.002517         0  0.007487         0       256    0.8687    0.9286    0.9418    0.6771    0.0269   0.02044         0
   197/219     2.47G  0.004277  0.002246         0  0.006523         0       256    0.8673    0.9286    0.9408    0.6884   0.02689   0.02048         0
   198/219     2.47G  0.004803  0.002382         0  0.007185         0       256    0.8568    0.9286    0.9434    0.6934   0.02671   0.02024         0
   199/219     2.47G  0.004071  0.002191         0  0.006262         0       256    0.8602    0.9286    0.9388    0.6858   0.02694   0.02043         0
   200/219     2.47G  0.005021  0.002518         0  0.007538         0       256    0.8524    0.9286    0.9423    0.6753   0.02689   0.02032         0
   201/219     2.47G  0.004563  0.002291         0  0.006854         0       256    0.8488    0.9286    0.9433    0.6902   0.02687   0.02029         0
   202/219     2.47G  0.004682  0.002308         0   0.00699         0       256    0.8457    0.9286    0.9438    0.6963   0.02673    0.0202         0
   203/219     2.47G  0.004242  0.002251         0  0.006493         0       256    0.8453    0.9286    0.9428    0.6955   0.02689   0.02038         0
   204/219     2.47G  0.004906  0.002439         0  0.007345         0       256    0.8433    0.9286    0.9453    0.7036   0.02682   0.02025         0
   205/219     2.47G  0.004619  0.002341         0  0.006959         0       256    0.8518    0.9286    0.9458    0.6944   0.02681    0.0204         0
   206/219     2.47G  0.004031  0.002247         0  0.006278         0       256     0.844    0.9286    0.9464       0.7   0.02661   0.02022         0
   207/219     2.47G  0.004855  0.002361         0  0.007216         0       256    0.8264    0.9286    0.9453     0.695   0.02679   0.02033         0
   208/219     2.47G  0.005483  0.002569         0  0.008052         0       256    0.8397    0.9286    0.9464    0.7021   0.02701    0.0203         0
   209/219     2.47G  0.004667   0.00231         0  0.006977         0       256    0.8518    0.9286    0.9458    0.6961   0.02705   0.02047         0
   210/219     2.47G  0.004513  0.002304         0  0.006817         0       256    0.8497    0.9286     0.947    0.6886   0.02699   0.02045         0
   211/219     2.47G  0.004562  0.002256         0  0.006818         0       256    0.8542    0.9286    0.9423    0.7004   0.02711    0.0207         0
   212/219     2.47G  0.004627  0.002395         0  0.007022         0       256    0.8514    0.9286     0.944    0.6988   0.02699   0.02055         0
   213/219     2.47G  0.004222  0.002229         0  0.006451         0       256    0.8518    0.9286    0.9458    0.6921   0.02711   0.02055         0
   214/219     2.47G  0.004574  0.002249         0  0.006823         0       256    0.8481    0.9286     0.944    0.6867   0.02691    0.0204         0
   215/219     2.47G  0.004232  0.002206         0  0.006439         0       256    0.8411    0.9286    0.9418     0.698   0.02701   0.02054         0
   216/219     2.47G  0.004372  0.002333         0  0.006705         0       256    0.8363    0.9286    0.9429    0.7016    0.0269    0.0205         0
   217/219     2.47G  0.004208  0.002235         0  0.006443         0       256    0.8356    0.9286    0.9453    0.6953   0.02707   0.02057         0
   218/219     2.47G  0.003955  0.002179         0  0.006134         0       256    0.8398    0.9286    0.9458    0.7003   0.02672   0.02037         0
   219/219     2.47G  0.004261  0.002169         0  0.006429         0       256    0.8244    0.9286    0.9423    0.6909   0.02703   0.02049         0
