     0/199     2.47G   0.08535    0.0342         0    0.1195         0       256         0         0 0.0001222 1.849e-05   0.09332   0.03747         0
     1/199     2.47G    0.0743   0.03522         0    0.1095         0       256         0         0  0.003822 0.0007348   0.08614   0.03777         0
     2/199     2.47G   0.06756   0.03505         0    0.1026         0       256         0         0   0.01063  0.002316     0.078   0.03958         0
     3/199     2.47G   0.05929   0.03571         0     0.095         0       256         1   0.03571   0.07464   0.01093   0.07141    0.0386         0
     4/199     2.47G   0.05413   0.03223         0   0.08636         0       256    0.5358    0.7143    0.5783    0.2277   0.06028   0.03216         0
     5/199     2.47G   0.05242   0.02566         0   0.07808         0       256    0.2298    0.8929    0.5018    0.1663   0.05625   0.02768         0
     6/199     2.47G    0.0526   0.02066         0   0.07326         0       256    0.1936    0.8214     0.305    0.1013   0.05913   0.02404         0
     7/199     2.47G   0.06036   0.01699         0   0.07734         0       256     0.229    0.7143    0.5121    0.2742   0.06465   0.02358         0
     8/199     2.47G   0.05909   0.01657         0   0.07566         0       256    0.1063    0.8929    0.2752   0.05465   0.06501   0.01943         0
     9/199     2.47G   0.05958   0.01491         0   0.07449         0       256     0.143    0.9286    0.3755    0.1705     0.062   0.01986         0
    10/199     2.47G   0.05414   0.01571         0   0.06985         0       256    0.1197    0.8571    0.3843   0.07998    0.0712   0.01734         0
    11/199     2.47G   0.06156   0.01353         0   0.07509         0       256     0.141    0.8571    0.4259    0.1888   0.07021   0.01895         0
    12/199     2.47G   0.06309   0.01449         0   0.07758         0       256     0.439    0.8571    0.7659    0.3558   0.05666    0.0235         0
    13/199     2.47G   0.05662   0.01446         0   0.07107         0       256    0.2208    0.9286    0.6285    0.2852   0.05886   0.02025         0
    14/199     2.47G   0.05391   0.01416         0   0.06807         0       256    0.2351    0.8571    0.4649    0.1333   0.05153    0.0228         0
    15/199     2.47G   0.04812   0.01281         0   0.06093         0       256    0.1951    0.9286    0.5817    0.1782   0.06075   0.01783         0
    16/199     2.47G   0.05919   0.01344         0   0.07262         0       256     0.196    0.8214    0.4234    0.1798   0.06199   0.02197         0
    17/199     2.47G   0.05401   0.01559         0    0.0696         0       256    0.1356    0.9286    0.6028    0.2046   0.05638   0.02003         0
    18/199     2.47G   0.04887   0.01403         0    0.0629         0       256    0.2291    0.8571     0.462    0.1315   0.05079   0.02224         0
    19/199     2.47G   0.04304   0.01459         0   0.05763         0       256    0.1008    0.9286    0.3866    0.1727     0.052   0.01922         0
    20/199     2.47G   0.05133   0.01184         0   0.06317         0       256    0.1354    0.9286    0.5316    0.1374   0.05263   0.01823         0
    21/199     2.47G    0.0456   0.01215         0   0.05775         0       256    0.2302    0.9286    0.6251    0.2137   0.04408   0.01893         0
    22/199     2.47G   0.03807     0.011         0   0.04907         0       256    0.3509    0.8929    0.8508    0.4505    0.0391   0.01912         0
    23/199     2.47G   0.03742   0.01009         0   0.04751         0       256    0.3277    0.8214    0.6389    0.3768   0.04658   0.02321         0
    24/199     2.47G   0.04142   0.01104         0   0.05247         0       256     0.248    0.9189    0.8145    0.4752   0.04495   0.01935         0
    25/199     2.47G   0.03792   0.01132         0   0.04924         0       256    0.3771    0.9286    0.7305    0.3812    0.0361   0.01885         0
    26/199     2.47G   0.03237   0.00959         0   0.04196         0       256    0.2768    0.9286    0.6987    0.3629   0.04107   0.01742         0
    27/199     2.47G   0.03554  0.009281         0   0.04482         0       256    0.3791    0.9286    0.6499    0.2566   0.03964   0.01844         0
    28/199     2.47G   0.03384  0.009859         0    0.0437         0       256    0.3199    0.9286    0.6938    0.2737   0.03805   0.01769         0
    29/199     2.47G   0.03486  0.008431         0   0.04329         0       256    0.3053    0.9286    0.8215    0.3543    0.0435   0.01677         0
    30/199     2.47G   0.03544   0.01006         0    0.0455         0       256    0.4017    0.9591    0.9025    0.4588   0.03613    0.0182         0
    31/199     2.47G   0.02782  0.008792         0   0.03661         0       256    0.4246    0.9286    0.8574    0.5455   0.03346   0.01613         0
    32/199     2.47G   0.02777  0.007878         0   0.03564         0       256    0.4497    0.9286    0.8073    0.4553    0.0345   0.01614         0
    33/199     2.47G   0.03066  0.007745         0   0.03841         0       256     0.348    0.9286    0.8695    0.4539   0.03712   0.01694         0
    34/199     2.47G   0.02792  0.008275         0   0.03619         0       256    0.5581    0.8929    0.8715    0.5305   0.03431   0.01834         0
    35/199     2.47G   0.02453  0.008047         0   0.03257         0       256    0.5039    0.9286     0.919    0.5509   0.03453   0.01773         0
    36/199     2.47G   0.02882  0.007589         0   0.03641         0       256     0.285    0.9286    0.7034    0.3571   0.04221   0.01727         0
    37/199     2.47G   0.03651  0.008287         0    0.0448         0       256    0.4496    0.9286    0.8647    0.4885   0.03549   0.01797         0
    38/199     2.47G   0.02598  0.008363         0   0.03434         0       256    0.5612    0.9286    0.8735    0.5454   0.03084   0.01736         0
    39/199     2.47G   0.02273  0.007388         0   0.03012         0       256    0.4798    0.9286      0.87    0.5093   0.03271   0.01611         0
    40/199     2.47G   0.02985  0.007282         0   0.03713         0       256    0.3048    0.9286    0.8581     0.394    0.0406   0.01716         0
    41/199     2.47G   0.03213  0.007583         0   0.03972         0       256    0.5761    0.9286    0.8959    0.5934   0.03506   0.01787         0
    42/199     2.47G    0.0261  0.007108         0   0.03321         0       256    0.5264    0.9286    0.9086    0.5851   0.03696   0.01722         0
    43/199     2.47G   0.02732  0.006985         0   0.03431         0       256    0.6465    0.8929    0.8942    0.5434   0.03417   0.01695         0
    44/199     2.47G   0.02331  0.006836         0   0.03015         0       256    0.6251    0.8929    0.8948    0.6506   0.03253   0.01704         0
    45/199     2.47G   0.02251  0.006643         0   0.02915         0       256    0.5104    0.8929    0.8864     0.547    0.0345    0.0171         0
    46/199     2.47G   0.02212  0.006406         0   0.02852         0       256    0.4995    0.8929    0.8965    0.6518   0.03211   0.01678         0
    47/199     2.47G   0.02194  0.006215         0   0.02815         0       256     0.499    0.8929    0.8864    0.5384   0.03484   0.01779         0
    48/199     2.47G   0.02521  0.006866         0   0.03207         0       256    0.5164    0.8929    0.8848    0.6353   0.03444   0.01876         0
    49/199     2.47G   0.02377  0.006621         0   0.03039         0       256    0.6176    0.8929    0.8901    0.5829   0.03519   0.01852         0
    50/199     2.47G   0.02093  0.006334         0   0.02727         0       256     0.621    0.8929    0.8944    0.5762   0.03233   0.01781         0
    51/199     2.47G   0.02083  0.006013         0   0.02684         0       256    0.5568    0.8929    0.8534    0.4893   0.03701   0.01785         0
    52/199     2.47G   0.02757    0.0067         0   0.03427         0       256    0.7199    0.8929    0.8759    0.6174   0.03323   0.01783         0
    53/199     2.47G   0.02071  0.006503         0   0.02721         0       256    0.6909    0.8929    0.8894    0.6333   0.03424   0.01906         0
    54/199     2.47G   0.01885  0.006094         0   0.02494         0       256    0.7355    0.8929     0.891    0.6266   0.03194   0.01856         0
    55/199     2.47G   0.01701   0.00562         0   0.02263         0       256    0.6605    0.8929    0.8743      0.57   0.03358   0.01845         0
    56/199     2.47G   0.02134  0.006202         0   0.02754         0       256    0.6108    0.8929    0.8863    0.5637   0.03341   0.01852         0
    57/199     2.47G   0.02167   0.00613         0    0.0278         0       256    0.6346    0.8929    0.8901    0.5479    0.0323   0.01832         0
    58/199     2.47G   0.01684  0.005726         0   0.02256         0       256    0.6744    0.8929    0.8992    0.6268   0.03003    0.0176         0
    59/199     2.47G   0.01605  0.005554         0    0.0216         0       256    0.6965    0.8929    0.8983    0.5932   0.03086   0.01723         0
    60/199     2.47G    0.0218  0.005876         0   0.02768         0       256     0.678    0.8929    0.9008    0.6006   0.03063   0.01772         0
    61/199     2.47G   0.01893  0.005891         0   0.02482         0       256    0.7271    0.8929    0.8971    0.6476   0.03077   0.01857         0
    62/199     2.47G   0.01743  0.005583         0   0.02301         0       256    0.6943    0.8929    0.9028    0.6633    0.0303   0.01821         0
    63/199     2.47G   0.01769  0.005605         0    0.0233         0       256    0.7584    0.8929    0.9114    0.6468   0.03087   0.01841         0
    64/199     2.47G   0.01634  0.005439         0   0.02178         0       256    0.6724    0.9286    0.9109    0.6158   0.03251   0.01793         0
    65/199     2.47G   0.01931  0.005594         0    0.0249         0       256    0.7131    0.9286    0.9081    0.6056   0.03237   0.01787         0
    66/199     2.47G   0.01869  0.005555         0   0.02425         0       256     0.683    0.8929    0.9006    0.6287   0.03081   0.01807         0
    67/199     2.47G   0.01529  0.005236         0   0.02053         0       256     0.673    0.8929    0.8922    0.6476   0.02991   0.01812         0
    68/199     2.47G   0.01884  0.005593         0   0.02444         0       256    0.6256    0.8929    0.8768    0.5449   0.03172    0.0185         0
    69/199     2.47G    0.0209  0.005907         0   0.02681         0       256    0.7006    0.8929    0.8912    0.6604   0.02978   0.01872         0
    70/199     2.47G   0.01497  0.005434         0   0.02041         0       256    0.7579    0.8929    0.8967    0.6305   0.02856   0.01956         0
    71/199     2.47G   0.01439  0.005066         0   0.01946         0       256    0.7101    0.8929    0.8938    0.6922   0.02845   0.01884         0
    72/199     2.47G   0.01774   0.00538         0   0.02312         0       256    0.7175    0.8929    0.8927    0.6662   0.03111   0.01877         0
    73/199     2.47G   0.01769  0.005278         0   0.02297         0       256    0.7497    0.8929    0.8915    0.6317   0.03175   0.01913         0
    74/199     2.47G   0.01588  0.005065         0   0.02094         0       256    0.8157    0.8929    0.8939     0.638   0.02979   0.01894         0
    75/199     2.47G   0.01326    0.0051         0   0.01836         0       256    0.8145    0.8929    0.8969    0.6613   0.03049   0.01891         0
    76/199     2.47G   0.01512  0.005044         0   0.02017         0       256    0.7278    0.8929    0.8891    0.6281   0.03014   0.01921         0
    77/199     2.47G   0.01586  0.004901         0   0.02076         0       256    0.7578    0.8929    0.8823    0.6116   0.02989    0.0197         0
    78/199     2.47G   0.01327   0.00467         0   0.01794         0       256    0.7103    0.8929    0.8842    0.6407   0.03014   0.02021         0
    79/199     2.47G   0.01565  0.005036         0   0.02069         0       256    0.7569    0.8929    0.8828    0.6049   0.03175   0.02092         0
    80/199     2.47G   0.01826  0.005656         0   0.02391         0       256    0.7794    0.8929    0.8775    0.6342    0.0306   0.02119         0
    81/199     2.47G   0.01418  0.005092         0   0.01927         0       256      0.71    0.8929    0.8755    0.5756   0.03017   0.02109         0
    82/199     2.47G   0.01282  0.004779         0    0.0176         0       256    0.7119    0.8929    0.8813     0.635   0.02917   0.01993         0
    83/199     2.47G   0.01496  0.004712         0   0.01967         0       256    0.7531    0.8929    0.8831    0.6359   0.02923   0.02045         0
    84/199     2.47G   0.01388  0.004916         0   0.01879         0       256    0.7831    0.8929    0.8885    0.6764   0.02955   0.02013         0
    85/199     2.47G   0.01396  0.004794         0   0.01875         0       256    0.7156    0.8929    0.8881    0.6389   0.03162   0.02023         0
    86/199     2.47G    0.0148   0.00491         0    0.0197         0       256     0.708    0.8929    0.8842    0.6535   0.02926    0.0198         0
    87/199     2.47G   0.01245  0.004553         0   0.01701         0       256    0.6191    0.8929    0.8875    0.6723   0.02948   0.01946         0
    88/199     2.47G   0.01356  0.004792         0   0.01835         0       256    0.6019    0.8929    0.8975    0.6561   0.02943   0.01929         0
    89/199     2.47G   0.01316  0.004718         0   0.01787         0       256    0.6277    0.9286    0.9078    0.6686   0.02934    0.0191         0
    90/199     2.47G   0.01175   0.00448         0   0.01623         0       256    0.6639    0.9286    0.9067    0.6361   0.02949   0.01823         0
    91/199     2.47G   0.01509  0.004892         0   0.01999         0       256     0.691    0.9286    0.9057     0.659   0.02871    0.0182         0
    92/199     2.47G   0.01429  0.004758         0   0.01905         0       256    0.7387    0.8929    0.9037    0.6641   0.02855   0.01811         0
    93/199     2.47G   0.01196   0.00442         0   0.01638         0       256     0.759    0.8929    0.8966    0.6754   0.02809    0.0184         0
    94/199     2.47G   0.01117  0.004409         0   0.01558         0       256    0.7252    0.8929    0.8985    0.6417   0.02785   0.01826         0
    95/199     2.47G   0.01255  0.004426         0   0.01698         0       256    0.7587    0.8929    0.8975    0.6362   0.02898   0.01851         0
    96/199     2.47G   0.01334  0.004607         0   0.01794         0       256    0.7594    0.8929    0.9068    0.6654   0.02808   0.01852         0
    97/199     2.47G   0.01228  0.004444         0   0.01673         0       256    0.7511    0.8929    0.9065    0.6521   0.02878   0.01848         0
    98/199     2.47G   0.01184  0.004311         0   0.01615         0       256    0.7259    0.8929    0.9103    0.6612   0.02806   0.01883         0
    99/199     2.47G   0.01411  0.004626         0   0.01873         0       256    0.7303    0.8929    0.9076    0.6593   0.02852   0.01935         0
   100/199     2.47G   0.01321  0.004525         0   0.01774         0       256     0.725    0.8929    0.9031    0.6785   0.02844   0.01947         0
   101/199     2.47G   0.01118  0.004177         0   0.01536         0       256    0.7073    0.8929    0.9014    0.6699    0.0291   0.01965         0
   102/199     2.47G   0.01128  0.004102         0   0.01538         0       256    0.6895    0.8929    0.9015    0.6964   0.02879    0.0192         0
   103/199     2.47G    0.0104  0.004099         0    0.0145         0       256    0.6886    0.8929     0.902    0.6645   0.02905   0.01908         0
   104/199     2.47G   0.01146   0.00432         0   0.01578         0       256    0.7444    0.8929    0.9003    0.6485   0.02945   0.01886         0
   105/199     2.47G   0.01107    0.0042         0   0.01527         0       256    0.6882    0.8929    0.8984    0.6763   0.02861   0.01894         0
   106/199     2.47G  0.009661  0.003941         0    0.0136         0       256     0.701    0.9211    0.9034    0.6446   0.02884   0.01905         0
   107/199     2.47G   0.01047  0.004145         0   0.01462         0       256    0.6633    0.8929    0.9038     0.638   0.02869   0.01921         0
   108/199     2.47G   0.01121  0.004208         0   0.01542         0       256    0.7025    0.9286    0.9063    0.6648   0.02895   0.01936         0
   109/199     2.47G   0.01031  0.003899         0   0.01421         0       256    0.7163    0.8929    0.9008    0.6721   0.02894   0.01908         0
   110/199     2.47G  0.009898  0.003879         0   0.01378         0       256    0.6969    0.9036    0.9049    0.6622   0.02991   0.01898         0
   111/199     2.47G   0.01116   0.00404         0    0.0152         0       256    0.7462    0.8929     0.905    0.6681   0.02895   0.01926         0
   112/199     2.47G   0.01056  0.004117         0   0.01467         0       256    0.7419    0.8929    0.9049    0.6921   0.02875    0.0191         0
   113/199     2.47G      0.01  0.003793         0    0.0138         0       256    0.6769    0.8981    0.9012    0.6673   0.02836   0.01916         0
   114/199     2.47G  0.009325  0.003738         0   0.01306         0       256     0.733    0.9286    0.9057    0.6787   0.02859   0.01897         0
   115/199     2.47G   0.00959  0.003858         0   0.01345         0       256    0.7453    0.9286    0.9036    0.6825   0.02896   0.01904         0
   116/199     2.47G   0.01197  0.004169         0   0.01614         0       256    0.7639    0.9286    0.9036    0.6727   0.02856   0.01918         0
   117/199     2.47G   0.00989  0.003762         0   0.01365         0       256    0.7815    0.8929    0.9018    0.6704    0.0289   0.01905         0
   118/199     2.47G  0.008148  0.003581         0   0.01173         0       256    0.7185    0.9118    0.9042    0.6884   0.02867   0.01887         0
   119/199     2.47G  0.009201  0.003732         0   0.01293         0       256    0.7311    0.8929    0.8994    0.6835    0.0286    0.0193         0
   120/199     2.47G  0.009051  0.003696         0   0.01275         0       256    0.7059    0.8929    0.8977    0.6738   0.02874   0.01948         0
   121/199     2.47G  0.009987  0.003799         0   0.01379         0       256    0.7259    0.8929    0.8998    0.6573    0.0294   0.01933         0
   122/199     2.47G  0.009552  0.003675         0   0.01323         0       256    0.7412    0.8929    0.8995    0.6743   0.02861   0.01918         0
   123/199     2.47G  0.008722  0.003567         0   0.01229         0       256      0.78    0.8929    0.8964    0.6811    0.0291   0.01913         0
   124/199     2.47G   0.01044  0.003889         0   0.01433         0       256    0.7952    0.8929    0.8991    0.6825   0.02836   0.01896         0
   125/199     2.47G   0.00805  0.003508         0   0.01156         0       256    0.7653    0.8929    0.8929    0.6806   0.02832   0.01893         0
   126/199     2.47G  0.008452  0.003543         0     0.012         0       256    0.7513    0.8929    0.8965    0.6883   0.02791   0.01894         0
   127/199     2.47G  0.008853  0.003598         0   0.01245         0       256    0.7572    0.8929    0.8971    0.6776   0.02772   0.01915         0
   128/199     2.47G  0.009316  0.003752         0   0.01307         0       256    0.7484    0.8929    0.9013    0.6725   0.02768   0.01901         0
   129/199     2.47G  0.007174  0.003334         0   0.01051         0       256    0.7798    0.8929    0.9032    0.6859   0.02774   0.01911         0
   130/199     2.47G  0.008371  0.003458         0   0.01183         0       256    0.7636    0.8929    0.9032     0.695   0.02751   0.01908         0
   131/199     2.47G  0.008123   0.00351         0   0.01163         0       256    0.7699    0.8929    0.9019    0.6816   0.02772   0.01935         0
   132/199     2.47G    0.0086  0.003591         0   0.01219         0       256    0.7619    0.8929    0.8998    0.6864   0.02782   0.01941         0
   133/199     2.47G  0.007749  0.003337         0   0.01109         0       256    0.7256    0.8929    0.8981     0.656   0.02769   0.01914         0
   134/199     2.47G  0.007786  0.003384         0   0.01117         0       256    0.7511    0.8929    0.9031    0.6751   0.02729   0.01892         0
   135/199     2.47G  0.007931  0.003339         0   0.01127         0       256    0.7663    0.8929    0.9038    0.6666   0.02812   0.01902         0
   136/199     2.47G  0.008251  0.003437         0   0.01169         0       256    0.7834    0.8929    0.9044    0.6822   0.02776   0.01913         0
   137/199     2.47G  0.007517  0.003369         0   0.01089         0       256     0.797    0.8929    0.9021    0.6699   0.02832   0.01953         0
   138/199     2.47G  0.007456  0.003283         0   0.01074         0       256     0.765    0.8929     0.902    0.6888   0.02805    0.0194         0
   139/199     2.47G  0.006935  0.003171         0   0.01011         0       256    0.7873    0.8929    0.8992    0.6851   0.02829   0.01965         0
   140/199     2.47G  0.008254  0.003482         0   0.01174         0       256    0.7769    0.8929    0.8983    0.6774   0.02831   0.01959         0
   141/199     2.47G  0.007131  0.003143         0   0.01027         0       256    0.7535    0.8929    0.9008    0.6731   0.02792   0.01982         0
   142/199     2.47G  0.006946  0.003126         0   0.01007         0       256    0.7315    0.8929    0.9001    0.6858   0.02803   0.01962         0
   143/199     2.47G  0.008526  0.003503         0   0.01203         0       256     0.754    0.8929    0.8981    0.6893    0.0281   0.01989         0
   144/199     2.47G  0.007104  0.003195         0    0.0103         0       256    0.7525    0.8929    0.8957    0.6648   0.02842   0.02002         0
   145/199     2.47G  0.007966  0.003342         0   0.01131         0       256    0.7462    0.8929     0.897    0.6706   0.02801   0.01991         0
   146/199     2.47G  0.006845  0.003013         0  0.009859         0       256    0.7538    0.8929    0.9005    0.6781   0.02772   0.01973         0
   147/199     2.47G  0.006053  0.002941         0  0.008993         0       256     0.764    0.8929    0.9008    0.6781   0.02817   0.01989         0
   148/199     2.47G  0.007799  0.003431         0   0.01123         0       256    0.7778    0.8929    0.8977    0.6817   0.02781   0.01988         0
   149/199     2.47G  0.006196  0.003003         0  0.009199         0       256    0.7747    0.8929    0.8964    0.6643    0.0279   0.01998         0
   150/199     2.47G  0.006217   0.00298         0  0.009197         0       256     0.752    0.8929    0.8985    0.6661   0.02758   0.01975         0
   151/199     2.47G  0.007418  0.003193         0   0.01061         0       256    0.7721    0.8929     0.897    0.6712   0.02788   0.01998         0
   152/199     2.47G  0.006398   0.00306         0  0.009458         0       256    0.7693    0.8929    0.8953    0.6702   0.02839   0.02001         0
   153/199     2.47G   0.00704  0.003019         0   0.01006         0       256    0.7524    0.8929     0.892    0.6642    0.0285   0.02005         0
   154/199     2.47G  0.006548  0.002986         0  0.009535         0       256    0.7562    0.8929    0.8956    0.6793   0.02784   0.02004         0
   155/199     2.47G  0.006422  0.002969         0  0.009391         0       256    0.7639    0.8929    0.8939    0.6868   0.02813   0.02016         0
   156/199     2.47G  0.006166  0.003053         0  0.009219         0       256    0.7659    0.8929    0.8911    0.6793   0.02816   0.02018         0
   157/199     2.47G  0.006586  0.002979         0  0.009565         0       256    0.7643    0.8929    0.8946    0.6873   0.02847   0.02029         0
   158/199     2.47G  0.007054  0.003047         0    0.0101         0       256    0.7349    0.8929    0.8973    0.6754   0.02823   0.01999         0
   159/199     2.47G  0.006107  0.002926         0  0.009034         0       256     0.779    0.8929    0.8978    0.6744   0.02809   0.02018         0
   160/199     2.47G  0.006154  0.002972         0  0.009126         0       256    0.7775    0.8929    0.8977    0.6591   0.02806   0.02004         0
   161/199     2.47G  0.005467  0.002799         0  0.008266         0       256    0.7543    0.8929    0.8949    0.6513   0.02844   0.01998         0
   162/199     2.47G  0.005465  0.002798         0  0.008262         0       256    0.7451    0.8929    0.8985    0.6649   0.02771   0.01975         0
   163/199     2.47G  0.005996  0.002843         0  0.008839         0       256     0.753    0.8929    0.8979    0.6591   0.02808   0.01989         0
   164/199     2.47G  0.006383     0.003         0  0.009383         0       256    0.7696    0.8929     0.896    0.6642   0.02798   0.02001         0
   165/199     2.47G  0.005341  0.002741         0  0.008083         0       256    0.7505    0.8929    0.8933    0.6507   0.02779   0.02003         0
   166/199     2.47G  0.005194  0.002695         0  0.007889         0       256    0.7519    0.8929    0.8952    0.6485    0.0275   0.01995         0
   167/199     2.47G  0.005125  0.002633         0  0.007758         0       256     0.753    0.8929    0.8934    0.6579   0.02774   0.02016         0
   168/199     2.47G    0.0058  0.002889         0  0.008689         0       256    0.7567    0.8929    0.8933    0.6713   0.02762   0.02018         0
   169/199     2.47G  0.005109  0.002634         0  0.007743         0       256    0.7611    0.8929    0.8928    0.6708   0.02789   0.02031         0
   170/199     2.47G  0.005082  0.002693         0  0.007775         0       256    0.7842    0.8929    0.8925    0.6771   0.02779    0.0202         0
   171/199     2.47G  0.005855  0.002872         0  0.008727         0       256    0.7863    0.8929    0.8904    0.6625    0.0279   0.02033         0
   172/199     2.47G   0.00515  0.002725         0  0.007875         0       256    0.7886    0.8929    0.8919    0.6773   0.02787   0.02035         0
   173/199     2.47G  0.006015  0.002794         0   0.00881         0       256    0.7642    0.8929    0.8911    0.6696   0.02789   0.02015         0
   174/199     2.47G  0.005196  0.002659         0  0.007855         0       256     0.765    0.8929    0.8948    0.6624   0.02774   0.01989         0
   175/199     2.47G  0.004326  0.002515         0  0.006841         0       256    0.7684    0.8929    0.8924    0.6499   0.02777   0.01992         0
   176/199     2.47G  0.005582  0.002792         0  0.008374         0       256    0.7654    0.8929    0.8961    0.6703   0.02773   0.01997         0
   177/199     2.47G  0.006229  0.002773         0  0.009002         0       256    0.7671    0.8929    0.8956    0.6668   0.02782   0.01991         0
   178/199     2.47G  0.005149  0.002556         0  0.007705         0       256    0.7819    0.8929    0.8992    0.6794   0.02761   0.01983         0
   179/199     2.47G  0.005181  0.002587         0  0.007768         0       256     0.786    0.8929    0.8977    0.6874   0.02794   0.01998         0
   180/199     2.47G  0.004619  0.002603         0  0.007222         0       256    0.7817    0.8929    0.8973    0.6832   0.02789   0.02009         0
   181/199     2.47G  0.005597  0.002848         0  0.008445         0       256    0.7544    0.8929    0.8957    0.6819   0.02811   0.02012         0
   182/199     2.47G  0.004295  0.002431         0  0.006725         0       256    0.7322    0.8929    0.9028    0.6866   0.02768   0.01999         0
   183/199     2.47G   0.00475  0.002559         0  0.007309         0       256     0.739    0.8929    0.8983    0.6828    0.0278   0.02016         0
   184/199     2.47G  0.005106  0.002689         0  0.007795         0       256    0.7272    0.8929     0.897     0.684   0.02795   0.02028         0
   185/199     2.47G  0.005836  0.002846         0  0.008682         0       256    0.7616    0.8929    0.8967    0.6624   0.02799    0.0203         0
   186/199     2.47G  0.004245  0.002484         0  0.006729         0       256    0.7306    0.8929    0.8994    0.6764   0.02783   0.02006         0
   187/199     2.47G  0.003789  0.002387         0  0.006176         0       256    0.7719    0.8929    0.8973    0.6752   0.02789   0.02029         0
   188/199     2.47G  0.004283  0.002518         0  0.006801         0       256    0.7379    0.8929    0.8985    0.6613   0.02803   0.02031         0
   189/199     2.47G   0.00623  0.002826         0  0.009056         0       256    0.7411    0.8929    0.8981    0.6715   0.02795   0.02041         0
   190/199     2.47G  0.005578  0.002614         0  0.008192         0       256     0.732    0.8929    0.8989     0.678   0.02771   0.02025         0
   191/199     2.47G  0.004676  0.002445         0  0.007121         0       256    0.7538    0.8929    0.8964    0.6732   0.02797   0.02039         0
   192/199     2.47G  0.004926  0.002637         0  0.007563         0       256    0.7649    0.8929    0.8955    0.6809   0.02787   0.02051         0
   193/199     2.47G  0.004647  0.002472         0  0.007118         0       256    0.7635    0.8929    0.8935    0.6697   0.02786   0.02056         0
   194/199     2.47G  0.004393  0.002462         0  0.006854         0       256    0.7628    0.8929    0.8963      0.68   0.02751   0.02033         0
   195/199     2.47G  0.003561  0.002273         0  0.005834         0       256    0.7705    0.8929    0.8931    0.6833   0.02751   0.02038         0
   196/199     2.47G  0.004383  0.002451         0  0.006833         0       256    0.7483    0.8929    0.8937     0.682   0.02757    0.0203         0
   197/199     2.47G  0.003975  0.002423         0  0.006398         0       256    0.7679    0.8929    0.8922    0.6794   0.02736   0.02022         0
   198/199     2.47G  0.004823  0.002522         0  0.007346         0       256    0.7798    0.8929    0.8957    0.6883   0.02729   0.02001         0
   199/199     2.47G  0.004549  0.002488         0  0.007036         0       256    0.7687    0.8929    0.8937    0.6924   0.02752    0.0202         0
