     0/199     2.47G   0.08537    0.0342         0    0.1196         0       256         0         0         0         0         0         0         0
     1/199     2.47G   0.07444   0.03518         0    0.1096         0       256         0         0         0         0         0         0         0
     2/199     2.47G    0.0676   0.03506         0    0.1027         0       256         0         0         0         0         0         0         0
     3/199     2.47G   0.06004   0.03563         0   0.09567         0       256         0         0         0         0         0         0         0
     4/199     2.47G     0.053    0.0324         0   0.08541         0       256         0         0         0         0         0         0         0
     5/199     2.47G   0.05216    0.0262         0   0.07836         0       256         0         0         0         0         0         0         0
     6/199     2.47G   0.05159   0.02148         0   0.07307         0       256         0         0         0         0         0         0         0
     7/199     2.47G   0.05887   0.01768         0   0.07655         0       256         0         0         0         0         0         0         0
     8/199     2.47G   0.06045   0.01698         0   0.07743         0       256         0         0         0         0         0         0         0
     9/199     2.47G   0.06109   0.01406         0   0.07516         0       256         0         0         0         0         0         0         0
    10/199     2.47G   0.06459   0.01513         0   0.07973         0       256         0         0         0         0         0         0         0
    11/199     2.47G   0.06235   0.01354         0   0.07589         0       256         0         0         0         0         0         0         0
    12/199     2.47G   0.06455   0.01447         0   0.07902         0       256         0         0         0         0         0         0         0
    13/199     2.47G   0.05603   0.01422         0   0.07024         0       256         0         0         0         0         0         0         0
    14/199     2.47G   0.06709   0.01572         0   0.08282         0       256         0         0         0         0         0         0         0
    15/199     2.47G   0.05341   0.01498         0   0.06839         0       256         0         0         0         0         0         0         0
    16/199     2.47G   0.05778   0.01339         0   0.07117         0       256         0         0         0         0         0         0         0
    17/199     2.47G    0.0587   0.01262         0   0.07132         0       256         0         0         0         0         0         0         0
    18/199     2.47G   0.04967   0.01268         0   0.06236         0       256         0         0         0         0         0         0         0
    19/199     2.47G   0.05009    0.0111         0   0.06119         0       256         0         0         0         0         0         0         0
    20/199     2.47G   0.04947   0.01178         0   0.06125         0       256         0         0         0         0         0         0         0
    21/199     2.47G   0.04153   0.01306         0   0.05459         0       256         0         0         0         0         0         0         0
    22/199     2.47G   0.04101   0.01071         0   0.05172         0       256         0         0         0         0         0         0         0
    23/199     2.47G   0.04115   0.01059         0   0.05174         0       256         0         0         0         0         0         0         0
    24/199     2.47G   0.04419   0.01008         0   0.05427         0       256         0         0         0         0         0         0         0
    25/199     2.47G   0.03691  0.009956         0   0.04687         0       256         0         0         0         0         0         0         0
    26/199     2.47G   0.03647   0.01048         0   0.04695         0       256         0         0         0         0         0         0         0
    27/199     2.47G   0.03242  0.009111         0   0.04153         0       256         0         0         0         0         0         0         0
    28/199     2.47G   0.03622  0.008981         0   0.04521         0       256         0         0         0         0         0         0         0
    29/199     2.47G   0.03701  0.008958         0   0.04597         0       256         0         0         0         0         0         0         0
    30/199     2.47G   0.03179  0.008564         0   0.04036         0       256         0         0         0         0         0         0         0
    31/199     2.47G    0.0307  0.008245         0   0.03895         0       256         0         0         0         0         0         0         0
    32/199     2.47G   0.03402  0.008381         0    0.0424         0       256         0         0         0         0         0         0         0
    33/199     2.47G   0.03064  0.007977         0   0.03861         0       256         0         0         0         0         0         0         0
    34/199     2.47G   0.02855  0.007509         0   0.03606         0       256         0         0         0         0         0         0         0
    35/199     2.47G   0.02666  0.007479         0   0.03414         0       256         0         0         0         0         0         0         0
    36/199     2.47G    0.0292  0.007763         0   0.03696         0       256         0         0         0         0         0         0         0
    37/199     2.47G    0.0303  0.007527         0   0.03783         0       256         0         0         0         0         0         0         0
    38/199     2.47G   0.02744   0.00713         0   0.03457         0       256         0         0         0         0         0         0         0
    39/199     2.47G   0.02745  0.007559         0   0.03501         0       256         0         0         0         0         0         0         0
    40/199     2.47G   0.02377  0.007275         0   0.03104         0       256         0         0         0         0         0         0         0
    41/199     2.47G   0.02165  0.006667         0   0.02831         0       256         0         0         0         0         0         0         0
    42/199     2.47G   0.02507   0.00679         0   0.03186         0       256         0         0         0         0         0         0         0
    43/199     2.47G   0.02074   0.00643         0   0.02717         0       256         0         0         0         0         0         0         0
    44/199     2.47G   0.02386  0.006693         0   0.03055         0       256         0         0         0         0         0         0         0
    45/199     2.47G   0.02845  0.007594         0   0.03605         0       256         0         0         0         0         0         0         0
    46/199     2.47G   0.02076  0.006653         0   0.02742         0       256         0         0         0         0         0         0         0
    47/199     2.47G    0.0201  0.006053         0   0.02615         0       256         0         0         0         0         0         0         0
    48/199     2.47G   0.02386  0.006301         0   0.03016         0       256         0         0         0         0         0         0         0
    49/199     2.47G   0.02148  0.006374         0   0.02785         0       256         0         0         0         0         0         0         0
    50/199     2.47G   0.01813  0.006053         0   0.02418         0       256         0         0         0         0         0         0         0
    51/199     2.47G   0.02383   0.00621         0   0.03004         0       256         0         0         0         0         0         0         0
    52/199     2.47G   0.02273  0.006192         0   0.02893         0       256         0         0         0         0         0         0         0
    53/199     2.47G   0.02073  0.006124         0   0.02686         0       256         0         0         0         0         0         0         0
    54/199     2.47G    0.0198  0.006015         0   0.02582         0       256         0         0         0         0         0         0         0
    55/199     2.47G    0.0182  0.005529         0   0.02373         0       256         0         0         0         0         0         0         0
    56/199     2.47G   0.02001   0.00577         0   0.02578         0       256         0         0         0         0         0         0         0
    57/199     2.47G   0.01911   0.00562         0   0.02473         0       256         0         0         0         0         0         0         0
    58/199     2.47G   0.01674   0.00545         0   0.02219         0       256         0         0         0         0         0         0         0
    59/199     2.47G   0.01904  0.005712         0   0.02475         0       256         0         0         0         0         0         0         0
    60/199     2.47G   0.01942  0.005874         0    0.0253         0       256         0         0         0         0         0         0         0
    61/199     2.47G   0.01683  0.005564         0   0.02239         0       256         0         0         0         0         0         0         0
    62/199     2.47G   0.01868  0.005663         0   0.02435         0       256         0         0         0         0         0         0         0
    63/199     2.47G   0.01516  0.005197         0   0.02035         0       256         0         0         0         0         0         0         0
    64/199     2.47G   0.01911  0.005622         0   0.02473         0       256         0         0         0         0         0         0         0
    65/199     2.47G   0.01849  0.005629         0   0.02412         0       256         0         0         0         0         0         0         0
    66/199     2.47G   0.01657  0.005292         0   0.02186         0       256         0         0         0         0         0         0         0
    67/199     2.47G   0.01645  0.005327         0   0.02178         0       256         0         0         0         0         0         0         0
    68/199     2.47G   0.01566  0.005266         0   0.02092         0       256         0         0         0         0         0         0         0
    69/199     2.47G   0.01667  0.005143         0   0.02181         0       256         0         0         0         0         0         0         0
    70/199     2.47G   0.01515  0.005097         0   0.02025         0       256         0         0         0         0         0         0         0
    71/199     2.47G   0.01438  0.005002         0   0.01938         0       256         0         0         0         0         0         0         0
    72/199     2.47G    0.0207  0.005644         0   0.02634         0       256         0         0         0         0         0         0         0
    73/199     2.47G   0.01739  0.005388         0   0.02278         0       256         0         0         0         0         0         0         0
    74/199     2.47G     0.016  0.005163         0   0.02116         0       256         0         0         0         0         0         0         0
    75/199     2.47G   0.01392  0.004655         0   0.01857         0       256         0         0         0         0         0         0         0
    76/199     2.47G   0.01432  0.004789         0   0.01911         0       256         0         0         0         0         0         0         0
    77/199     2.47G   0.01583  0.005013         0   0.02085         0       256         0         0         0         0         0         0         0
    78/199     2.47G   0.01448  0.004775         0   0.01925         0       256         0         0         0         0         0         0         0
    79/199     2.47G   0.01372  0.004601         0   0.01832         0       256         0         0         0         0         0         0         0
    80/199     2.47G   0.01562  0.004899         0   0.02052         0       256         0         0         0         0         0         0         0
    81/199     2.47G   0.01715  0.004888         0   0.02203         0       256         0         0         0         0         0         0         0
    82/199     2.47G   0.01431  0.004811         0   0.01912         0       256         0         0         0         0         0         0         0
    83/199     2.47G   0.01195  0.004206         0   0.01615         0       256         0         0         0         0         0         0         0
    84/199     2.47G   0.01377  0.004644         0   0.01841         0       256         0         0         0         0         0         0         0
    85/199     2.47G   0.01289  0.004371         0   0.01726         0       256         0         0         0         0         0         0         0
    86/199     2.47G   0.01301  0.004391         0    0.0174         0       256         0         0         0         0         0         0         0
    87/199     2.47G   0.01204  0.004485         0   0.01653         0       256         0         0         0         0         0         0         0
    88/199     2.47G    0.0161  0.004946         0   0.02104         0       256         0         0         0         0         0         0         0
    89/199     2.47G   0.01552  0.004879         0    0.0204         0       256         0         0         0         0         0         0         0
    90/199     2.47G   0.01132  0.004474         0   0.01579         0       256         0         0         0         0         0         0         0
    91/199     2.47G   0.01361  0.004567         0   0.01818         0       256         0         0         0         0         0         0         0
    92/199     2.47G   0.01417  0.004803         0   0.01897         0       256         0         0         0         0         0         0         0
    93/199     2.47G   0.01411  0.004605         0   0.01872         0       256         0         0         0         0         0         0         0
    94/199     2.47G   0.01202  0.004432         0   0.01645         0       256         0         0         0         0         0         0         0
    95/199     2.47G  0.009861  0.004146         0   0.01401         0       256         0         0         0         0         0         0         0
    96/199     2.47G   0.01318  0.004584         0   0.01777         0       256         0         0         0         0         0         0         0
    97/199     2.47G   0.01147   0.00417         0   0.01564         0       256         0         0         0         0         0         0         0
    98/199     2.47G   0.01184  0.004216         0   0.01606         0       256         0         0         0         0         0         0         0
    99/199     2.47G   0.01067  0.004201         0   0.01487         0       256         0         0         0         0         0         0         0
   100/199     2.47G   0.01373  0.004593         0   0.01832         0       256         0         0         0         0         0         0         0
   101/199     2.47G    0.0125  0.004293         0   0.01679         0       256         0         0         0         0         0         0         0
   102/199     2.47G   0.01097  0.004159         0   0.01513         0       256         0         0         0         0         0         0         0
   103/199     2.47G    0.0118  0.004221         0   0.01602         0       256         0         0         0         0         0         0         0
   104/199     2.47G   0.01227   0.00433         0    0.0166         0       256         0         0         0         0         0         0         0
   105/199     2.47G  0.009985  0.003864         0   0.01385         0       256         0         0         0         0         0         0         0
   106/199     2.47G   0.01148  0.004081         0   0.01556         0       256         0         0         0         0         0         0         0
   107/199     2.47G  0.009796  0.003881         0   0.01368         0       256         0         0         0         0         0         0         0
   108/199     2.47G   0.01052  0.003972         0   0.01449         0       256         0         0         0         0         0         0         0
   109/199     2.47G   0.01103  0.003815         0   0.01484         0       256         0         0         0         0         0         0         0
   110/199     2.47G   0.01125  0.003878         0   0.01512         0       256         0         0         0         0         0         0         0
   111/199     2.47G  0.009269  0.003649         0   0.01292         0       256         0         0         0         0         0         0         0
   112/199     2.47G   0.01094  0.003893         0   0.01483         0       256         0         0         0         0         0         0         0
   113/199     2.47G  0.009781  0.003691         0   0.01347         0       256         0         0         0         0         0         0         0
   114/199     2.47G    0.0101  0.003682         0   0.01378         0       256         0         0         0         0         0         0         0
   115/199     2.47G   0.01086  0.003799         0   0.01466         0       256         0         0         0         0         0         0         0
   116/199     2.47G   0.01009  0.003799         0   0.01389         0       256         0         0         0         0         0         0         0
   117/199     2.47G  0.008749  0.003542         0   0.01229         0       256         0         0         0         0         0         0         0
   118/199     2.47G  0.009051  0.003515         0   0.01257         0       256         0         0         0         0         0         0         0
   119/199     2.47G   0.00955  0.003658         0   0.01321         0       256         0         0         0         0         0         0         0
   120/199     2.47G  0.009743  0.003717         0   0.01346         0       256         0         0         0         0         0         0         0
   121/199     2.47G   0.01285   0.00412         0   0.01697         0       256         0         0         0         0         0         0         0
   122/199     2.47G    0.0103  0.004022         0   0.01432         0       256         0         0         0         0         0         0         0
   123/199     2.47G    0.0081  0.003583         0   0.01168         0       256         0         0         0         0         0         0         0
   124/199     2.47G  0.009217  0.003748         0   0.01297         0       256         0         0         0         0         0         0         0
   125/199     2.47G  0.008796  0.003631         0   0.01243         0       256         0         0         0         0         0         0         0
   126/199     2.47G  0.009321  0.003563         0   0.01288         0       256         0         0         0         0         0         0         0
   127/199     2.47G  0.006995  0.003181         0   0.01018         0       256         0         0         0         0         0         0         0
   128/199     2.47G  0.009132   0.00369         0   0.01282         0       256         0         0         0         0         0         0         0
   129/199     2.47G  0.008924  0.003486         0   0.01241         0       256         0         0         0         0         0         0         0
   130/199     2.47G  0.007544  0.003292         0   0.01084         0       256         0         0         0         0         0         0         0
   131/199     2.47G  0.008534  0.003549         0   0.01208         0       256         0         0         0         0         0         0         0
   132/199     2.47G  0.008285  0.003452         0   0.01174         0       256         0         0         0         0         0         0         0
   133/199     2.47G  0.008294  0.003406         0    0.0117         0       256         0         0         0         0         0         0         0
   134/199     2.47G  0.008723  0.003345         0   0.01207         0       256         0         0         0         0         0         0         0
   135/199     2.47G  0.007932  0.003293         0   0.01123         0       256         0         0         0         0         0         0         0
   136/199     2.47G  0.008177  0.003363         0   0.01154         0       256         0         0         0         0         0         0         0
   137/199     2.47G  0.007978  0.003286         0   0.01126         0       256         0         0         0         0         0         0         0
   138/199     2.47G  0.007047  0.003125         0   0.01017         0       256         0         0         0         0         0         0         0
   139/199     2.47G  0.007418  0.003169         0   0.01059         0       256         0         0         0         0         0         0         0
   140/199     2.47G  0.009661  0.003565         0   0.01323         0       256         0         0         0         0         0         0         0
   141/199     2.47G  0.008778  0.003325         0    0.0121         0       256         0         0         0         0         0         0         0
   142/199     2.47G  0.008661  0.003282         0   0.01194         0       256         0         0         0         0         0         0         0
   143/199     2.47G  0.007342  0.003162         0    0.0105         0       256         0         0         0         0         0         0         0
   144/199     2.47G  0.006574  0.003065         0  0.009638         0       256         0         0         0         0         0         0         0
   145/199     2.47G  0.007413  0.003124         0   0.01054         0       256         0         0         0         0         0         0         0
   146/199     2.47G  0.005903   0.00281         0  0.008713         0       256         0         0         0         0         0         0         0
   147/199     2.47G  0.006841  0.003021         0  0.009862         0       256         0         0         0         0         0         0         0
   148/199     2.47G   0.00869   0.00328         0   0.01197         0       256         0         0         0         0         0         0         0
   149/199     2.47G  0.006625  0.003025         0   0.00965         0       256         0         0         0         0         0         0         0
   150/199     2.47G  0.005902  0.002838         0   0.00874         0       256         0         0         0         0         0         0         0
   151/199     2.47G  0.006405  0.002915         0   0.00932         0       256         0         0         0         0         0         0         0
   152/199     2.47G  0.007754  0.003247         0     0.011         0       256         0         0         0         0         0         0         0
   153/199     2.47G  0.006745  0.002981         0  0.009726         0       256         0         0         0         0         0         0         0
   154/199     2.47G  0.007429  0.002951         0   0.01038         0       256         0         0         0         0         0         0         0
   155/199     2.47G   0.00568  0.002791         0   0.00847         0       256         0         0         0         0         0         0         0
   156/199     2.47G  0.006856  0.003132         0  0.009988         0       256         0         0         0         0         0         0         0
   157/199     2.47G  0.006145  0.002867         0  0.009011         0       256         0         0         0         0         0         0         0
   158/199     2.47G  0.005729   0.00278         0  0.008509         0       256         0         0         0         0         0         0         0
   159/199     2.47G  0.007052  0.003044         0    0.0101         0       256         0         0         0         0         0         0         0
   160/199     2.47G  0.005499  0.002742         0  0.008241         0       256         0         0         0         0         0         0         0
   161/199     2.47G  0.005611    0.0027         0  0.008311         0       256         0         0         0         0         0         0         0
   162/199     2.47G  0.005339  0.002651         0   0.00799         0       256         0         0         0         0         0         0         0
   163/199     2.47G  0.005449  0.002659         0  0.008108         0       256         0         0         0         0         0         0         0
   164/199     2.47G  0.006299  0.002949         0  0.009249         0       256         0         0         0         0         0         0         0
   165/199     2.47G  0.005913  0.002707         0   0.00862         0       256         0         0         0         0         0         0         0
   166/199     2.47G  0.005568  0.002614         0  0.008182         0       256         0         0         0         0         0         0         0
   167/199     2.47G  0.005711  0.002694         0  0.008405         0       256         0         0         0         0         0         0         0
   168/199     2.47G  0.005415  0.002687         0  0.008102         0       256         0         0         0         0         0         0         0
   169/199     2.47G  0.007375  0.003056         0   0.01043         0       256         0         0         0         0         0         0         0
   170/199     2.47G  0.005438  0.002585         0  0.008023         0       256         0         0         0         0         0         0         0
   171/199     2.47G   0.00549  0.002659         0  0.008149         0       256         0         0         0         0         0         0         0
   172/199     2.47G  0.005342  0.002675         0  0.008017         0       256         0         0         0         0         0         0         0
   173/199     2.47G  0.005243   0.00261         0  0.007853         0       256         0         0         0         0         0         0         0
   174/199     2.47G  0.005119  0.002553         0  0.007672         0       256         0         0         0         0         0         0         0
   175/199     2.47G  0.005376  0.002675         0  0.008051         0       256         0         0         0         0         0         0         0
   176/199     2.47G  0.005312  0.002632         0  0.007944         0       256         0         0         0         0         0         0         0
   177/199     2.47G  0.005781  0.002701         0  0.008482         0       256         0         0         0         0         0         0         0
   178/199     2.47G  0.005005  0.002502         0  0.007507         0       256         0         0         0         0         0         0         0
   179/199     2.47G  0.004568  0.002441         0  0.007009         0       256         0         0         0         0         0         0         0
   180/199     2.47G  0.005623  0.002735         0  0.008358         0       256         0         0         0         0         0         0         0
   181/199     2.47G  0.004768  0.002383         0   0.00715         0       256         0         0         0         0         0         0         0
   182/199     2.47G  0.004818  0.002473         0   0.00729         0       256         0         0         0         0         0         0         0
   183/199     2.47G  0.004491  0.002331         0  0.006822         0       256         0         0         0         0         0         0         0
   184/199     2.47G  0.005387  0.002562         0   0.00795         0       256         0         0         0         0         0         0         0
   185/199     2.47G  0.005359  0.002571         0  0.007931         0       256         0         0         0         0         0         0         0
   186/199     2.47G  0.004954  0.002458         0  0.007412         0       256         0         0         0         0         0         0         0
   187/199     2.47G  0.004716   0.00243         0  0.007147         0       256         0         0         0         0         0         0         0
   188/199     2.47G  0.005321  0.002615         0  0.007936         0       256         0         0         0         0         0         0         0
   189/199     2.47G  0.004986  0.002493         0  0.007479         0       256         0         0         0         0         0         0         0
   190/199     2.47G  0.004541  0.002345         0  0.006886         0       256         0         0         0         0         0         0         0
   191/199     2.47G  0.003828   0.00228         0  0.006108         0       256         0         0         0         0         0         0         0
   192/199     2.47G   0.00461  0.002434         0  0.007044         0       256         0         0         0         0         0         0         0
   193/199     2.47G  0.005877  0.002658         0  0.008535         0       256         0         0         0         0         0         0         0
   194/199     2.47G  0.004403  0.002329         0  0.006732         0       256         0         0         0         0         0         0         0
   195/199     2.47G   0.00483  0.002426         0  0.007256         0       256         0         0         0         0         0         0         0
   196/199     2.47G  0.005577  0.002764         0  0.008341         0       256         0         0         0         0         0         0         0
   197/199     2.47G  0.004637  0.002425         0  0.007063         0       256         0         0         0         0         0         0         0
   198/199     2.47G  0.005128   0.00249         0  0.007618         0       256         0         0         0         0         0         0         0
   199/199     2.47G  0.004109  0.002329         0  0.006438         0       256    0.7687    0.9286    0.9077     0.652   0.02892   0.02235         0
