     0/199     2.47G   0.08536   0.03419         0    0.1196         0       256         0         0         0         0         0         0         0
     1/199     2.47G   0.07426   0.03524         0    0.1095         0       256         0         0         0         0         0         0         0
     2/199     2.47G   0.06698   0.03529         0    0.1023         0       256         0         0         0         0         0         0         0
     3/199     2.47G   0.06019   0.03594         0   0.09613         0       256         0         0         0         0         0         0         0
     4/199     2.47G   0.05438   0.03336         0   0.08774         0       256         0         0         0         0         0         0         0
     5/199     2.47G   0.05314   0.02605         0   0.07919         0       256         0         0         0         0         0         0         0
     6/199     2.47G   0.05586   0.02135         0   0.07721         0       256         0         0         0         0         0         0         0
     7/199     2.47G   0.05301   0.01867         0   0.07169         0       256         0         0         0         0         0         0         0
     8/199     2.47G   0.05653   0.01581         0   0.07234         0       256         0         0         0         0         0         0         0
     9/199     2.47G   0.06241   0.01514         0   0.07755         0       256         0         0         0         0         0         0         0
    10/199     2.47G   0.05703   0.01449         0   0.07152         0       256         0         0         0         0         0         0         0
    11/199     2.47G   0.05969   0.01364         0   0.07333         0       256         0         0         0         0         0         0         0
    12/199     2.47G   0.05652   0.01487         0   0.07139         0       256         0         0         0         0         0         0         0
    13/199     2.47G   0.05984   0.01148         0   0.07132         0       256         0         0         0         0         0         0         0
    14/199     2.47G   0.05005   0.01601         0   0.06606         0       256         0         0         0         0         0         0         0
    15/199     2.47G   0.05008   0.01158         0   0.06166         0       256         0         0         0         0         0         0         0
    16/199     2.47G   0.05285   0.01322         0   0.06607         0       256         0         0         0         0         0         0         0
    17/199     2.47G   0.04927   0.01941         0   0.06867         0       256         0         0         0         0         0         0         0
    18/199     2.47G    0.0458   0.01508         0   0.06089         0       256         0         0         0         0         0         0         0
    19/199     2.47G   0.04241   0.01301         0   0.05541         0       256         0         0         0         0         0         0         0
    20/199     2.47G    0.0562   0.01165         0   0.06785         0       256         0         0         0         0         0         0         0
    21/199     2.47G   0.04669   0.01313         0   0.05982         0       256         0         0         0         0         0         0         0
    22/199     2.47G   0.04219   0.01154         0   0.05373         0       256         0         0         0         0         0         0         0
    23/199     2.47G   0.03685   0.01052         0   0.04737         0       256         0         0         0         0         0         0         0
    24/199     2.47G    0.0415  0.009985         0   0.05149         0       256         0         0         0         0         0         0         0
    25/199     2.47G   0.03641   0.01018         0   0.04659         0       256         0         0         0         0         0         0         0
    26/199     2.47G   0.03606  0.009382         0   0.04545         0       256         0         0         0         0         0         0         0
    27/199     2.47G   0.03361  0.008981         0   0.04259         0       256         0         0         0         0         0         0         0
    28/199     2.47G    0.0324  0.008263         0   0.04066         0       256         0         0         0         0         0         0         0
    29/199     2.47G   0.03259  0.008788         0   0.04138         0       256         0         0         0         0         0         0         0
    30/199     2.47G   0.02837  0.008023         0   0.03639         0       256         0         0         0         0         0         0         0
    31/199     2.47G   0.03307  0.007802         0   0.04087         0       256         0         0         0         0         0         0         0
    32/199     2.47G   0.03213  0.008598         0   0.04073         0       256         0         0         0         0         0         0         0
    33/199     2.47G   0.02761  0.008099         0   0.03571         0       256         0         0         0         0         0         0         0
    34/199     2.47G   0.02322  0.007242         0   0.03046         0       256         0         0         0         0         0         0         0
    35/199     2.47G   0.02793  0.007125         0   0.03506         0       256         0         0         0         0         0         0         0
    36/199     2.47G   0.02864  0.007551         0   0.03619         0       256         0         0         0         0         0         0         0
    37/199     2.47G    0.0282  0.006996         0    0.0352         0       256         0         0         0         0         0         0         0
    38/199     2.47G   0.02452  0.006917         0   0.03143         0       256         0         0         0         0         0         0         0
    39/199     2.47G   0.02061   0.00607         0   0.02668         0       256         0         0         0         0         0         0         0
    40/199     2.47G   0.02432  0.006341         0   0.03066         0       256         0         0         0         0         0         0         0
    41/199     2.47G   0.02544  0.006836         0   0.03228         0       256         0         0         0         0         0         0         0
    42/199     2.47G   0.02466  0.006753         0   0.03142         0       256         0         0         0         0         0         0         0
    43/199     2.47G   0.01888  0.005875         0   0.02476         0       256         0         0         0         0         0         0         0
    44/199     2.47G   0.02517  0.006258         0   0.03143         0       256         0         0         0         0         0         0         0
    45/199     2.47G   0.02583  0.006993         0   0.03283         0       256         0         0         0         0         0         0         0
    46/199     2.47G   0.02219  0.006821         0   0.02901         0       256         0         0         0         0         0         0         0
    47/199     2.47G   0.01995  0.005983         0   0.02593         0       256         0         0         0         0         0         0         0
    48/199     2.47G   0.02249   0.00614         0   0.02863         0       256         0         0         0         0         0         0         0
    49/199     2.47G   0.02662  0.006701         0   0.03332         0       256         0         0         0         0         0         0         0
    50/199     2.47G   0.02127  0.006217         0   0.02749         0       256         0         0         0         0         0         0         0
    51/199     2.47G   0.01764  0.005641         0   0.02328         0       256         0         0         0         0         0         0         0
    52/199     2.47G   0.02075  0.005897         0   0.02665         0       256         0         0         0         0         0         0         0
    53/199     2.47G   0.02128  0.005799         0   0.02707         0       256         0         0         0         0         0         0         0
    54/199     2.47G   0.02026  0.005863         0   0.02612         0       256         0         0         0         0         0         0         0
    55/199     2.47G   0.02232  0.005863         0   0.02818         0       256         0         0         0         0         0         0         0
    56/199     2.47G   0.02264  0.006074         0   0.02871         0       256         0         0         0         0         0         0         0
    57/199     2.47G   0.01986  0.006117         0   0.02597         0       256         0         0         0         0         0         0         0
    58/199     2.47G   0.01642  0.005594         0   0.02201         0       256         0         0         0         0         0         0         0
    59/199     2.47G   0.01655  0.005231         0   0.02178         0       256         0         0         0         0         0         0         0
    60/199     2.47G   0.02189  0.005695         0   0.02758         0       256         0         0         0         0         0         0         0
    61/199     2.47G   0.01994  0.005995         0   0.02594         0       256         0         0         0         0         0         0         0
    62/199     2.47G   0.01777  0.005532         0    0.0233         0       256         0         0         0         0         0         0         0
    63/199     2.47G   0.01807  0.005248         0   0.02332         0       256         0         0         0         0         0         0         0
    64/199     2.47G   0.01938  0.005347         0   0.02473         0       256         0         0         0         0         0         0         0
    65/199     2.47G   0.01974   0.00528         0   0.02502         0       256         0         0         0         0         0         0         0
    66/199     2.47G   0.01728  0.005152         0   0.02243         0       256         0         0         0         0         0         0         0
    67/199     2.47G   0.01631  0.005327         0   0.02164         0       256         0         0         0         0         0         0         0
    68/199     2.47G   0.01629  0.005205         0   0.02149         0       256         0         0         0         0         0         0         0
    69/199     2.47G   0.01981  0.005501         0   0.02531         0       256         0         0         0         0         0         0         0
    70/199     2.47G   0.01398  0.005084         0   0.01907         0       256         0         0         0         0         0         0         0
    71/199     2.47G   0.01441  0.004709         0   0.01912         0       256         0         0         0         0         0         0         0
    72/199     2.47G   0.01566  0.005125         0   0.02078         0       256         0         0         0         0         0         0         0
    73/199     2.47G   0.01538    0.0049         0   0.02028         0       256         0         0         0         0         0         0         0
    74/199     2.47G    0.0202  0.005215         0   0.02542         0       256         0         0         0         0         0         0         0
    75/199     2.47G   0.01787  0.005208         0   0.02308         0       256         0         0         0         0         0         0         0
    76/199     2.47G   0.01588  0.005523         0    0.0214         0       256         0         0         0         0         0         0         0
    77/199     2.47G   0.01452  0.005023         0   0.01954         0       256         0         0         0         0         0         0         0
    78/199     2.47G   0.01475  0.004704         0   0.01945         0       256         0         0         0         0         0         0         0
    79/199     2.47G   0.01767  0.005117         0   0.02278         0       256         0         0         0         0         0         0         0
    80/199     2.47G   0.01481   0.00485         0   0.01966         0       256         0         0         0         0         0         0         0
    81/199     2.47G   0.01347  0.004581         0   0.01805         0       256         0         0         0         0         0         0         0
    82/199     2.47G   0.01247  0.004342         0   0.01681         0       256         0         0         0         0         0         0         0
    83/199     2.47G   0.01286  0.004325         0   0.01719         0       256         0         0         0         0         0         0         0
    84/199     2.47G   0.01413  0.004433         0   0.01856         0       256         0         0         0         0         0         0         0
    85/199     2.47G   0.01346  0.004421         0   0.01788         0       256         0         0         0         0         0         0         0
    86/199     2.47G   0.01393  0.004368         0   0.01829         0       256         0         0         0         0         0         0         0
    87/199     2.47G   0.01174  0.004076         0   0.01582         0       256         0         0         0         0         0         0         0
    88/199     2.47G    0.0168  0.004836         0   0.02164         0       256         0         0         0         0         0         0         0
    89/199     2.47G    0.0148  0.004879         0   0.01968         0       256         0         0         0         0         0         0         0
    90/199     2.47G   0.01097  0.004258         0   0.01523         0       256         0         0         0         0         0         0         0
    91/199     2.47G   0.01112  0.004011         0   0.01513         0       256         0         0         0         0         0         0         0
    92/199     2.47G   0.01377  0.004378         0   0.01815         0       256         0         0         0         0         0         0         0
    93/199     2.47G   0.01492  0.004356         0   0.01927         0       256         0         0         0         0         0         0         0
    94/199     2.47G   0.01239  0.004289         0   0.01668         0       256         0         0         0         0         0         0         0
    95/199     2.47G   0.01149  0.004142         0   0.01563         0       256         0         0         0         0         0         0         0
    96/199     2.47G   0.01416   0.00448         0   0.01864         0       256         0         0         0         0         0         0         0
    97/199     2.47G   0.01552  0.004588         0   0.02011         0       256         0         0         0         0         0         0         0
    98/199     2.47G   0.01161  0.004082         0    0.0157         0       256         0         0         0         0         0         0         0
    99/199     2.47G   0.01112  0.003936         0   0.01505         0       256         0         0         0         0         0         0         0
   100/199     2.47G   0.01046  0.003869         0   0.01432         0       256         0         0         0         0         0         0         0
   101/199     2.47G   0.01412  0.004435         0   0.01855         0       256         0         0         0         0         0         0         0
   102/199     2.47G   0.01085  0.003836         0   0.01469         0       256         0         0         0         0         0         0         0
   103/199     2.47G   0.01093  0.003922         0   0.01485         0       256         0         0         0         0         0         0         0
   104/199     2.47G   0.01356  0.004369         0   0.01792         0       256         0         0         0         0         0         0         0
   105/199     2.47G   0.01264  0.004012         0   0.01665         0       256         0         0         0         0         0         0         0
   106/199     2.47G    0.0117  0.003889         0   0.01559         0       256         0         0         0         0         0         0         0
   107/199     2.47G   0.01158  0.004037         0   0.01562         0       256         0         0         0         0         0         0         0
   108/199     2.47G   0.01118   0.00393         0   0.01511         0       256         0         0         0         0         0         0         0
   109/199     2.47G   0.01367   0.00421         0   0.01788         0       256         0         0         0         0         0         0         0
   110/199     2.47G   0.01088  0.003893         0   0.01477         0       256         0         0         0         0         0         0         0
   111/199     2.47G   0.01048  0.003866         0   0.01435         0       256         0         0         0         0         0         0         0
   112/199     2.47G   0.01034  0.003808         0   0.01415         0       256         0         0         0         0         0         0         0
   113/199     2.47G   0.01047  0.003692         0   0.01416         0       256         0         0         0         0         0         0         0
   114/199     2.47G   0.01074  0.003697         0   0.01444         0       256         0         0         0         0         0         0         0
   115/199     2.47G  0.008645  0.003347         0   0.01199         0       256         0         0         0         0         0         0         0
   116/199     2.47G   0.01213  0.004132         0   0.01626         0       256         0         0         0         0         0         0         0
   117/199     2.47G  0.009478  0.003641         0   0.01312         0       256         0         0         0         0         0         0         0
   118/199     2.47G  0.009064  0.003444         0   0.01251         0       256         0         0         0         0         0         0         0
   119/199     2.47G   0.00862  0.003347         0   0.01197         0       256         0         0         0         0         0         0         0
   120/199     2.47G   0.00881  0.003425         0   0.01224         0       256         0         0         0         0         0         0         0
   121/199     2.47G   0.01135  0.003915         0   0.01527         0       256         0         0         0         0         0         0         0
   122/199     2.47G  0.009353  0.003475         0   0.01283         0       256         0         0         0         0         0         0         0
   123/199     2.47G  0.007603  0.003275         0   0.01088         0       256         0         0         0         0         0         0         0
   124/199     2.47G  0.008168   0.00336         0   0.01153         0       256         0         0         0         0         0         0         0
   125/199     2.47G  0.008635  0.003359         0   0.01199         0       256         0         0         0         0         0         0         0
   126/199     2.47G  0.008317  0.003176         0   0.01149         0       256         0         0         0         0         0         0         0
   127/199     2.47G   0.00851  0.003259         0   0.01177         0       256         0         0         0         0         0         0         0
   128/199     2.47G  0.009653  0.003525         0   0.01318         0       256         0         0         0         0         0         0         0
   129/199     2.47G  0.008657  0.003311         0   0.01197         0       256         0         0         0         0         0         0         0
   130/199     2.47G  0.007838  0.003164         0     0.011         0       256         0         0         0         0         0         0         0
   131/199     2.47G  0.007244  0.003016         0   0.01026         0       256         0         0         0         0         0         0         0
   132/199     2.47G   0.01069  0.003593         0   0.01428         0       256         0         0         0         0         0         0         0
   133/199     2.47G  0.008828  0.003208         0   0.01204         0       256         0         0         0         0         0         0         0
   134/199     2.47G  0.007703  0.003083         0   0.01079         0       256         0         0         0         0         0         0         0
   135/199     2.47G  0.008052  0.003197         0   0.01125         0       256         0         0         0         0         0         0         0
   136/199     2.47G  0.008103  0.003178         0   0.01128         0       256         0         0         0         0         0         0         0
   137/199     2.47G   0.01005  0.003516         0   0.01356         0       256         0         0         0         0         0         0         0
   138/199     2.47G  0.007667  0.003024         0   0.01069         0       256         0         0         0         0         0         0         0
   139/199     2.47G  0.006996  0.002928         0  0.009924         0       256         0         0         0         0         0         0         0
   140/199     2.47G  0.008395  0.003097         0   0.01149         0       256         0         0         0         0         0         0         0
   141/199     2.47G  0.007326  0.002904         0   0.01023         0       256         0         0         0         0         0         0         0
   142/199     2.47G  0.007475  0.002935         0   0.01041         0       256         0         0         0         0         0         0         0
   143/199     2.47G  0.006569  0.002848         0  0.009418         0       256         0         0         0         0         0         0         0
   144/199     2.47G  0.006817  0.002842         0  0.009659         0       256         0         0         0         0         0         0         0
   145/199     2.47G  0.007052  0.002853         0  0.009905         0       256         0         0         0         0         0         0         0
   146/199     2.47G  0.006422  0.002679         0  0.009101         0       256         0         0         0         0         0         0         0
   147/199     2.47G  0.007288    0.0028         0   0.01009         0       256         0         0         0         0         0         0         0
   148/199     2.47G  0.007623  0.003062         0   0.01068         0       256         0         0         0         0         0         0         0
   149/199     2.47G   0.00582  0.002562         0  0.008382         0       256         0         0         0         0         0         0         0
   150/199     2.47G  0.006991   0.00274         0  0.009731         0       256         0         0         0         0         0         0         0
   151/199     2.47G  0.006029  0.002582         0  0.008612         0       256         0         0         0         0         0         0         0
   152/199     2.47G  0.006919  0.002737         0  0.009656         0       256         0         0         0         0         0         0         0
   153/199     2.47G  0.006337  0.002614         0  0.008951         0       256         0         0         0         0         0         0         0
   154/199     2.47G  0.006303  0.002632         0  0.008936         0       256         0         0         0         0         0         0         0
   155/199     2.47G   0.00575   0.00262         0   0.00837         0       256         0         0         0         0         0         0         0
   156/199     2.47G  0.005883  0.002571         0  0.008454         0       256         0         0         0         0         0         0         0
   157/199     2.47G  0.006024  0.002552         0  0.008576         0       256         0         0         0         0         0         0         0
   158/199     2.47G  0.005597  0.002352         0  0.007949         0       256         0         0         0         0         0         0         0
   159/199     2.47G  0.006608  0.002571         0  0.009179         0       256         0         0         0         0         0         0         0
   160/199     2.47G  0.005518  0.002507         0  0.008025         0       256         0         0         0         0         0         0         0
   161/199     2.47G  0.005426  0.002352         0  0.007778         0       256         0         0         0         0         0         0         0
   162/199     2.47G   0.00597  0.002459         0  0.008429         0       256         0         0         0         0         0         0         0
   163/199     2.47G  0.005578   0.00241         0  0.007988         0       256         0         0         0         0         0         0         0
   164/199     2.47G  0.005701  0.002535         0  0.008235         0       256         0         0         0         0         0         0         0
   165/199     2.47G  0.005935   0.00248         0  0.008415         0       256         0         0         0         0         0         0         0
   166/199     2.47G  0.005795  0.002437         0  0.008232         0       256         0         0         0         0         0         0         0
   167/199     2.47G  0.005485  0.002314         0  0.007799         0       256         0         0         0         0         0         0         0
   168/199     2.47G  0.005685  0.002514         0  0.008199         0       256         0         0         0         0         0         0         0
   169/199     2.47G  0.005351  0.002308         0  0.007659         0       256         0         0         0         0         0         0         0
   170/199     2.47G  0.005327  0.002329         0  0.007656         0       256         0         0         0         0         0         0         0
   171/199     2.47G  0.006042  0.002464         0  0.008506         0       256         0         0         0         0         0         0         0
   172/199     2.47G  0.006597  0.002667         0  0.009264         0       256         0         0         0         0         0         0         0
   173/199     2.47G  0.004916  0.002268         0  0.007184         0       256         0         0         0         0         0         0         0
   174/199     2.47G  0.004335  0.002152         0  0.006487         0       256         0         0         0         0         0         0         0
   175/199     2.47G  0.004991  0.002281         0  0.007272         0       256         0         0         0         0         0         0         0
   176/199     2.47G  0.005014  0.002337         0  0.007351         0       256         0         0         0         0         0         0         0
   177/199     2.47G  0.004906  0.002232         0  0.007138         0       256         0         0         0         0         0         0         0
   178/199     2.47G  0.004912  0.002173         0  0.007085         0       256         0         0         0         0         0         0         0
   179/199     2.47G  0.004621  0.002136         0  0.006757         0       256         0         0         0         0         0         0         0
   180/199     2.47G  0.005005  0.002299         0  0.007305         0       256         0         0         0         0         0         0         0
   181/199     2.47G  0.005273  0.002192         0  0.007465         0       256         0         0         0         0         0         0         0
   182/199     2.47G   0.00474  0.002116         0  0.006857         0       256         0         0         0         0         0         0         0
   183/199     2.47G  0.004581  0.002061         0  0.006642         0       256         0         0         0         0         0         0         0
   184/199     2.47G  0.004982  0.002223         0  0.007205         0       256         0         0         0         0         0         0         0
   185/199     2.47G  0.006742  0.002566         0  0.009308         0       256         0         0         0         0         0         0         0
   186/199     2.47G  0.005015  0.002244         0  0.007259         0       256         0         0         0         0         0         0         0
   187/199     2.47G  0.005212  0.002248         0  0.007461         0       256         0         0         0         0         0         0         0
   188/199     2.47G  0.004971   0.00225         0  0.007221         0       256         0         0         0         0         0         0         0
   189/199     2.47G  0.004845  0.002216         0  0.007061         0       256         0         0         0         0         0         0         0
   190/199     2.47G  0.004879  0.002239         0  0.007119         0       256         0         0         0         0         0         0         0
   191/199     2.47G  0.004247  0.002097         0  0.006344         0       256         0         0         0         0         0         0         0
   192/199     2.47G  0.004861   0.00225         0  0.007111         0       256         0         0         0         0         0         0         0
   193/199     2.47G   0.00511  0.002291         0  0.007401         0       256         0         0         0         0         0         0         0
   194/199     2.47G  0.004158  0.002012         0  0.006171         0       256         0         0         0         0         0         0         0
   195/199     2.47G  0.004487  0.002015         0  0.006501         0       256         0         0         0         0         0         0         0
   196/199     2.47G  0.004822  0.002214         0  0.007036         0       256         0         0         0         0         0         0         0
   197/199     2.47G  0.004643  0.002047         0   0.00669         0       256         0         0         0         0         0         0         0
   198/199     2.47G  0.004575  0.002073         0  0.006649         0       256         0         0         0         0         0         0         0
   199/199     2.47G  0.004647  0.002063         0   0.00671         0       256    0.8227    0.9643    0.9602    0.7283   0.02408   0.01626         0
