     0/219     2.47G   0.08538   0.03419         0    0.1196         0       256         0         0 0.0001689 2.446e-05   0.09365   0.03734         0
     1/219     2.47G   0.07448   0.03511         0    0.1096         0       256         0         0   0.00326 0.0006396   0.08584   0.03801         0
     2/219     2.47G   0.06757   0.03512         0    0.1027         0       256         0         0  0.007662  0.001411   0.07933    0.0389         0
     3/219     2.47G   0.06144   0.03528         0   0.09672         0       256         0         0   0.01093  0.002476   0.07469   0.03858         0
     4/219     2.47G   0.05439   0.03287         0   0.08725         0       256    0.5003    0.6429    0.6261    0.1947   0.05794   0.03343         0
     5/219     2.47G   0.05158   0.02631         0   0.07789         0       256    0.2225    0.8929    0.3083   0.05576   0.05734   0.02761         0
     6/219     2.47G   0.05249   0.02169         0   0.07418         0       256    0.1774    0.8929    0.5181    0.1477   0.06791   0.02135         0
     7/219     2.47G   0.06026   0.01711         0   0.07737         0       256    0.3428    0.7857    0.5405    0.1762    0.0625   0.02301         0
     8/219     2.47G   0.05065   0.01736         0   0.06802         0       256   0.09698    0.8571    0.1126   0.02354   0.06952   0.01864         0
     9/219     2.47G   0.05821   0.01485         0   0.07307         0       256    0.2443      0.75    0.3444    0.0721   0.06526   0.02297         0
    10/219     2.47G   0.05976   0.01727         0   0.07703         0       256     0.103    0.8929    0.3004    0.1669   0.07439   0.01695         0
    11/219     2.47G   0.06117   0.01397         0   0.07514         0       256    0.1679    0.9286    0.4837    0.1256     0.058   0.01991         0
    12/219     2.47G   0.05484   0.01364         0   0.06849         0       256    0.1461    0.9286     0.312   0.06277   0.05762   0.01965         0
    13/219     2.47G   0.05852   0.01536         0   0.07388         0       256    0.1586    0.9286    0.4896    0.1398   0.05388   0.01991         0
    14/219     2.47G   0.05124   0.01634         0   0.06758         0       256    0.1619    0.9643    0.7224    0.1559   0.04881   0.02294         0
    15/219     2.47G   0.05291   0.01445         0   0.06736         0       256    0.1842    0.9286    0.4501     0.156   0.06081   0.01869         0
    16/219     2.47G    0.0489   0.01605         0   0.06495         0       256    0.1579    0.9643    0.4435    0.1599   0.05603   0.01807         0
    17/219     2.47G   0.05113   0.01404         0   0.06517         0       256    0.1977    0.9643     0.589     0.214   0.05626   0.01809         0
    18/219     2.47G   0.05088   0.01305         0   0.06394         0       256    0.2307    0.9643    0.5822    0.2941   0.04592   0.01925         0
    19/219     2.47G   0.04177   0.01221         0   0.05397         0       256    0.1535    0.9643    0.5855    0.2728   0.05018   0.01667         0
    20/219     2.47G   0.04905   0.01089         0   0.05994         0       256    0.1803    0.9286    0.5605    0.2124   0.05045   0.01935         0
    21/219     2.47G   0.04214   0.01247         0   0.05461         0       256    0.2525    0.9643    0.5742    0.2102   0.04867   0.01731         0
    22/219     2.47G   0.04376   0.01028         0   0.05404         0       256    0.2995    0.9286    0.8628    0.3339   0.04551   0.01744         0
    23/219     2.47G    0.0396   0.01081         0   0.05041         0       256    0.3605    0.9643    0.7649    0.3846    0.0447   0.01751         0
    24/219     2.47G   0.04051    0.0103         0    0.0508         0       256    0.3897    0.9643    0.7378    0.3693   0.04472   0.02031         0
    25/219     2.47G   0.03775   0.00991         0   0.04766         0       256    0.2755    0.9286    0.6131    0.2123   0.04489   0.01889         0
    26/219     2.47G   0.03812  0.008567         0   0.04668         0       256    0.4874    0.8571    0.6878    0.2746   0.04374   0.02219         0
    27/219     2.47G   0.03281  0.008948         0   0.04176         0       256    0.4151    0.9286    0.6173    0.2705   0.03907   0.01822         0
    28/219     2.47G   0.03238  0.008921         0    0.0413         0       256    0.3197    0.9643     0.718    0.3962   0.04212   0.01685         0
    29/219     2.47G   0.03557  0.008587         0   0.04416         0       256    0.3357    0.9643    0.7845    0.4112   0.04051   0.01807         0
    30/219     2.47G   0.03207  0.008446         0   0.04052         0       256    0.5508    0.9643    0.9326    0.6287    0.0353   0.01714         0
    31/219     2.47G    0.0286  0.007877         0   0.03648         0       256    0.3713    0.9643    0.7914    0.4486   0.03802   0.01777         0
    32/219     2.47G   0.03384  0.007929         0   0.04177         0       256    0.4442    0.8929    0.7834    0.4217    0.0403   0.02018         0
    33/219     2.47G   0.03251  0.008047         0   0.04055         0       256    0.5268    0.8571    0.8569    0.4568   0.03934   0.01951         0
    34/219     2.47G    0.0275  0.007544         0   0.03505         0       256    0.4698    0.9643     0.867     0.591   0.03325    0.0173         0
    35/219     2.47G   0.02458  0.006947         0   0.03152         0       256    0.3761    0.9643    0.8177    0.5783   0.03786   0.01758         0
    36/219     2.47G   0.03211  0.007632         0   0.03975         0       256    0.4092     0.866    0.7556    0.4696   0.03701   0.02116         0
    37/219     2.47G   0.02854  0.008234         0   0.03677         0       256    0.4712    0.8592    0.7903    0.4653   0.03722   0.02045         0
    38/219     2.47G   0.02804  0.007229         0   0.03527         0       256    0.6319    0.9643    0.9111    0.5723   0.03274   0.01841         0
    39/219     2.47G   0.02444  0.007202         0   0.03165         0       256    0.5835    0.9643    0.9123    0.5723   0.03621   0.01786         0
    40/219     2.47G   0.02994  0.007083         0   0.03702         0       256    0.5277    0.9643    0.8862    0.5486    0.0334   0.01831         0
    41/219     2.47G   0.02447  0.007928         0    0.0324         0       256    0.6727    0.9643    0.9223    0.5248   0.03179   0.01815         0
    42/219     2.47G   0.02288  0.007215         0   0.03009         0       256    0.6924    0.9643    0.9305    0.6118   0.03208   0.01675         0
    43/219     2.47G   0.02477  0.006465         0   0.03124         0       256     0.608    0.9643    0.9157    0.6145   0.03187   0.01618         0
    44/219     2.47G   0.02634  0.006891         0   0.03324         0       256    0.6876    0.9643    0.9228    0.5785   0.03518   0.01794         0
    45/219     2.47G   0.02617  0.007542         0   0.03372         0       256    0.7039    0.9286    0.8735    0.5597   0.03397   0.02039         0
    46/219     2.47G   0.02043  0.007004         0   0.02744         0       256    0.6672    0.9286    0.9335    0.6384   0.03072   0.01749         0
    47/219     2.47G   0.02055  0.006131         0   0.02668         0       256    0.4765    0.9643    0.9016    0.5823   0.03378   0.01681         0
    48/219     2.47G    0.0291  0.006868         0   0.03596         0       256    0.4709    0.9643     0.834    0.5034   0.03293    0.0177         0
    49/219     2.47G   0.02321  0.006853         0   0.03007         0       256    0.7303    0.9643    0.9356    0.5386   0.03195   0.01769         0
    50/219     2.47G   0.01976  0.006652         0   0.02641         0       256    0.7488    0.9643    0.9298    0.6062    0.0287   0.01694         0
    51/219     2.47G      0.02  0.006073         0   0.02607         0       256    0.5762    0.9643    0.9079    0.5499   0.03184   0.01635         0
    52/219     2.47G   0.02426  0.006376         0   0.03064         0       256    0.5779    0.9643    0.9265    0.6437   0.03111   0.01618         0
    53/219     2.47G   0.02002  0.006021         0   0.02604         0       256    0.5958    0.9643    0.9224    0.5893   0.03462   0.01793         0
    54/219     2.47G   0.02251  0.006652         0   0.02916         0       256    0.7212    0.9643    0.9495    0.6367   0.02719   0.01585         0
    55/219     2.47G   0.01677  0.005812         0   0.02258         0       256    0.5269    0.9643    0.9453    0.6167   0.02782   0.01476         0
    56/219     2.47G   0.02165  0.006245         0   0.02789         0       256    0.6455    0.9643    0.9029    0.6009   0.02899   0.01541         0
    57/219     2.47G   0.02012  0.005913         0   0.02603         0       256    0.8381    0.9643    0.9444    0.6392   0.02794   0.01725         0
    58/219     2.47G   0.01689  0.005445         0   0.02233         0       256    0.7328    0.9643    0.9412    0.6469   0.02804   0.01764         0
    59/219     2.47G   0.01689  0.005147         0   0.02204         0       256    0.7597    0.9643    0.9325    0.5544   0.03136    0.0189         0
    60/219     2.47G   0.02097   0.00563         0    0.0266         0       256    0.6979    0.9286    0.8874    0.5923   0.03066   0.01889         0
    61/219     2.47G   0.02011  0.005471         0   0.02558         0       256    0.7696    0.9286    0.8946    0.6147   0.03067   0.01802         0
    62/219     2.47G   0.02238  0.005912         0   0.02829         0       256     0.869    0.9643    0.9371    0.6395   0.02957   0.01737         0
    63/219     2.47G    0.0166  0.005545         0   0.02214         0       256     0.848    0.9643    0.9457     0.629   0.02774    0.0161         0
    64/219     2.47G   0.01746  0.005396         0   0.02285         0       256    0.7345    0.9643    0.9446    0.6143   0.02806   0.01612         0
    65/219     2.47G   0.01811  0.005438         0   0.02355         0       256    0.6807    0.9643    0.9336     0.613   0.02855   0.01632         0
    66/219     2.47G   0.01673  0.005097         0   0.02183         0       256    0.6955    0.9643    0.9418    0.6547   0.02875   0.01613         0
    67/219     2.47G    0.0201  0.005373         0   0.02547         0       256     0.736    0.9643    0.9396    0.6671   0.02937   0.01646         0
    68/219     2.47G   0.01842  0.005469         0   0.02389         0       256    0.7459    0.9643    0.9496    0.6178   0.02955   0.01818         0
    69/219     2.47G   0.01823  0.005562         0   0.02379         0       256    0.7695    0.9643    0.9511    0.6332   0.02814   0.01886         0
    70/219     2.47G   0.01662  0.005184         0    0.0218         0       256    0.7998    0.9643    0.9474    0.5964   0.02842   0.01923         0
    71/219     2.47G    0.0167  0.005112         0   0.02181         0       256    0.7214    0.9643    0.9307    0.5763   0.02998   0.01902         0
    72/219     2.47G   0.01773  0.005527         0   0.02326         0       256    0.7843    0.9286    0.9271    0.6139   0.02926   0.01911         0
    73/219     2.47G   0.01668  0.005118         0    0.0218         0       256    0.7379    0.9286    0.9187    0.5535   0.03121   0.01919         0
    74/219     2.47G   0.01883  0.005345         0   0.02418         0       256    0.8546    0.9286    0.9329    0.6242    0.0291   0.01931         0
    75/219     2.47G   0.01525  0.005098         0   0.02035         0       256     0.808    0.9018    0.9226    0.6168   0.02856    0.0196         0
    76/219     2.47G   0.01369  0.004792         0   0.01849         0       256     0.834    0.8929    0.9226     0.606    0.0294    0.0199         0
    77/219     2.47G   0.01971  0.005276         0   0.02498         0       256    0.7637    0.8929    0.9143    0.6024   0.02888   0.02101         0
    78/219     2.47G   0.01376  0.004809         0   0.01857         0       256    0.8934    0.8929    0.9119    0.5836   0.02907   0.02073         0
    79/219     2.47G   0.01468   0.00475         0   0.01943         0       256    0.8886    0.8929    0.9064    0.6022   0.02889   0.02052         0
    80/219     2.47G   0.01466  0.004767         0   0.01942         0       256    0.8888    0.8929    0.9057    0.6148   0.02937   0.02074         0
    81/219     2.47G   0.01535  0.004666         0   0.02001         0       256    0.8623    0.8929    0.8942    0.6137   0.02975   0.02086         0
    82/219     2.47G   0.01477  0.004579         0   0.01935         0       256    0.8988    0.8929    0.9036    0.6285    0.0298   0.02017         0
    83/219     2.47G   0.01451  0.004529         0   0.01904         0       256     0.896    0.9232     0.903     0.596   0.03125   0.02006         0
    84/219     2.47G   0.01854  0.005157         0   0.02369         0       256    0.9285    0.9274    0.9044    0.6223   0.03167    0.0205         0
    85/219     2.47G   0.01412  0.004892         0   0.01901         0       256    0.8041    0.9286    0.8999    0.6527   0.03277   0.02078         0
    86/219     2.47G   0.01614  0.004966         0    0.0211         0       256    0.8679    0.9286    0.9139    0.6338   0.03005   0.01956         0
    87/219     2.47G   0.01202  0.004304         0   0.01632         0       256    0.8104    0.9286    0.9232    0.6424   0.02969   0.01862         0
    88/219     2.47G   0.01428  0.004503         0   0.01879         0       256    0.7793    0.9286    0.9273     0.664   0.03077   0.01792         0
    89/219     2.47G   0.01584  0.004874         0   0.02071         0       256    0.7999    0.9286    0.9276    0.6533   0.03168   0.01847         0
    90/219     2.47G     0.014  0.004717         0   0.01872         0       256    0.8596    0.9286    0.9328    0.6841   0.02937   0.01811         0
    91/219     2.47G   0.01273  0.004407         0   0.01714         0       256     0.856    0.9286    0.9263    0.6737   0.02933   0.01838         0
    92/219     2.47G   0.01403  0.004613         0   0.01864         0       256    0.7637    0.9286    0.9202    0.6675   0.02916   0.01892         0
    93/219     2.47G   0.01243   0.00441         0   0.01684         0       256    0.8675    0.9286    0.9213    0.6518   0.02926   0.01871         0
    94/219     2.47G   0.01295  0.004391         0   0.01734         0       256    0.8672    0.9286    0.9145    0.6698   0.02929    0.0184         0
    95/219     2.47G   0.01255  0.004274         0   0.01682         0       256    0.8274    0.9286    0.9121    0.6507   0.02972    0.0185         0
    96/219     2.47G   0.01356  0.004518         0   0.01808         0       256    0.8728    0.9286    0.9117    0.6526   0.03035   0.01883         0
    97/219     2.47G   0.01393  0.004476         0    0.0184         0       256    0.8596    0.9286    0.9072    0.6229   0.03044   0.01933         0
    98/219     2.47G   0.01211  0.004158         0   0.01627         0       256    0.8462    0.9286    0.9036    0.6551   0.03028   0.01922         0
    99/219     2.47G   0.01286  0.004192         0   0.01705         0       256    0.8731    0.9286    0.9043    0.6323   0.03001   0.01908         0
   100/219     2.47G   0.01377   0.00444         0   0.01821         0       256    0.8426    0.9286    0.9075    0.6304   0.03047   0.01928         0
   101/219     2.47G   0.01387  0.004298         0   0.01817         0       256    0.8972    0.9286    0.9097    0.6328   0.03054   0.01987         0
   102/219     2.47G   0.01192  0.004161         0   0.01608         0       256    0.9024    0.9286    0.9152    0.6431   0.02959   0.01933         0
   103/219     2.47G   0.01124  0.004067         0   0.01531         0       256    0.9081    0.9286    0.9091    0.6395   0.03033   0.01907         0
   104/219     2.47G   0.01366  0.004317         0   0.01798         0       256    0.8428    0.9286    0.9165     0.636   0.03104   0.01933         0
   105/219     2.47G    0.0123  0.004163         0   0.01646         0       256    0.8419    0.9286    0.9185    0.6406   0.03088   0.01985         0
   106/219     2.47G   0.01113  0.004001         0   0.01514         0       256    0.7926    0.9286    0.9271    0.6375   0.03039   0.01873         0
   107/219     2.47G   0.01179  0.004107         0    0.0159         0       256    0.7701    0.9286    0.9224    0.6403   0.03018   0.01847         0
   108/219     2.47G   0.01215  0.004244         0    0.0164         0       256     0.817    0.9286    0.9252    0.6542   0.02881    0.0179         0
   109/219     2.47G   0.01119  0.004008         0    0.0152         0       256    0.8677    0.9286    0.9308    0.6501   0.02851   0.01828         0
   110/219     2.47G  0.009087   0.00365         0   0.01274         0       256    0.8701    0.9286    0.9321    0.6569    0.0276   0.01819         0
   111/219     2.47G    0.0114  0.003845         0   0.01524         0       256    0.8953    0.9286    0.9283    0.6571   0.02816   0.01819         0
   112/219     2.47G   0.01335  0.004292         0   0.01764         0       256    0.8972    0.9286    0.9289    0.6569   0.02848   0.01866         0
   113/219     2.47G   0.01103  0.003924         0   0.01495         0       256    0.8417    0.9286     0.921    0.6674   0.02908   0.01979         0
   114/219     2.47G   0.01024  0.003827         0   0.01407         0       256    0.9009    0.9286    0.9272    0.6442   0.02874   0.01902         0
   115/219     2.47G   0.01126  0.003835         0    0.0151         0       256    0.8806    0.9286    0.9236    0.6457   0.02979   0.01916         0
   116/219     2.47G   0.01121  0.003959         0   0.01517         0       256    0.8746    0.9286    0.9246    0.6496   0.02989   0.01878         0
   117/219     2.47G   0.01089  0.003855         0   0.01475         0       256    0.8595    0.9286    0.9238    0.6435   0.02974     0.019         0
   118/219     2.47G   0.01042  0.003715         0   0.01414         0       256    0.8516    0.9286    0.9343    0.6619   0.02846   0.01889         0
   119/219     2.47G   0.01052   0.00388         0    0.0144         0       256    0.8289    0.9286    0.9307     0.661   0.02876   0.01884         0
   120/219     2.47G   0.01329  0.004294         0   0.01758         0       256    0.8741    0.9286    0.9326    0.6564   0.02838   0.01888         0
   121/219     2.47G  0.009741  0.003719         0   0.01346         0       256     0.878    0.9286    0.9345    0.6641   0.02844   0.01904         0
   122/219     2.47G    0.0103  0.003678         0   0.01398         0       256    0.8095    0.9286    0.9309    0.6669    0.0286   0.01839         0
   123/219     2.47G  0.009762  0.003644         0   0.01341         0       256    0.8396    0.9286     0.925    0.6429   0.02884   0.01874         0
   124/219     2.47G   0.00908  0.003579         0   0.01266         0       256    0.8613    0.9286    0.9247    0.6461   0.02875   0.01869         0
   125/219     2.47G   0.01029  0.003655         0   0.01395         0       256    0.8514    0.9286    0.9189    0.6216   0.03017   0.01926         0
   126/219     2.47G  0.009619   0.00366         0   0.01328         0       256    0.8769    0.9286    0.9229    0.6319   0.02997      0.02         0
   127/219     2.47G  0.008935  0.003495         0   0.01243         0       256    0.9032    0.9286    0.9144    0.6514   0.02971   0.02069         0
   128/219     2.47G   0.01107  0.003754         0   0.01482         0       256    0.8485    0.9286    0.9026    0.6348   0.03048   0.02135         0
   129/219     2.47G  0.009181  0.003592         0   0.01277         0       256    0.8757    0.9286    0.9067    0.6546    0.0303   0.02161         0
   130/219     2.47G  0.007772  0.003254         0   0.01103         0       256    0.9317    0.9286    0.9235    0.6375    0.0294   0.02018         0
   131/219     2.47G  0.008125  0.003339         0   0.01146         0       256    0.8999    0.9286    0.9263    0.6176   0.02977   0.01989         0
   132/219     2.47G   0.01062  0.003819         0   0.01444         0       256    0.8424    0.9286    0.9274    0.6299   0.02954   0.01948         0
   133/219     2.47G  0.009512  0.003493         0     0.013         0       256    0.8192    0.9286    0.9198    0.6339   0.02962   0.01964         0
   134/219     2.47G   0.01069  0.003546         0   0.01424         0       256    0.8656    0.9286    0.9298    0.6404   0.02864   0.01889         0
   135/219     2.47G  0.008114  0.003262         0   0.01138         0       256    0.8631    0.9286    0.9322    0.6537   0.02835   0.01858         0
   136/219     2.47G  0.008432  0.003385         0   0.01182         0       256    0.8823    0.9286     0.935    0.6617    0.0276   0.01802         0
   137/219     2.47G  0.009002  0.003321         0   0.01232         0       256    0.8504    0.9286    0.9376    0.6581    0.0277     0.018         0
   138/219     2.47G  0.008353  0.003211         0   0.01156         0       256     0.926    0.9286    0.9386    0.6614   0.02757   0.01784         0
   139/219     2.47G  0.006984  0.003021         0      0.01         0       256    0.8966    0.9286    0.9332    0.6662   0.02773   0.01814         0
   140/219     2.47G  0.007663  0.003154         0   0.01082         0       256    0.9136    0.9286    0.9371    0.6742   0.02725   0.01805         0
   141/219     2.47G  0.008104   0.00311         0   0.01121         0       256    0.8918    0.9286     0.936    0.6665   0.02785   0.01834         0
   142/219     2.47G  0.008357  0.003145         0    0.0115         0       256    0.8547    0.9286    0.9316    0.6535   0.02761   0.01822         0
   143/219     2.47G  0.008252  0.003242         0   0.01149         0       256    0.9304    0.9286    0.9237    0.6519   0.02821   0.01899         0
   144/219     2.47G  0.008559  0.003309         0   0.01187         0       256    0.8988    0.9286    0.9268     0.672   0.02786    0.0192         0
   145/219     2.47G   0.00736  0.003027         0   0.01039         0       256    0.8969    0.9286     0.933    0.6717   0.02763   0.01908         0
   146/219     2.47G  0.007823  0.003008         0   0.01083         0       256    0.9159    0.9286    0.9348     0.669   0.02764   0.01849         0
   147/219     2.47G  0.008099  0.003053         0   0.01115         0       256    0.8977    0.9286    0.9245    0.6534   0.02822   0.01905         0
   148/219     2.47G  0.008769  0.003353         0   0.01212         0       256    0.8879    0.9286    0.9326    0.6615   0.02842   0.01909         0
   149/219     2.47G  0.009241  0.003347         0   0.01259         0       256    0.9288    0.9286    0.9352    0.6614   0.02865    0.0197         0
   150/219     2.47G  0.007561  0.003012         0   0.01057         0       256     0.884    0.9286    0.9343    0.6645   0.02826   0.01957         0
   151/219     2.47G  0.007117  0.002921         0   0.01004         0       256     0.862    0.9286     0.931    0.6619   0.02852   0.01991         0
   152/219     2.47G  0.007087   0.00295         0   0.01004         0       256    0.8584    0.9286    0.9329    0.6528   0.02905   0.01962         0
   153/219     2.47G   0.00898  0.003235         0   0.01222         0       256    0.8685    0.9286    0.9341    0.6553   0.02866   0.01965         0
   154/219     2.47G  0.006371  0.002791         0  0.009161         0       256    0.8229    0.9286    0.9318    0.6643   0.02822   0.01885         0
   155/219     2.47G  0.007096  0.002913         0   0.01001         0       256    0.8503    0.9286    0.9312    0.6655   0.02859   0.01901         0
   156/219     2.47G  0.007303  0.002995         0    0.0103         0       256    0.8515    0.9286    0.9358    0.6653   0.02846   0.01874         0
   157/219     2.47G  0.008191  0.003035         0   0.01123         0       256     0.861    0.9286    0.9358    0.6574    0.0283   0.01893         0
   158/219     2.47G  0.006406  0.002746         0  0.009153         0       256    0.8448    0.9286    0.9379    0.6627   0.02811   0.01878         0
   159/219     2.47G  0.006774   0.00275         0  0.009524         0       256    0.8994    0.9286    0.9324    0.6649    0.0282    0.0194         0
   160/219     2.47G  0.007514  0.002992         0   0.01051         0       256      0.93    0.9286     0.935    0.6837   0.02799   0.01942         0
   161/219     2.47G  0.005914  0.002694         0  0.008608         0       256    0.9101    0.9286     0.935    0.6475    0.0283   0.01963         0
   162/219     2.47G  0.005548  0.002554         0  0.008102         0       256    0.9083    0.9286    0.9392    0.6574   0.02814   0.01908         0
   163/219     2.47G  0.005912  0.002523         0  0.008436         0       256    0.8914    0.9286    0.9344    0.6537   0.02811    0.0192         0
   164/219     2.47G  0.007108  0.002946         0   0.01005         0       256    0.8819    0.9286     0.935    0.6645   0.02775   0.01904         0
   165/219     2.47G  0.006397  0.002633         0   0.00903         0       256    0.8766    0.9286    0.9361    0.6651   0.02767    0.0191         0
   166/219     2.47G  0.005824  0.002445         0  0.008268         0       256    0.8898    0.9286    0.9354    0.6638   0.02769   0.01898         0
   167/219     2.47G  0.005768  0.002472         0   0.00824         0       256    0.8998    0.9286    0.9279    0.6573   0.02814    0.0194         0
   168/219     2.47G  0.006321  0.002763         0  0.009083         0       256    0.8728    0.9286    0.9309    0.6695   0.02831   0.01943         0
   169/219     2.47G  0.005862  0.002558         0   0.00842         0       256      0.93    0.9286    0.9307    0.6589   0.02809   0.01966         0
   170/219     2.47G  0.005739  0.002441         0  0.008181         0       256    0.9298    0.9286    0.9328    0.6627   0.02793   0.01931         0
   171/219     2.47G  0.005413  0.002395         0  0.007808         0       256    0.9295    0.9286    0.9298    0.6631   0.02797    0.0196         0
   172/219     2.47G  0.005968  0.002557         0  0.008525         0       256    0.9296    0.9286    0.9328    0.6561    0.0283   0.01948         0
   173/219     2.47G  0.006308  0.002547         0  0.008855         0       256    0.9296    0.9286    0.9352    0.6553    0.0282   0.01965         0
   174/219     2.47G  0.005692   0.00239         0  0.008082         0       256    0.8678    0.9286    0.9377    0.6576   0.02815   0.01919         0
   175/219     2.47G  0.005207  0.002299         0  0.007506         0       256    0.8977    0.9286    0.9286    0.6532   0.02846   0.01955         0
   176/219     2.47G  0.005946  0.002593         0  0.008539         0       256    0.9015    0.9286    0.9324    0.6517   0.02826   0.01955         0
   177/219     2.47G  0.005958  0.002446         0  0.008405         0       256    0.8725    0.9286    0.9331    0.6568   0.02817   0.01956         0
   178/219     2.47G  0.004496   0.00221         0  0.006706         0       256    0.8707    0.9286    0.9361    0.6571   0.02793   0.01909         0
   179/219     2.47G  0.005771  0.002424         0  0.008194         0       256    0.8697    0.9286    0.9315    0.6624   0.02807   0.01935         0
   180/219     2.47G  0.005371  0.002472         0  0.007844         0       256    0.8417    0.9286    0.9353    0.6585   0.02803   0.01923         0
   181/219     2.47G  0.006254  0.002491         0  0.008745         0       256    0.8754    0.9286    0.9403      0.66   0.02792    0.0194         0
   182/219     2.47G  0.005319   0.00241         0  0.007729         0       256    0.9051    0.9286    0.9415     0.662   0.02783   0.01926         0
   183/219     2.47G  0.005513  0.002384         0  0.007897         0       256    0.8726    0.9286    0.9333    0.6553   0.02804   0.01957         0
   184/219     2.47G  0.005035  0.002445         0  0.007481         0       256    0.9058    0.9286    0.9362    0.6687   0.02801   0.01954         0
   185/219     2.47G  0.004841  0.002297         0  0.007139         0       256    0.9025    0.9286    0.9369    0.6689   0.02808   0.01964         0
   186/219     2.47G  0.005082   0.00225         0  0.007332         0       256    0.8973    0.9286    0.9365    0.6682   0.02795   0.01948         0
   187/219     2.47G  0.004997  0.002266         0  0.007263         0       256    0.8904    0.9286    0.9303    0.6685   0.02817   0.01991         0
   188/219     2.47G  0.005536  0.002435         0  0.007971         0       256    0.8903    0.9286    0.9315    0.6666   0.02809   0.02001         0
   189/219     2.47G   0.00496  0.002266         0  0.007227         0       256    0.8968    0.9286    0.9326    0.6655   0.02806   0.02006         0
   190/219     2.47G  0.005766  0.002331         0  0.008098         0       256    0.8687    0.9286    0.9332     0.673   0.02811   0.01976         0
   191/219     2.47G  0.004138  0.002094         0  0.006232         0       256    0.8687    0.9286    0.9298    0.6531   0.02849   0.02012         0
   192/219     2.47G  0.005599  0.002488         0  0.008086         0       256    0.8689    0.9286    0.9304    0.6672   0.02842   0.01998         0
   193/219     2.47G  0.004742  0.002195         0  0.006936         0       256    0.8692    0.9286     0.933    0.6597   0.02841   0.01987         0
   194/219     2.47G  0.004352  0.002052         0  0.006404         0       256    0.8999    0.9286    0.9365    0.6663   0.02802   0.01938         0
   195/219     2.47G  0.004162  0.002056         0  0.006218         0       256    0.8696    0.9286    0.9303    0.6577   0.02842   0.01963         0
   196/219     2.47G  0.004987  0.002302         0  0.007289         0       256    0.9004    0.9286    0.9332    0.6604   0.02813   0.01931         0
   197/219     2.47G  0.005964   0.00236         0  0.008323         0       256    0.8707    0.9286    0.9324    0.6592   0.02813   0.01951         0
   198/219     2.47G  0.004796   0.00218         0  0.006976         0       256    0.8715    0.9286     0.935    0.6678   0.02827    0.0194         0
   199/219     2.47G  0.004205  0.002074         0  0.006279         0       256    0.8732    0.9286     0.929    0.6582   0.02856   0.01995         0
   200/219     2.47G   0.00446  0.002194         0  0.006653         0       256     0.892    0.9286    0.9303    0.6588   0.02853   0.02012         0
   201/219     2.47G  0.004629  0.002158         0  0.006787         0       256    0.8678    0.9286    0.9303     0.654   0.02858   0.02037         0
   202/219     2.47G  0.004091  0.001948         0  0.006039         0       256     0.868    0.9286     0.932    0.6585   0.02827   0.02009         0
   203/219     2.47G  0.005418  0.002246         0  0.007664         0       256    0.8691    0.9286    0.9282    0.6466   0.02868   0.02057         0
   204/219     2.47G  0.004859  0.002231         0   0.00709         0       256    0.8976    0.9286     0.931    0.6562   0.02854   0.02037         0
   205/219     2.47G  0.004803  0.002118         0  0.006922         0       256    0.8915    0.9286    0.9323    0.6655   0.02838   0.02021         0
   206/219     2.47G  0.004724  0.002069         0  0.006794         0       256    0.8708    0.9286    0.9346    0.6601   0.02824   0.01978         0
   207/219     2.47G  0.003664  0.001892         0  0.005556         0       256    0.8695    0.9286    0.9303    0.6607    0.0284   0.02005         0
   208/219     2.47G  0.004134  0.002043         0  0.006177         0       256    0.8704    0.9286    0.9333    0.6635    0.0284   0.02002         0
   209/219     2.47G  0.004414  0.002054         0  0.006468         0       256    0.8699    0.9286    0.9357    0.6708   0.02827   0.02004         0
   210/219     2.47G   0.00421  0.001944         0  0.006154         0       256    0.8421    0.9286    0.9358    0.6581   0.02814   0.01985         0
   211/219     2.47G  0.004391  0.001981         0  0.006372         0       256    0.8715    0.9286    0.9307    0.6592   0.02835   0.02034         0
   212/219     2.47G  0.004461  0.002137         0  0.006598         0       256    0.8754    0.9286    0.9333    0.6617    0.0283    0.0203         0
   213/219     2.47G   0.00458  0.002073         0  0.006653         0       256    0.8795    0.9286     0.935    0.6543   0.02823   0.02029         0
   214/219     2.47G  0.004309  0.001976         0  0.006285         0       256    0.8762    0.9286    0.9376    0.6592   0.02809   0.01993         0
   215/219     2.47G  0.003789  0.001858         0  0.005648         0       256    0.8725    0.9286    0.9307    0.6554   0.02837   0.02017         0
   216/219     2.47G  0.004801  0.002187         0  0.006988         0       256    0.8766    0.9286    0.9329    0.6573   0.02808   0.01994         0
   217/219     2.47G  0.004214  0.002023         0  0.006237         0       256    0.9013    0.9286    0.9376    0.6678   0.02811   0.01983         0
   218/219     2.47G  0.003916   0.00192         0  0.005836         0       256    0.8693    0.9286    0.9384    0.6661   0.02813   0.01952         0
   219/219     2.47G  0.004461  0.002024         0  0.006485         0       256    0.8687    0.9286    0.9301    0.6586   0.02864   0.01993         0
