     0/219     2.47G   0.08471   0.03457         0    0.1193         0       256         0         0 0.0001188 2.004e-05   0.09307   0.03772         0
     1/219     2.47G   0.07413   0.03526         0    0.1094         0       256         0         0   0.00459 0.0006465   0.08641    0.0378         0
     2/219     2.47G   0.06752   0.03499         0    0.1025         0       256         0         0  0.005881 0.0008074   0.08079   0.03869         0
     3/219     2.47G   0.05905   0.03583         0   0.09488         0       256         0         0   0.06011   0.01227   0.06665   0.03881         0
     4/219     2.47G   0.05333   0.03218         0   0.08551         0       256    0.1874    0.3929    0.1582   0.02593   0.06657    0.0306         0
     5/219     2.47G   0.05225   0.02601         0   0.07825         0       256    0.3185    0.8571    0.6224     0.301   0.05153    0.0288         0
     6/219     2.47G   0.04876   0.02167         0   0.07043         0       256    0.1979    0.8571    0.2538   0.07451   0.05533   0.02506         0
     7/219     2.47G    0.0552   0.01737         0   0.07257         0       256    0.1903      0.75    0.3816     0.128   0.06547   0.02313         0
     8/219     2.47G   0.05485   0.01589         0   0.07074         0       256    0.1867      0.75    0.3104     0.119   0.06653   0.02213         0
     9/219     2.47G   0.05773   0.01536         0   0.07309         0       256    0.1447    0.9643    0.3186    0.1059   0.05895   0.01925         0
    10/219     2.47G   0.05516   0.01411         0   0.06926         0       256    0.1523    0.8918    0.2838   0.09374   0.07279   0.01863         0
    11/219     2.47G   0.06058   0.01426         0   0.07484         0       256    0.2617    0.8214    0.5092     0.134    0.0613    0.0217         0
    12/219     2.47G   0.05692   0.01413         0   0.07105         0       256    0.2106    0.9286    0.5128    0.1663   0.06087   0.02019         0
    13/219     2.47G   0.05778    0.0134         0   0.07117         0       256    0.1298    0.9643    0.5489    0.2342    0.0578   0.01757         0
    14/219     2.47G   0.05578   0.01305         0   0.06882         0       256    0.1598    0.9286    0.7083    0.2466   0.05634   0.01857         0
    15/219     2.47G   0.05073   0.01238         0   0.06311         0       256    0.1679    0.8214    0.4132    0.1604   0.05791   0.02132         0
    16/219     2.47G   0.05541    0.0138         0   0.06921         0       256     0.182    0.9286    0.5897    0.2419   0.05443   0.01937         0
    17/219     2.47G   0.05154   0.01255         0   0.06409         0       256     0.142    0.9286     0.544    0.1552   0.05402   0.01826         0
    18/219     2.47G   0.04341   0.01239         0    0.0558         0       256    0.1344    0.9643    0.6453    0.3486   0.05374   0.01593         0
    19/219     2.47G   0.04452     0.011         0   0.05553         0       256    0.3134    0.9286    0.7157    0.2719   0.04943   0.01798         0
    20/219     2.47G   0.04499   0.01078         0   0.05577         0       256    0.1755    0.9643    0.8745    0.4284   0.04845   0.01628         0
    21/219     2.47G   0.04915   0.01029         0   0.05943         0       256    0.2801    0.9643    0.8574    0.4529   0.04336   0.01667         0
    22/219     2.47G    0.0392   0.01136         0   0.05056         0       256    0.3466    0.9643    0.8277    0.4461   0.03842   0.01763         0
    23/219     2.47G   0.03509  0.009673         0   0.04477         0       256    0.2334    0.9643     0.768    0.3133   0.04184   0.01581         0
    24/219     2.47G   0.04222  0.009499         0   0.05171         0       256    0.2573    0.9643    0.5091    0.2216   0.04462   0.01679         0
    25/219     2.47G   0.03999   0.01037         0   0.05037         0       256    0.3559    0.9643    0.8531    0.4311   0.03827   0.01625         0
    26/219     2.47G   0.03237   0.01027         0   0.04264         0       256    0.2843    0.9643    0.9404    0.5722   0.03728   0.01598         0
    27/219     2.47G   0.03252  0.009066         0   0.04158         0       256    0.3062    0.9643    0.9136    0.4215    0.0383   0.01676         0
    28/219     2.47G   0.03404   0.00881         0   0.04285         0       256    0.3591    0.9643    0.9068    0.4561   0.03579   0.01601         0
    29/219     2.47G   0.03465  0.008946         0    0.0436         0       256     0.387    0.8929    0.8156    0.3838   0.03862    0.0188         0
    30/219     2.47G   0.02968  0.008627         0   0.03831         0       256    0.3554    0.9643    0.9126    0.5481   0.03598   0.01538         0
    31/219     2.47G   0.03099  0.008147         0   0.03914         0       256    0.4438    0.9643    0.9436    0.4778     0.035   0.01569         0
    32/219     2.47G   0.03031  0.008356         0   0.03867         0       256    0.5183    0.9643    0.9637    0.6527   0.03196   0.01574         0
    33/219     2.47G    0.0275  0.008076         0   0.03558         0       256    0.4204    0.9643    0.8496    0.3998   0.03468   0.01573         0
    34/219     2.47G   0.02912  0.007543         0   0.03666         0       256    0.4146    0.9643    0.8914    0.4249   0.03844   0.01648         0
    35/219     2.47G   0.02938  0.007907         0   0.03728         0       256    0.5161    0.9643    0.8908    0.5563   0.03387   0.01663         0
    36/219     2.47G    0.0244  0.007518         0   0.03192         0       256    0.5445    0.9643    0.9434    0.5598   0.03319   0.01562         0
    37/219     2.47G   0.02529  0.006842         0   0.03213         0       256    0.3889    0.9643     0.799    0.3607   0.04157   0.01589         0
    38/219     2.47G   0.02932   0.00751         0   0.03683         0       256    0.7537    0.9643    0.9487    0.5878   0.03099   0.01714         0
    39/219     2.47G   0.02302    0.0068         0   0.02983         0       256    0.6102    0.9643    0.9476    0.5283   0.03771   0.01677         0
    40/219     2.47G   0.03162  0.007072         0    0.0387         0       256    0.5239    0.9643    0.9172    0.6114   0.03369   0.01621         0
    41/219     2.47G   0.02678  0.006716         0   0.03349         0       256    0.5315    0.9643    0.9511    0.6524   0.03214   0.01589         0
    42/219     2.47G   0.02105  0.006666         0   0.02771         0       256    0.6771    0.9643    0.9599    0.6479   0.03092   0.01561         0
    43/219     2.47G   0.02476  0.006705         0   0.03146         0       256    0.6054    0.9643    0.9625    0.5763    0.0316   0.01636         0
    44/219     2.47G   0.02641  0.006886         0   0.03329         0       256    0.5557    0.9643     0.958    0.6136   0.03032   0.01698         0
    45/219     2.47G   0.02196   0.00657         0   0.02853         0       256    0.5076    0.9643    0.9567    0.5923   0.03187   0.01679         0
    46/219     2.47G    0.0225  0.006394         0    0.0289         0       256    0.5765    0.9643    0.9575    0.6843    0.0298   0.01609         0
    47/219     2.47G    0.0218  0.006227         0   0.02803         0       256    0.4572    0.9643    0.9196    0.5874   0.03205   0.01609         0
    48/219     2.47G   0.02315  0.006789         0   0.02994         0       256    0.4357    0.9643    0.8916    0.4498   0.03138   0.01621         0
    49/219     2.47G   0.02386  0.006814         0   0.03067         0       256    0.5054    0.9643    0.9389    0.5996   0.03231   0.01665         0
    50/219     2.47G   0.02083  0.006396         0   0.02722         0       256     0.524    0.9643    0.9373    0.6265   0.03012   0.01539         0
    51/219     2.47G   0.01996  0.005797         0   0.02576         0       256    0.5896    0.9643    0.9495    0.6708   0.03005   0.01545         0
    52/219     2.47G   0.02136  0.005858         0   0.02721         0       256    0.5421    0.9643    0.9416    0.5965   0.03135   0.01653         0
    53/219     2.47G   0.02015   0.00599         0   0.02614         0       256    0.5985    0.9286    0.9367    0.5299   0.03142   0.01734         0
    54/219     2.47G   0.01854  0.005775         0   0.02431         0       256    0.7117    0.9286    0.9344    0.6515   0.02963   0.01693         0
    55/219     2.47G   0.02164  0.005817         0   0.02746         0       256     0.665    0.9286    0.9273    0.5911   0.03345   0.01748         0
    56/219     2.47G   0.02411  0.006337         0   0.03044         0       256    0.7065    0.9286    0.9314     0.627   0.03084    0.0184         0
    57/219     2.47G   0.01894  0.005897         0   0.02484         0       256    0.6763    0.9286    0.9373    0.6085   0.03067   0.01761         0
    58/219     2.47G    0.0189  0.005476         0   0.02438         0       256    0.7128    0.9286    0.9499    0.6155   0.03097   0.01655         0
    59/219     2.47G   0.02063  0.005804         0   0.02643         0       256     0.631    0.9643    0.9492    0.6448   0.03014   0.01641         0
    60/219     2.47G   0.01872  0.005723         0   0.02444         0       256    0.6557    0.9643    0.9461    0.6393   0.03041   0.01716         0
    61/219     2.47G   0.01901  0.005663         0   0.02467         0       256    0.6475    0.9643    0.9546    0.6213    0.0314   0.01741         0
    62/219     2.47G   0.01874  0.005534         0   0.02427         0       256    0.6677    0.9643    0.9567    0.6851   0.02938   0.01733         0
    63/219     2.47G   0.01569  0.005161         0   0.02085         0       256    0.7133    0.9643    0.9577    0.6014   0.03057   0.01726         0
    64/219     2.47G   0.01977   0.00558         0   0.02535         0       256    0.5986    0.9643    0.9436    0.6616   0.03015   0.01759         0
    65/219     2.47G   0.01777  0.005093         0   0.02286         0       256    0.6205    0.9643    0.9519    0.6165   0.03144   0.01751         0
    66/219     2.47G   0.01764  0.005378         0   0.02302         0       256    0.6504    0.9643    0.9556    0.6747   0.02848   0.01642         0
    67/219     2.47G   0.01514  0.004939         0   0.02008         0       256    0.6893    0.9643    0.9589    0.6603   0.02837    0.0161         0
    68/219     2.47G   0.01766  0.005083         0   0.02274         0       256    0.6753    0.9643    0.9602    0.6783    0.0282   0.01576         0
    69/219     2.47G   0.01681  0.005049         0   0.02186         0       256    0.7616    0.9643     0.956    0.6341   0.02943   0.01651         0
    70/219     2.47G   0.01364  0.004886         0   0.01853         0       256    0.7378    0.9643    0.9567    0.6315   0.02911   0.01644         0
    71/219     2.47G   0.01547  0.004853         0   0.02033         0       256     0.694    0.9643    0.9506    0.6275   0.02912   0.01633         0
    72/219     2.47G   0.01978  0.005305         0   0.02509         0       256     0.712    0.9643    0.9507    0.6464   0.03038   0.01691         0
    73/219     2.47G   0.01897  0.005902         0   0.02487         0       256    0.6819    0.9643    0.9548    0.6478   0.02945    0.0175         0
    74/219     2.47G    0.0148   0.00497         0   0.01977         0       256    0.6957    0.9643    0.9575    0.6267   0.02687   0.01601         0
    75/219     2.47G   0.01507  0.004796         0   0.01986         0       256    0.6598    0.9643     0.958     0.668   0.02775    0.0157         0
    76/219     2.47G   0.01489  0.004796         0   0.01969         0       256    0.6468    0.9643    0.9553    0.6661   0.02777   0.01613         0
    77/219     2.47G   0.01362  0.004646         0   0.01827         0       256    0.6385    0.9643    0.9586    0.6833   0.02766   0.01633         0
    78/219     2.47G   0.01323  0.004483         0   0.01771         0       256    0.6463    0.9643    0.9505    0.6744   0.02603   0.01597         0
    79/219     2.47G   0.01329  0.004422         0   0.01771         0       256    0.6188    0.9643    0.9532    0.6476   0.02742   0.01626         0
    80/219     2.47G   0.01452  0.004651         0   0.01917         0       256     0.627    0.9643    0.9498     0.646   0.02773   0.01614         0
    81/219     2.47G   0.01653  0.005087         0   0.02162         0       256    0.6802    0.9643    0.9566    0.6533   0.02683   0.01637         0
    82/219     2.47G   0.01326  0.004462         0   0.01772         0       256    0.6253    0.9643    0.9556    0.6793   0.02673   0.01597         0
    83/219     2.47G   0.01375  0.004488         0   0.01824         0       256    0.7171    0.9643    0.9566    0.6459   0.02874   0.01636         0
    84/219     2.47G    0.0163  0.004922         0   0.02122         0       256    0.7457    0.9643    0.9519    0.6513   0.02807    0.0168         0
    85/219     2.47G   0.01467  0.004631         0   0.01931         0       256    0.6949    0.9286    0.9418    0.6448   0.02874   0.01734         0
    86/219     2.47G   0.01348  0.004512         0   0.01799         0       256    0.7881    0.9286    0.9465    0.6825   0.02808   0.01712         0
    87/219     2.47G    0.0123  0.004325         0   0.01662         0       256     0.789    0.9286    0.9385    0.6509   0.02861   0.01722         0
    88/219     2.47G   0.01356  0.004568         0   0.01812         0       256     0.782    0.9286    0.9376     0.632   0.03004   0.01739         0
    89/219     2.47G   0.01694  0.004839         0   0.02178         0       256    0.8259    0.9286    0.9393    0.6469   0.03026   0.01783         0
    90/219     2.47G   0.01324   0.00452         0   0.01776         0       256    0.8011    0.9286    0.9393    0.6772   0.02882   0.01802         0
    91/219     2.47G   0.01045  0.004178         0   0.01463         0       256     0.803    0.9286    0.9396    0.6915   0.02848   0.01797         0
    92/219     2.47G   0.01246  0.004231         0   0.01669         0       256    0.7431    0.9286    0.9376    0.6878   0.02832   0.01773         0
    93/219     2.47G   0.01312  0.004137         0   0.01726         0       256    0.7638    0.9286    0.9339     0.637   0.02949   0.01883         0
    94/219     2.47G   0.01294  0.004207         0   0.01715         0       256    0.7954    0.9286    0.9337    0.6551   0.02808   0.01862         0
    95/219     2.47G    0.0115  0.003991         0   0.01549         0       256    0.8139    0.9286    0.9312     0.649   0.02854   0.01871         0
    96/219     2.47G    0.0139  0.004328         0   0.01823         0       256    0.7371    0.9286    0.9311    0.6089   0.02923   0.01846         0
    97/219     2.47G   0.01399  0.004312         0   0.01831         0       256    0.7898    0.9286    0.9371    0.6453   0.02849    0.0179         0
    98/219     2.47G   0.01273  0.004443         0   0.01717         0       256    0.7727    0.9286    0.9435    0.6671   0.02797   0.01789         0
    99/219     2.47G   0.01169  0.004143         0   0.01584         0       256    0.7275    0.9286    0.9408    0.6638   0.02808   0.01767         0
   100/219     2.47G    0.0135  0.004447         0   0.01795         0       256    0.6968    0.9286    0.9429    0.6672   0.02736    0.0174         0
   101/219     2.47G   0.01208  0.004171         0   0.01625         0       256    0.7171    0.9286    0.9449    0.6723   0.02658   0.01756         0
   102/219     2.47G   0.01096  0.004099         0   0.01506         0       256    0.6894    0.9286    0.9449    0.6594   0.02729   0.01722         0
   103/219     2.47G   0.01129  0.004111         0    0.0154         0       256    0.7136    0.9286    0.9427    0.6717   0.02667    0.0171         0
   104/219     2.47G    0.0125  0.004204         0    0.0167         0       256    0.6867    0.9286     0.947     0.661   0.02671   0.01715         0
   105/219     2.47G   0.01217  0.004138         0   0.01631         0       256    0.6915    0.9286    0.9482     0.668   0.02703   0.01723         0
   106/219     2.47G   0.01018  0.003842         0   0.01402         0       256      0.71    0.9286    0.9473    0.6668   0.02657   0.01711         0
   107/219     2.47G   0.01075  0.003737         0   0.01449         0       256    0.6857    0.9286    0.9398    0.6775   0.02712   0.01698         0
   108/219     2.47G   0.01283   0.00419         0   0.01702         0       256    0.7603    0.9286    0.9431    0.6528    0.0274   0.01746         0
   109/219     2.47G   0.01238  0.004211         0   0.01659         0       256    0.7504    0.9286    0.9398    0.6768    0.0274   0.01793         0
   110/219     2.47G  0.009538  0.003712         0   0.01325         0       256    0.7414    0.9286    0.9388    0.6599   0.02716    0.0177         0
   111/219     2.47G   0.01115  0.003875         0   0.01502         0       256    0.6983    0.9286    0.9369      0.66   0.02717    0.0175         0
   112/219     2.47G   0.01159  0.003959         0   0.01555         0       256    0.6859    0.9286    0.9372    0.6572   0.02749   0.01753         0
   113/219     2.47G   0.01093   0.00379         0   0.01472         0       256    0.7083    0.9286    0.9405    0.6446   0.02664   0.01758         0
   114/219     2.47G  0.009427  0.003668         0   0.01309         0       256    0.7076    0.9286    0.9423    0.6819   0.02646   0.01724         0
   115/219     2.47G   0.01007  0.003715         0   0.01379         0       256    0.7397    0.9286    0.9373    0.6772   0.02719   0.01738         0
   116/219     2.47G    0.0106  0.003938         0   0.01453         0       256    0.7485    0.9286    0.9358    0.6722   0.02709   0.01743         0
   117/219     2.47G   0.01016  0.003729         0   0.01389         0       256    0.7684    0.9286    0.9348    0.6771   0.02702   0.01769         0
   118/219     2.47G   0.00962  0.003511         0   0.01313         0       256    0.7614    0.9286     0.934    0.6797   0.02705   0.01755         0
   119/219     2.47G  0.009134  0.003378         0   0.01251         0       256     0.776    0.9286    0.9337    0.6566   0.02759   0.01761         0
   120/219     2.47G   0.01088   0.00385         0   0.01473         0       256    0.7752    0.9286    0.9331     0.671   0.02688   0.01769         0
   121/219     2.47G   0.01082  0.003697         0   0.01451         0       256    0.7538    0.9286    0.9316    0.6653   0.02746   0.01801         0
   122/219     2.47G   0.01038  0.003708         0   0.01409         0       256    0.7662    0.9286    0.9347    0.6548    0.0269   0.01815         0
   123/219     2.47G  0.009316  0.003537         0   0.01285         0       256    0.7528    0.9286    0.9331    0.6611    0.0269   0.01813         0
   124/219     2.47G  0.009259   0.00354         0    0.0128         0       256    0.7611    0.9286    0.9373    0.6831   0.02634   0.01782         0
   125/219     2.47G  0.008977  0.003417         0   0.01239         0       256    0.7653    0.9286    0.9387    0.6869   0.02656   0.01738         0
   126/219     2.47G  0.008824  0.003412         0   0.01224         0       256    0.7587    0.9286    0.9406    0.6657   0.02613   0.01718         0
   127/219     2.47G  0.008339  0.003236         0   0.01157         0       256    0.7372    0.9286    0.9388    0.6598   0.02671   0.01731         0
   128/219     2.47G  0.009795  0.003618         0   0.01341         0       256    0.7594    0.9286    0.9388    0.6707   0.02673   0.01726         0
   129/219     2.47G  0.009192  0.003396         0   0.01259         0       256    0.7514    0.9286    0.9413    0.6734   0.02737   0.01722         0
   130/219     2.47G  0.009375  0.003417         0   0.01279         0       256    0.7454    0.9286    0.9431    0.6823   0.02683   0.01724         0
   131/219     2.47G  0.009099  0.003407         0   0.01251         0       256    0.7725    0.9286    0.9398     0.687    0.0276   0.01775         0
   132/219     2.47G  0.009013   0.00356         0   0.01257         0       256    0.7717    0.9286    0.9402    0.6635   0.02745   0.01792         0
   133/219     2.47G  0.009277  0.003451         0   0.01273         0       256    0.7929    0.9286    0.9385    0.6861   0.02792   0.01794         0
   134/219     2.47G  0.008189  0.003278         0   0.01147         0       256    0.7887    0.9286    0.9402    0.6905   0.02715   0.01772         0
   135/219     2.47G  0.009013  0.003333         0   0.01235         0       256    0.7889    0.9286    0.9403    0.6812   0.02774   0.01777         0
   136/219     2.47G   0.01039  0.003687         0   0.01408         0       256    0.7232    0.9286    0.9336    0.6725   0.02735   0.01757         0
   137/219     2.47G  0.008809  0.003212         0   0.01202         0       256    0.7242    0.9286     0.939    0.7026   0.02744   0.01767         0
   138/219     2.47G  0.008732  0.003192         0   0.01192         0       256    0.7678    0.9286    0.9399    0.6783   0.02687   0.01751         0
   139/219     2.47G   0.00945  0.003499         0   0.01295         0       256    0.7641    0.9286    0.9369    0.6681   0.02679    0.0176         0
   140/219     2.47G   0.00865  0.003455         0    0.0121         0       256     0.758    0.9286    0.9363      0.67   0.02681   0.01764         0
   141/219     2.47G  0.008024  0.003215         0   0.01124         0       256    0.7145    0.9286     0.935    0.6787   0.02685   0.01798         0
   142/219     2.47G   0.00771  0.003016         0   0.01073         0       256    0.7471    0.9286    0.9383    0.6958   0.02653   0.01778         0
   143/219     2.47G  0.006521  0.002874         0  0.009395         0       256    0.7702    0.9286    0.9363    0.6765   0.02661   0.01778         0
   144/219     2.47G  0.007698  0.003156         0   0.01085         0       256    0.7648    0.9286    0.9367     0.696   0.02684    0.0179         0
   145/219     2.47G  0.008126  0.002999         0   0.01113         0       256     0.771    0.9286    0.9375    0.6948   0.02703   0.01785         0
   146/219     2.47G  0.007365  0.002932         0    0.0103         0       256    0.7703    0.9286     0.936    0.6944   0.02671   0.01779         0
   147/219     2.47G   0.00757  0.002925         0    0.0105         0       256    0.7743    0.9286     0.934    0.6836   0.02708    0.0181         0
   148/219     2.47G  0.008191  0.003143         0   0.01133         0       256     0.777    0.9286    0.9358    0.6867   0.02716   0.01811         0
   149/219     2.47G  0.008157  0.003125         0   0.01128         0       256    0.7674    0.9286    0.9344    0.6463   0.02761   0.01841         0
   150/219     2.47G  0.006978  0.002885         0  0.009863         0       256     0.768    0.9286    0.9354     0.689   0.02691   0.01808         0
   151/219     2.47G   0.00737  0.002934         0    0.0103         0       256    0.7669    0.9286    0.9336    0.6912   0.02782   0.01801         0
   152/219     2.47G  0.008228  0.003139         0   0.01137         0       256    0.7594    0.9286    0.9361    0.6746   0.02748   0.01788         0
   153/219     2.47G   0.00828  0.003142         0   0.01142         0       256    0.7522    0.9286    0.9347    0.6974    0.0269   0.01781         0
   154/219     2.47G  0.007133  0.002898         0   0.01003         0       256    0.7188    0.9286    0.9358    0.6881   0.02642   0.01755         0
   155/219     2.47G   0.00626   0.00278         0   0.00904         0       256    0.7566    0.9286    0.9339    0.6921     0.027   0.01784         0
   156/219     2.47G   0.00839  0.003099         0   0.01149         0       256    0.7377    0.9286    0.9347    0.6809   0.02705   0.01792         0
   157/219     2.47G  0.007483  0.003004         0   0.01049         0       256     0.738    0.9286    0.9352     0.691   0.02658     0.018         0
   158/219     2.47G  0.006388  0.002721         0  0.009109         0       256     0.735    0.9286    0.9365    0.6975   0.02643   0.01785         0
   159/219     2.47G  0.006663  0.002845         0  0.009508         0       256    0.7343    0.9286    0.9361    0.6809   0.02662   0.01784         0
   160/219     2.47G  0.007463    0.0031         0   0.01056         0       256    0.7324    0.9286    0.9373     0.688   0.02643   0.01772         0
   161/219     2.47G   0.00683   0.00281         0   0.00964         0       256    0.7209    0.9286     0.938    0.6779   0.02633   0.01774         0
   162/219     2.47G    0.0057  0.002605         0  0.008305         0       256    0.7172    0.9286    0.9379    0.6858   0.02656   0.01766         0
   163/219     2.47G  0.006268  0.002644         0  0.008911         0       256    0.7334    0.9286    0.9361    0.6804   0.02658   0.01764         0
   164/219     2.47G  0.007695  0.003054         0   0.01075         0       256    0.7386    0.9286    0.9369    0.6934   0.02682    0.0178         0
   165/219     2.47G  0.006262  0.002642         0  0.008904         0       256    0.7219    0.9286    0.9377    0.6866   0.02736   0.01786         0
   166/219     2.47G  0.006894  0.002727         0  0.009622         0       256     0.722    0.9286    0.9365    0.6764   0.02669   0.01793         0
   167/219     2.47G  0.006074  0.002659         0  0.008733         0       256    0.7217    0.9286     0.934    0.6723    0.0273   0.01818         0
   168/219     2.47G  0.007915  0.003162         0   0.01108         0       256     0.722    0.9286    0.9348    0.6874   0.02755   0.01819         0
   169/219     2.47G  0.006669  0.002734         0  0.009403         0       256    0.7384    0.9286    0.9352    0.6821   0.02766   0.01818         0
   170/219     2.47G  0.006339  0.002695         0  0.009034         0       256    0.7636    0.9286    0.9367    0.6863   0.02727   0.01793         0
   171/219     2.47G  0.005041  0.002394         0  0.007436         0       256    0.7412    0.9286    0.9352    0.6948   0.02714   0.01804         0
   172/219     2.47G  0.005573  0.002582         0  0.008155         0       256    0.7617    0.9286     0.935    0.6775   0.02702   0.01809         0
   173/219     2.47G  0.005173  0.002469         0  0.007642         0       256    0.7535    0.9286    0.9356    0.6574   0.02735   0.01809         0
   174/219     2.47G  0.005489   0.00245         0  0.007939         0       256    0.7546    0.9286    0.9367    0.6677   0.02681   0.01811         0
   175/219     2.47G  0.005919  0.002524         0  0.008442         0       256    0.7342    0.9286    0.9363    0.6729    0.0268   0.01813         0
   176/219     2.47G  0.006004  0.002601         0  0.008605         0       256    0.7537    0.9286    0.9375    0.6768   0.02709   0.01816         0
   177/219     2.47G  0.006242  0.002641         0  0.008883         0       256    0.7376    0.9286    0.9376    0.6804   0.02662   0.01819         0
   178/219     2.47G  0.005872  0.002444         0  0.008316         0       256    0.7444    0.9286    0.9396    0.6798   0.02639   0.01799         0
   179/219     2.47G   0.00461  0.002269         0  0.006879         0       256    0.7667    0.9286    0.9371    0.6856   0.02666     0.018         0
   180/219     2.47G  0.005762  0.002538         0    0.0083         0       256    0.7581    0.9286    0.9364    0.6594   0.02672   0.01812         0
   181/219     2.47G  0.005863  0.002531         0  0.008394         0       256    0.7543    0.9286    0.9369    0.6731   0.02686   0.01834         0
   182/219     2.47G  0.005027  0.002351         0  0.007378         0       256    0.7686    0.9286     0.939    0.6741   0.02662   0.01822         0
   183/219     2.47G  0.005099  0.002379         0  0.007479         0       256     0.768    0.9286    0.9358    0.6847   0.02676   0.01821         0
   184/219     2.47G   0.00565   0.00249         0   0.00814         0       256    0.7665    0.9286    0.9356    0.6708   0.02686   0.01816         0
   185/219     2.47G  0.004782  0.002307         0  0.007089         0       256    0.7469    0.9286     0.936    0.6907   0.02681   0.01806         0
   186/219     2.47G  0.004557  0.002215         0  0.006771         0       256    0.7449    0.9286    0.9371    0.6897    0.0267   0.01787         0
   187/219     2.47G  0.005643  0.002395         0  0.008038         0       256    0.7649    0.9286     0.935    0.6822   0.02673   0.01791         0
   188/219     2.47G  0.005086  0.002391         0  0.007477         0       256    0.7433    0.9286    0.9356    0.6887   0.02666   0.01789         0
   189/219     2.47G  0.004383  0.002165         0  0.006548         0       256    0.7428    0.9286    0.9354    0.6855   0.02685   0.01805         0
   190/219     2.47G  0.004911  0.002237         0  0.007148         0       256    0.7415    0.9286    0.9374    0.6858   0.02666   0.01797         0
   191/219     2.47G  0.005018  0.002259         0  0.007278         0       256    0.7616    0.9286    0.9354    0.6722   0.02679   0.01815         0
   192/219     2.47G  0.005322  0.002431         0  0.007752         0       256    0.7601    0.9286    0.9352    0.6786   0.02704   0.01816         0
   193/219     2.47G  0.004596  0.002153         0  0.006749         0       256    0.7422    0.9286     0.936    0.6726   0.02714   0.01821         0
   194/219     2.47G  0.004464   0.00217         0  0.006634         0       256    0.7435    0.9286    0.9371    0.6719   0.02686   0.01805         0
   195/219     2.47G  0.005339  0.002317         0  0.007655         0       256    0.7447    0.9286    0.9356    0.6804   0.02698   0.01818         0
   196/219     2.47G  0.005043   0.00237         0  0.007413         0       256    0.7454    0.9286    0.9356    0.6726   0.02703   0.01823         0
   197/219     2.47G  0.004448  0.002154         0  0.006603         0       256     0.767    0.9286    0.9362    0.6692   0.02701   0.01818         0
   198/219     2.47G  0.004393  0.002158         0  0.006552         0       256    0.7649    0.9286    0.9362    0.6934   0.02697   0.01826         0
   199/219     2.47G  0.004314   0.00209         0  0.006405         0       256    0.7411    0.9286    0.9343      0.69   0.02716   0.01842         0
   200/219     2.47G  0.005215  0.002297         0  0.007512         0       256    0.7403    0.9286    0.9333    0.6875   0.02726    0.0184         0
   201/219     2.47G  0.005153   0.00229         0  0.007444         0       256     0.756    0.9286    0.9347    0.6747   0.02684   0.01824         0
   202/219     2.47G  0.004501  0.002171         0  0.006671         0       256    0.7535    0.9286    0.9367    0.6909   0.02659   0.01802         0
   203/219     2.47G  0.003778  0.001988         0  0.005766         0       256    0.7387    0.9286    0.9346    0.6776   0.02687   0.01812         0
   204/219     2.47G  0.005068  0.002319         0  0.007387         0       256    0.7425    0.9286     0.936    0.6749   0.02679   0.01804         0
   205/219     2.47G  0.004291  0.002068         0  0.006358         0       256    0.7419    0.9286    0.9364    0.6688   0.02682   0.01818         0
   206/219     2.47G  0.004521  0.002073         0  0.006594         0       256    0.7433    0.9286    0.9374    0.6753   0.02666    0.0181         0
   207/219     2.47G  0.003871  0.002054         0  0.005925         0       256    0.7414    0.9286    0.9365    0.6877   0.02672   0.01796         0
   208/219     2.47G  0.003994  0.002004         0  0.005998         0       256    0.7202    0.9286    0.9369    0.6846   0.02668   0.01803         0
   209/219     2.47G  0.004188  0.002109         0  0.006297         0       256    0.7365    0.9286     0.937    0.6822   0.02656   0.01798         0
   210/219     2.47G  0.004828  0.002151         0  0.006978         0       256    0.7171    0.9286    0.9377    0.6872   0.02655   0.01799         0
   211/219     2.47G  0.004068  0.001995         0  0.006064         0       256    0.7346    0.9286    0.9354    0.6815   0.02677   0.01803         0
   212/219     2.47G  0.004569  0.002187         0  0.006756         0       256    0.7201    0.9286    0.9358    0.6789   0.02681   0.01806         0
   213/219     2.47G  0.004204   0.00207         0  0.006274         0       256    0.7397    0.9286    0.9365    0.7091   0.02711   0.01821         0
   214/219     2.47G  0.004531  0.002116         0  0.006647         0       256    0.7397    0.9286    0.9387    0.6928   0.02666   0.01816         0
   215/219     2.47G  0.004284  0.002019         0  0.006303         0       256    0.7247    0.9286    0.9367     0.689   0.02689   0.01819         0
   216/219     2.47G  0.004471  0.002188         0  0.006658         0       256    0.7423    0.9286    0.9371    0.6781   0.02676   0.01818         0
   217/219     2.47G  0.004261  0.002076         0  0.006337         0       256    0.7402    0.9286    0.9382    0.6758   0.02672   0.01811         0
   218/219     2.47G  0.004172  0.001998         0  0.006171         0       256    0.7385    0.9286     0.939    0.6853   0.02686   0.01817         0
   219/219     2.47G   0.00402  0.002014         0  0.006034         0       256    0.7219    0.9286    0.9352    0.6876   0.02723    0.0183         0
