     0/219     1.52G   0.08869   0.03182         0    0.1205         0       256         0         0 0.0003554  4.59e-05   0.09467     0.036         0
     1/219     1.53G   0.07535   0.03431         0    0.1097         0       256         0         0 0.0007172 8.938e-05   0.08626   0.03885         0
     2/219     1.53G   0.06825    0.0351         0    0.1034         0       256         0         0  0.002969 0.0003789    0.0797   0.03917         0
     3/219     1.53G   0.06242   0.03453         0   0.09695         0       256         1   0.03571   0.07717   0.01458   0.06995   0.03745         0
     4/219     1.53G   0.05523   0.03111         0   0.08634         0       256    0.4132    0.6429    0.6082    0.2152   0.07513   0.02909         0
     5/219     1.53G   0.06183   0.02386         0   0.08569         0       256    0.2759    0.8214    0.5182   0.08731   0.05664   0.02919         0
     6/219     1.53G     0.055   0.02187         0   0.07687         0       256    0.2627    0.8571    0.4351    0.1184   0.06098   0.02465         0
     7/219     1.53G   0.05757   0.01867         0   0.07625         0       256    0.2006    0.8571    0.5051    0.1384   0.06655   0.02154         0
     8/219     1.53G   0.06175   0.01633         0   0.07808         0       256    0.1666    0.8571    0.3923    0.1452   0.06722   0.02077         0
     9/219     1.53G    0.0594    0.0162         0    0.0756         0       256    0.2743    0.8929     0.483    0.1861   0.05692   0.02195         0
    10/219     1.53G   0.05488   0.01544         0   0.07032         0       256    0.1784    0.9286    0.4294    0.1407    0.0635   0.01841         0
    11/219     1.53G   0.06247   0.01287         0   0.07534         0       256    0.1391    0.8571    0.3546    0.1413   0.07197   0.01745         0
    12/219     1.53G   0.06264   0.01467         0   0.07731         0       256    0.2009      0.75    0.2967   0.09495   0.06252   0.02301         0
    13/219     1.53G   0.05771   0.01461         0   0.07232         0       256    0.2954    0.6071    0.4504    0.1315   0.06226   0.02242         0
    14/219     1.53G   0.05368   0.01763         0   0.07131         0       256    0.1581    0.9286    0.7194    0.3443   0.05172   0.02173         0
    15/219     1.53G    0.0564   0.01377         0   0.07018         0       256    0.1217    0.9286    0.3117    0.1752   0.07054   0.01747         0
    16/219     1.53G   0.06232   0.01545         0   0.07777         0       256    0.2357    0.9286     0.771    0.4132   0.06727   0.01993         0
    17/219     1.53G    0.0681   0.01497         0   0.08307         0       256    0.3836    0.6429    0.4924    0.1699   0.06443    0.0252         0
    18/219     1.53G   0.04992   0.01994         0   0.06986         0       256    0.1471    0.9286    0.3724   0.08111   0.05283   0.02266         0
    19/219     1.53G   0.04755   0.01719         0   0.06474         0       256    0.1043    0.8929    0.4777    0.1356    0.0587   0.01978         0
    20/219     1.53G   0.05029   0.01389         0   0.06418         0       256    0.1217    0.9286     0.358   0.09941   0.05562   0.01856         0
    21/219     1.53G   0.04954   0.01459         0   0.06413         0       256    0.2725    0.9286    0.6662    0.2736   0.04774   0.01833         0
    22/219     1.53G   0.04223   0.01233         0   0.05457         0       256    0.2328    0.9286     0.727    0.3958   0.04661   0.01769         0
    23/219     1.53G   0.04011   0.01092         0   0.05102         0       256    0.2201    0.8929    0.6384     0.212   0.05357   0.01692         0
    24/219     1.53G   0.04639   0.01003         0   0.05642         0       256    0.3268    0.8571    0.7094    0.3779   0.04878   0.01869         0
    25/219     1.53G    0.0424   0.01004         0   0.05245         0       256     0.224    0.9286    0.6168    0.1959   0.05104   0.01652         0
    26/219     1.53G   0.04535  0.009964         0   0.05532         0       256    0.3403    0.9286    0.7602    0.4077   0.04151   0.01823         0
    27/219     1.53G   0.03575  0.009734         0   0.04549         0       256    0.2683    0.9286    0.7608    0.3534   0.04286   0.01554         0
    28/219     1.53G   0.04084  0.009097         0   0.04994         0       256    0.3348    0.9286    0.7512    0.2859   0.04298   0.01667         0
    29/219     1.53G   0.03772      0.01         0   0.04772         0       256    0.3317    0.9286    0.8247    0.2951   0.04558   0.01661         0
    30/219     1.53G   0.03953  0.009132         0   0.04866         0       256     0.384    0.8929    0.8736    0.5075   0.04103   0.01655         0
    31/219     1.53G   0.03494  0.008491         0   0.04343         0       256    0.5345    0.8929    0.8762    0.4843   0.04248   0.01798         0
    32/219     1.53G   0.03463  0.009453         0   0.04409         0       256    0.5082    0.8929    0.8758    0.5788   0.03869   0.01906         0
    33/219     1.53G   0.03298  0.008624         0    0.0416         0       256    0.4637    0.9286    0.8749    0.4587   0.03885     0.017         0
    34/219     1.53G    0.0306  0.008137         0   0.03874         0       256     0.531    0.9286    0.8894    0.5733   0.03613   0.01701         0
    35/219     1.53G   0.03074  0.007858         0    0.0386         0       256    0.5169    0.9286    0.8859    0.5419   0.03497   0.01667         0
    36/219     1.53G   0.02768     0.008         0   0.03568         0       256    0.4114    0.9286    0.8964    0.5249   0.03733     0.017         0
    37/219     1.53G   0.02565  0.007678         0   0.03332         0       256     0.512    0.9286     0.888    0.5098     0.037   0.01686         0
    38/219     1.53G   0.02738  0.007786         0   0.03517         0       256    0.4307    0.9286    0.7966     0.546   0.03666   0.01625         0
    39/219     1.53G   0.02892  0.007224         0   0.03615         0       256    0.5207    0.9286    0.9181    0.5721   0.03511   0.01686         0
    40/219     1.53G   0.02759  0.008156         0   0.03575         0       256    0.7702    0.9286    0.9486    0.6277   0.03255   0.01771         0
    41/219     1.53G   0.02563  0.007204         0   0.03283         0       256    0.5922    0.9286    0.8829    0.5055   0.03972   0.01698         0
    42/219     1.53G   0.02747  0.007188         0   0.03466         0       256    0.6989    0.9286      0.92    0.6068   0.03112   0.01669         0
    43/219     1.53G   0.02409  0.006876         0   0.03097         0       256    0.5635    0.9286    0.8707    0.5727   0.03436   0.01747         0
    44/219     1.53G   0.02563  0.007441         0   0.03307         0       256    0.7746    0.9286    0.9306    0.6151   0.03217   0.01768         0
    45/219     1.53G    0.0228  0.006692         0   0.02949         0       256    0.6087    0.9286    0.9155    0.5097   0.03394    0.0173         0
    46/219     1.53G   0.02514  0.006791         0   0.03193         0       256    0.6424    0.8929    0.9089    0.6098    0.0344   0.01787         0
    47/219     1.53G   0.02417  0.006852         0   0.03102         0       256    0.7816    0.8929    0.9052    0.6057   0.03246   0.01784         0
    48/219     1.53G   0.02129  0.006534         0   0.02782         0       256    0.5419    0.8929    0.8958    0.6147   0.03435   0.01773         0
    49/219     1.53G   0.02367  0.006338         0   0.03001         0       256    0.7701    0.8929    0.8986    0.6567   0.03527   0.01767         0
    50/219     1.53G   0.02236  0.006235         0    0.0286         0       256    0.7652    0.8929    0.8949    0.5605   0.03597   0.01769         0
    51/219     1.53G   0.02155  0.006485         0   0.02804         0       256    0.8109    0.8929    0.9022    0.6115   0.03518    0.0174         0
    52/219     1.53G   0.02303  0.006579         0   0.02961         0       256    0.5579    0.8929    0.8981    0.6055   0.03631   0.01745         0
    53/219     1.53G   0.02473  0.006445         0   0.03117         0       256    0.8384    0.8929    0.9157    0.5252   0.03351   0.01793         0
    54/219     1.53G   0.01973  0.006542         0   0.02627         0       256    0.8294    0.8929    0.9112    0.6025   0.03327   0.01757         0
    55/219     1.53G   0.01844  0.005841         0   0.02428         0       256    0.6843    0.8929     0.905    0.5914   0.03238   0.01678         0
    56/219     1.53G   0.02231  0.006109         0   0.02842         0       256    0.7591    0.8929    0.9049    0.6353   0.03307   0.01751         0
    57/219     1.53G   0.02024  0.006163         0   0.02641         0       256    0.7693    0.8929    0.9111    0.6622   0.03312   0.01805         0
    58/219     1.53G   0.02062  0.005862         0   0.02648         0       256    0.8935    0.8929    0.9204    0.6629   0.03194   0.01727         0
    59/219     1.53G   0.02211  0.006256         0   0.02837         0       256    0.7461    0.8929    0.9128    0.5513   0.03328   0.01762         0
    60/219     1.53G   0.02159  0.006652         0   0.02824         0       256    0.8482    0.8929    0.9065    0.6288   0.03352   0.01857         0
    61/219     1.53G   0.01821  0.005973         0   0.02418         0       256    0.7384    0.8929    0.9032    0.6257   0.03331   0.01851         0
    62/219     1.53G    0.0185  0.005708         0   0.02421         0       256    0.5916    0.8929     0.899    0.6035     0.032   0.01754         0
    63/219     1.53G   0.01996   0.00565         0   0.02561         0       256    0.7219    0.8929    0.8996    0.6325   0.03339    0.0177         0
    64/219     1.53G   0.01932  0.006037         0   0.02536         0       256    0.8185    0.8929    0.9032    0.6369   0.03265   0.01901         0
    65/219     1.53G   0.01458  0.005652         0   0.02024         0       256    0.7061    0.8929    0.8956    0.5737   0.03278   0.01893         0
    66/219     1.53G   0.01853  0.005339         0   0.02387         0       256    0.6964    0.8929    0.8943    0.6225   0.03397   0.01829         0
    67/219     1.53G   0.01947  0.005394         0   0.02487         0       256    0.7307    0.8929    0.8958    0.6166   0.03429   0.01827         0
    68/219     1.53G   0.01829    0.0057         0   0.02399         0       256    0.7809    0.8929    0.8989    0.6308   0.03272   0.01895         0
    69/219     1.53G   0.01695  0.005421         0   0.02237         0       256    0.7972    0.8929    0.9016    0.6704   0.03188    0.0189         0
    70/219     1.53G   0.01722    0.0052         0   0.02242         0       256    0.7934    0.8929     0.902    0.6336   0.03033   0.01804         0
    71/219     1.53G   0.01879  0.005359         0   0.02415         0       256    0.8406    0.8929    0.9022    0.6399   0.03117   0.01843         0
    72/219     1.53G   0.01878  0.005778         0   0.02456         0       256    0.8269    0.8929    0.9002    0.5707   0.03227   0.01929         0
    73/219     1.53G   0.01612  0.005519         0   0.02164         0       256    0.8168    0.8929    0.9136    0.6575   0.03012   0.01819         0
    74/219     1.53G   0.01534  0.005091         0   0.02043         0       256    0.7481    0.9286    0.9204    0.6369   0.02977   0.01678         0
    75/219     1.53G   0.01586  0.005078         0   0.02094         0       256    0.7086    0.9286     0.914    0.6168   0.03015   0.01709         0
    76/219     1.53G   0.01461  0.005039         0   0.01965         0       256     0.796    0.8929    0.9108    0.6756   0.03073   0.01733         0
    77/219     1.53G   0.01542  0.005067         0   0.02048         0       256    0.8076    0.8929    0.9092    0.6573   0.03149   0.01789         0
    78/219     1.53G   0.01807  0.005192         0   0.02327         0       256    0.7811    0.9286    0.9045    0.6898   0.03093   0.01814         0
    79/219     1.53G   0.01515  0.005057         0    0.0202         0       256    0.8439    0.8929    0.9098    0.6365   0.03162   0.01869         0
    80/219     1.53G    0.0173  0.005365         0   0.02267         0       256     0.777    0.8929    0.9046    0.6398   0.03023   0.01894         0
    81/219     1.53G   0.01553   0.00515         0   0.02068         0       256    0.7545    0.8929    0.9051    0.6129   0.03079   0.01848         0
    82/219     1.53G   0.01403  0.004939         0   0.01896         0       256      0.66    0.8929    0.9085    0.6197   0.02881   0.01825         0
    83/219     1.53G   0.01652  0.005012         0   0.02153         0       256    0.8315    0.8929    0.9214    0.6528   0.02907   0.01828         0
    84/219     1.53G   0.01393   0.00523         0   0.01916         0       256    0.8239    0.9286    0.9302    0.6451   0.02897   0.01856         0
    85/219     1.53G   0.01642  0.005297         0   0.02171         0       256    0.6978    0.9286    0.9216    0.6204   0.02907   0.01879         0
    86/219     1.53G     0.015  0.004829         0   0.01983         0       256    0.7658    0.9286    0.9285     0.617   0.02841   0.01817         0
    87/219     1.53G    0.0145  0.004754         0   0.01926         0       256    0.7373    0.8929    0.9282     0.639   0.02892   0.01837         0
    88/219     1.53G   0.01488  0.005032         0   0.01991         0       256     0.778    0.8929    0.9299    0.6684   0.02913   0.01865         0
    89/219     1.53G   0.01538  0.004788         0   0.02016         0       256    0.7939    0.8929    0.9235    0.6768   0.02831   0.01853         0
    90/219     1.53G   0.01152   0.00453         0   0.01606         0       256    0.7539    0.8929      0.92    0.6121   0.02848   0.01799         0
    91/219     1.53G   0.01397  0.004625         0    0.0186         0       256    0.7933    0.8929    0.9162    0.6436   0.02882   0.01808         0
    92/219     1.53G   0.01321  0.004531         0   0.01774         0       256    0.8372    0.8929    0.9148    0.6308   0.02916   0.01817         0
    93/219     1.53G   0.01318  0.004523         0    0.0177         0       256    0.7647    0.8929    0.9086    0.6129   0.02931   0.01838         0
    94/219     1.53G   0.01409  0.004615         0   0.01871         0       256    0.7432    0.8929    0.9072    0.6415   0.02969    0.0188         0
    95/219     1.53G   0.01231  0.004384         0    0.0167         0       256    0.7763    0.8929    0.9168    0.6674    0.0286   0.01835         0
    96/219     1.53G   0.01266  0.004691         0   0.01735         0       256    0.7267    0.8929    0.9197    0.6451   0.02917   0.01771         0
    97/219     1.53G   0.01339  0.004547         0   0.01794         0       256    0.7936    0.8929    0.9071     0.681   0.03018   0.01819         0
    98/219     1.53G   0.01251  0.004351         0   0.01686         0       256    0.7822    0.8929    0.9065    0.6462   0.02934   0.01812         0
    99/219     1.53G   0.01079  0.004139         0   0.01493         0       256    0.7388    0.8929    0.9076    0.6437   0.03004   0.01772         0
   100/219     1.53G   0.01288  0.004429         0   0.01731         0       256    0.7992    0.8929    0.9146    0.6467   0.02988   0.01739         0
   101/219     1.53G   0.01559  0.004754         0   0.02035         0       256    0.8288    0.8929    0.9223    0.6455   0.02984   0.01797         0
   102/219     1.53G   0.01125   0.00434         0   0.01559         0       256    0.8929    0.8929    0.9252    0.6602   0.02891   0.01756         0
   103/219     1.53G    0.0131  0.004462         0   0.01756         0       256    0.8511    0.8929    0.9282    0.6688   0.02882   0.01782         0
   104/219     1.53G    0.0125  0.004333         0   0.01683         0       256    0.8277    0.8929    0.9289    0.6531   0.02875   0.01766         0
   105/219     1.53G   0.01223  0.004284         0   0.01651         0       256    0.7163    0.8929     0.922    0.6188   0.02905   0.01803         0
   106/219     1.53G   0.01047  0.003955         0   0.01443         0       256    0.7482    0.8929    0.9243    0.6507   0.02885   0.01804         0
   107/219     1.53G   0.01228  0.004157         0   0.01644         0       256     0.866    0.8929    0.9109    0.6419   0.02957   0.01822         0
   108/219     1.53G   0.01045  0.004128         0   0.01458         0       256    0.8371    0.8929    0.9108    0.6235    0.0301    0.0184         0
   109/219     1.53G   0.01464  0.004627         0   0.01927         0       256    0.9019    0.8929    0.9113    0.6421   0.03037   0.01866         0
   110/219     1.53G   0.01046  0.004144         0   0.01461         0       256    0.8953    0.8929    0.9087    0.6676   0.02868   0.01832         0
   111/219     1.53G   0.01067  0.003864         0   0.01454         0       256    0.8933    0.8929    0.9078     0.685    0.0293   0.01792         0
   112/219     1.53G   0.01274  0.004233         0   0.01697         0       256    0.7927    0.8929    0.9191    0.6585   0.02964   0.01776         0
   113/219     1.53G   0.01215  0.004291         0   0.01644         0       256     0.877    0.8929    0.9146    0.6384   0.02912   0.01772         0
   114/219     1.53G   0.01141  0.003996         0   0.01541         0       256    0.7482    0.8929    0.9103    0.6678   0.02843   0.01791         0
   115/219     1.53G    0.0109   0.00394         0   0.01484         0       256    0.8819    0.8929    0.9124     0.638   0.02961   0.01792         0
   116/219     1.53G   0.01232  0.004474         0    0.0168         0       256    0.8932    0.8929    0.9152    0.6607   0.02914   0.01833         0
   117/219     1.53G   0.01023  0.003938         0   0.01417         0       256    0.8467    0.8929     0.914    0.6349   0.02933   0.01832         0
   118/219     1.53G  0.008841  0.003722         0   0.01256         0       256     0.772    0.8929    0.9152    0.6622   0.02885   0.01796         0
   119/219     1.53G   0.01122   0.00397         0   0.01519         0       256    0.7615    0.8929    0.9128    0.6557   0.02913     0.018         0
   120/219     1.53G   0.01059  0.003969         0   0.01456         0       256    0.7653    0.8929     0.914    0.6424   0.02884   0.01821         0
   121/219     1.53G  0.009301  0.003727         0   0.01303         0       256    0.7866    0.8929    0.9123     0.671   0.02859   0.01811         0
   122/219     1.53G  0.008142  0.003439         0   0.01158         0       256    0.8157    0.8929    0.9202    0.6393   0.02842   0.01776         0
   123/219     1.53G    0.0106  0.003683         0   0.01428         0       256    0.7625    0.8929    0.9167    0.6625   0.02866   0.01809         0
   124/219     1.53G  0.009274  0.003638         0   0.01291         0       256    0.8223    0.8929    0.9191    0.6489    0.0299   0.01823         0
   125/219     1.53G   0.01217  0.003937         0    0.0161         0       256    0.8776    0.8929    0.9115    0.6608   0.02909   0.01858         0
   126/219     1.53G  0.008679  0.003574         0   0.01225         0       256     0.861    0.8929    0.9204    0.6686   0.02906   0.01825         0
   127/219     1.53G  0.007614  0.003352         0   0.01097         0       256    0.8625    0.8929    0.9247    0.6665   0.02855   0.01841         0
   128/219     1.53G   0.01085  0.003942         0   0.01479         0       256    0.7856    0.8929    0.9214    0.6572   0.02929   0.01843         0
   129/219     1.53G  0.009861  0.003714         0   0.01357         0       256    0.8244    0.8929     0.914    0.6357   0.02981    0.0186         0
   130/219     1.53G  0.008547  0.003473         0   0.01202         0       256    0.8018    0.8929    0.9234    0.6373   0.02926   0.01831         0
   131/219     1.53G  0.007743  0.003392         0   0.01113         0       256    0.7883    0.8929     0.924    0.6609   0.02872   0.01826         0
   132/219     1.53G   0.01145  0.003993         0   0.01544         0       256     0.775    0.8929    0.9241    0.6459    0.0293     0.018         0
   133/219     1.53G  0.009079  0.003687         0   0.01277         0       256    0.7757    0.8929    0.9115    0.6589    0.0286    0.0182         0
   134/219     1.53G  0.007654   0.00336         0   0.01101         0       256    0.7405    0.9286    0.9259     0.665   0.02777   0.01763         0
   135/219     1.53G  0.007823  0.003417         0   0.01124         0       256    0.8078    0.9005    0.9223    0.6395   0.02814   0.01777         0
   136/219     1.53G  0.008683  0.003517         0    0.0122         0       256    0.7469    0.8929    0.9193    0.6412   0.02825   0.01779         0
   137/219     1.53G  0.009858  0.003646         0    0.0135         0       256    0.8081    0.9286    0.9215    0.6429   0.02827   0.01747         0
   138/219     1.53G  0.009399  0.003582         0   0.01298         0       256    0.8164    0.9286    0.9245    0.6452    0.0284   0.01799         0
   139/219     1.53G   0.00746  0.003236         0    0.0107         0       256    0.7561    0.8929    0.9198     0.644   0.02827   0.01823         0
   140/219     1.53G   0.00905  0.003577         0   0.01263         0       256    0.8009    0.8929    0.9207    0.6442   0.02829   0.01823         0
   141/219     1.53G   0.00908  0.003323         0    0.0124         0       256    0.8692    0.8929    0.9104     0.668   0.02924   0.01814         0
   142/219     1.53G  0.009006  0.003461         0   0.01247         0       256    0.8791    0.8929    0.9092    0.6522   0.02879   0.01823         0
   143/219     1.53G  0.006891   0.00311         0      0.01         0       256    0.8931    0.8929    0.9042    0.6508    0.0289   0.01854         0
   144/219     1.53G  0.009378  0.003488         0   0.01287         0       256    0.8643    0.8929    0.9051     0.666   0.02885    0.0186         0
   145/219     1.53G  0.007782  0.003256         0   0.01104         0       256    0.8281    0.8929    0.9042    0.6511    0.0298   0.01894         0
   146/219     1.53G  0.006834  0.002988         0  0.009822         0       256     0.834    0.8929    0.9058    0.6408   0.02888   0.01862         0
   147/219     1.53G  0.007301  0.003103         0    0.0104         0       256    0.8047    0.8929    0.9058    0.6588   0.02908   0.01899         0
   148/219     1.53G  0.008497  0.003397         0   0.01189         0       256    0.8172    0.8929    0.9042    0.6497   0.02936   0.01911         0
   149/219     1.53G  0.007875  0.003292         0   0.01117         0       256    0.8337    0.8929    0.9062    0.6441   0.02942   0.01916         0
   150/219     1.53G  0.006925   0.00308         0      0.01         0       256    0.7973    0.8929    0.9098    0.6569   0.02893   0.01861         0
   151/219     1.53G  0.007784  0.003274         0   0.01106         0       256    0.8249    0.8929    0.9062    0.6425   0.02923   0.01868         0
   152/219     1.53G  0.007733  0.003228         0   0.01096         0       256    0.8331    0.8929    0.9066    0.6553   0.02891   0.01866         0
   153/219     1.53G  0.007951  0.003259         0   0.01121         0       256    0.8517    0.8929     0.907    0.6471     0.029   0.01865         0
   154/219     1.53G  0.006217   0.00285         0  0.009067         0       256    0.8642    0.8929    0.9109    0.6664   0.02841   0.01828         0
   155/219     1.53G   0.00612  0.002858         0  0.008977         0       256    0.8624    0.8929    0.9093    0.6528   0.02913   0.01867         0
   156/219     1.53G  0.007697  0.003189         0   0.01089         0       256    0.8383    0.8929    0.9093    0.6541   0.02865   0.01865         0
   157/219     1.53G  0.006049  0.002732         0   0.00878         0       256    0.8556    0.8929    0.9106    0.6534   0.02905   0.01867         0
   158/219     1.53G  0.007256  0.002982         0   0.01024         0       256    0.8259    0.8929    0.9092    0.6372   0.02917   0.01858         0
   159/219     1.53G  0.007379  0.003031         0   0.01041         0       256    0.8275    0.8929    0.9074    0.6376   0.02916     0.019         0
   160/219     1.53G  0.006322  0.002922         0  0.009244         0       256    0.8384    0.8929    0.9092    0.6369   0.02853   0.01895         0
   161/219     1.53G  0.006271  0.002812         0  0.009083         0       256    0.8286    0.8929    0.9092    0.6332   0.02904   0.01879         0
   162/219     1.53G  0.006694  0.002824         0  0.009518         0       256    0.7876    0.8929    0.9092    0.6489   0.02838   0.01856         0
   163/219     1.53G  0.006877  0.002899         0  0.009776         0       256    0.8262    0.8929    0.9098    0.6574   0.02875   0.01888         0
   164/219     1.53G  0.007149  0.003019         0   0.01017         0       256    0.8125    0.8929    0.9092    0.6547   0.02888   0.01888         0
   165/219     1.53G  0.006033   0.00275         0  0.008783         0       256    0.8397    0.8929    0.9086    0.6415   0.02927   0.01907         0
   166/219     1.53G  0.006492  0.002861         0  0.009353         0       256    0.8388    0.8929    0.9097    0.6465   0.02881   0.01877         0
   167/219     1.53G  0.006093  0.002728         0  0.008822         0       256    0.8425    0.8929    0.9078    0.6388   0.02925   0.01894         0
   168/219     1.53G  0.007357  0.003013         0   0.01037         0       256     0.829    0.8929    0.9074    0.6284   0.02951   0.01888         0
   169/219     1.53G  0.006648  0.002923         0  0.009572         0       256    0.8064    0.8929     0.905    0.6294    0.0293   0.01904         0
   170/219     1.53G  0.004982  0.002509         0  0.007491         0       256    0.8191    0.8929    0.9076    0.6439   0.02868   0.01891         0
   171/219     1.53G  0.005075  0.002571         0  0.007646         0       256    0.8151    0.8929    0.9042    0.6338   0.02913   0.01921         0
   172/219     1.53G  0.007645  0.003193         0   0.01084         0       256    0.8144    0.8929     0.905    0.6286   0.02867   0.01919         0
   173/219     1.53G  0.006094  0.002777         0  0.008871         0       256    0.8201    0.8929    0.9062    0.6281   0.02915   0.01929         0
   174/219     1.53G  0.005708  0.002645         0  0.008353         0       256     0.815    0.8929    0.9086    0.6321   0.02835   0.01897         0
   175/219     1.53G  0.006061  0.002727         0  0.008787         0       256    0.8191    0.8929    0.9066    0.6394   0.02863   0.01923         0
   176/219     1.53G  0.006075   0.00283         0  0.008906         0       256    0.8274    0.8929    0.9098    0.6251   0.02871   0.01918         0
   177/219     1.53G  0.005555  0.002605         0  0.008161         0       256    0.8401    0.8929    0.9103    0.6478   0.02868   0.01903         0
   178/219     1.53G  0.005575  0.002593         0  0.008168         0       256    0.8295    0.8929    0.9109    0.6406   0.02879   0.01893         0
   179/219     1.53G  0.005719  0.002544         0  0.008264         0       256    0.8017    0.8929    0.9087    0.6341   0.02919   0.01909         0
   180/219     1.53G   0.00595  0.002825         0  0.008776         0       256    0.8344    0.8929    0.9092    0.6429   0.02875    0.0189         0
   181/219     1.53G  0.005503  0.002526         0  0.008029         0       256    0.8091    0.8929    0.9087    0.6485   0.02908    0.0189         0
   182/219     1.53G  0.005263  0.002529         0  0.007792         0       256     0.826    0.8929    0.9097    0.6467   0.02869   0.01873         0
   183/219     1.53G  0.004789  0.002446         0  0.007235         0       256    0.7967    0.8929     0.905    0.6283   0.02895   0.01916         0
   184/219     1.53G  0.005667  0.002676         0  0.008343         0       256    0.7965    0.8929    0.9042    0.6291   0.02907   0.01935         0
   185/219     1.53G  0.004655   0.00233         0  0.006984         0       256    0.7973    0.8929    0.9046      0.64   0.02958   0.01948         0
   186/219     1.53G  0.004979   0.00242         0    0.0074         0       256    0.8206    0.8929    0.9054    0.6357   0.02928   0.01935         0
   187/219     1.53G  0.005059  0.002431         0   0.00749         0       256    0.7914    0.8929    0.9042    0.6384   0.02934   0.01957         0
   188/219     1.53G  0.004775  0.002449         0  0.007224         0       256    0.7947    0.8929    0.9036    0.6429    0.0293   0.01942         0
   189/219     1.53G  0.005001  0.002392         0  0.007393         0       256    0.7932    0.8929    0.9042    0.6292   0.02928   0.01933         0
   190/219     1.53G  0.004663  0.002297         0   0.00696         0       256    0.8191    0.8929    0.9055    0.6433   0.02899   0.01892         0
   191/219     1.53G  0.005051  0.002496         0  0.007548         0       256    0.7915    0.8929    0.9036    0.6282   0.02914   0.01926         0
   192/219     1.53G  0.004858  0.002382         0   0.00724         0       256    0.7942    0.8929    0.9042    0.6336    0.0292    0.0193         0
   193/219     1.53G  0.005075  0.002368         0  0.007443         0       256    0.7976    0.8929    0.9042    0.6298   0.02924   0.01928         0
   194/219     1.53G  0.004468  0.002284         0  0.006752         0       256    0.8209    0.8929    0.9078    0.6317   0.02888   0.01928         0
   195/219     1.53G  0.004255  0.002272         0  0.006527         0       256     0.795    0.8929    0.9042    0.6316   0.02912    0.0196         0
   196/219     1.53G  0.004385  0.002313         0  0.006697         0       256    0.7974    0.8929    0.9046    0.6342     0.029   0.01964         0
   197/219     1.53G  0.004688  0.002294         0  0.006982         0       256    0.8231    0.8929    0.9042    0.6269   0.02938    0.0195         0
   198/219     1.53G   0.00438  0.002266         0  0.006646         0       256    0.7979    0.8929    0.9066    0.6476   0.02887   0.01912         0
   199/219     1.53G  0.004526  0.002275         0  0.006801         0       256    0.8203    0.8929    0.9046    0.6532   0.02923   0.01944         0
   200/219     1.53G  0.005533  0.002614         0  0.008146         0       256    0.8017    0.8929     0.905    0.6441   0.02895   0.01945         0
   201/219     1.53G  0.004414  0.002219         0  0.006633         0       256    0.8032    0.8929    0.9046    0.6487   0.02909   0.01948         0
   202/219     1.53G  0.004663  0.002326         0  0.006989         0       256    0.8046    0.8929    0.9081    0.6279   0.02898   0.01937         0
   203/219     1.53G  0.003873  0.002147         0   0.00602         0       256    0.7999    0.8929    0.9046    0.6273   0.02916   0.01963         0
   204/219     1.53G  0.005001  0.002478         0  0.007478         0       256    0.8007    0.8929     0.907     0.635   0.02891    0.0194         0
   205/219     1.53G  0.004869  0.002303         0  0.007172         0       256    0.8306    0.8929    0.9087    0.6479     0.029   0.01921         0
   206/219     1.53G  0.004231  0.002199         0   0.00643         0       256    0.7911    0.8929    0.9092    0.6483   0.02862   0.01888         0
   207/219     1.53G  0.003527  0.002069         0  0.005596         0       256    0.7953    0.8929    0.9083    0.6453   0.02889   0.01911         0
   208/219     1.53G  0.004802  0.002441         0  0.007243         0       256    0.7968    0.8929    0.9087    0.6334   0.02871   0.01908         0
   209/219     1.53G  0.004596  0.002337         0  0.006932         0       256    0.7945    0.8929    0.9087    0.6383   0.02909   0.01913         0
   210/219     1.53G  0.004109  0.002184         0  0.006294         0       256    0.8475    0.8929    0.9103     0.639   0.02897   0.01907         0
   211/219     1.53G  0.004642  0.002269         0  0.006911         0       256    0.8171    0.8929    0.9074     0.631   0.02901   0.01936         0
   212/219     1.53G  0.004959  0.002483         0  0.007442         0       256    0.8187    0.8929    0.9078    0.6322   0.02913   0.01945         0
   213/219     1.53G  0.004674  0.002223         0  0.006898         0       256    0.7934    0.8929    0.9074    0.6297   0.02926   0.01948         0
   214/219     1.53G  0.004301  0.002167         0  0.006468         0       256    0.8463    0.8929    0.9083    0.6439   0.02889   0.01939         0
   215/219     1.53G  0.004003  0.002156         0  0.006159         0       256    0.7951    0.8929    0.9058    0.6279    0.0292   0.01968         0
   216/219     1.53G  0.005403  0.002585         0  0.007987         0       256    0.8304    0.8929    0.9058    0.6379   0.02919   0.01972         0
   217/219     1.53G  0.004414  0.002229         0  0.006643         0       256    0.8019    0.8929    0.9066    0.6302   0.02923   0.01966         0
   218/219     1.53G  0.003758  0.002123         0  0.005881         0       256    0.8227    0.8929    0.9092    0.6384   0.02886   0.01941         0
   219/219     1.53G  0.003831  0.002117         0  0.005948         0       256    0.7934    0.8929    0.9062    0.6275    0.0291   0.01965         0
