     0/219     1.37G   0.06464   0.03121         0   0.09585         0       256         0         0 3.665e-05 9.877e-06   0.07984   0.03233         0
     1/219     1.37G   0.05745   0.02962         0   0.08707         0       256         0         0  0.001082 0.0002033   0.07189   0.03202         0
     2/219     1.37G   0.04814   0.03156         0    0.0797         0       256         0         0   0.07129   0.01369    0.0587   0.03371         0
     3/219     1.37G   0.04114   0.02807         0   0.06922         0       256    0.2068    0.6429    0.3369    0.1142   0.05203   0.02833         0
     4/219     1.37G   0.04033   0.02208         0   0.06241         0       256    0.1313    0.6153    0.2948   0.07715   0.05352   0.02363         0
     5/219     1.37G   0.04514   0.01719         0   0.06233         0       256    0.1899    0.6429    0.2958    0.1027    0.0525   0.02373         0
     6/219     1.37G   0.04322   0.01661         0   0.05982         0       256    0.1274    0.7143      0.21    0.0618   0.06051   0.01889         0
     7/219     1.37G   0.04662   0.01494         0   0.06155         0       256    0.1553    0.7857    0.4417    0.1754    0.0599   0.01986         0
     8/219     1.37G   0.04627   0.01504         0   0.06131         0       256   0.07896    0.8214    0.3491    0.1333   0.06209   0.01779         0
     9/219     1.37G   0.04453   0.01496         0   0.05948         0       256    0.1916    0.8571     0.695    0.3125   0.04643   0.02156         0
    10/219     1.37G   0.03875   0.01481         0   0.05356         0       256    0.1863    0.9286    0.5626    0.2199   0.04717   0.02033         0
    11/219     1.37G   0.03571   0.01469         0    0.0504         0       256    0.1111    0.8929    0.1438   0.02823   0.05422   0.01919         0
    12/219     1.37G   0.04121   0.01555         0   0.05677         0       256   0.07822    0.9643    0.5666    0.2413    0.0437   0.02223         0
    13/219     1.37G   0.03568   0.02031         0     0.056         0       256    0.3089    0.7857    0.6027    0.1724   0.04303   0.02471         0
    14/219     1.37G    0.0334   0.01607         0   0.04947         0       256    0.1935    0.7143    0.4246    0.1384   0.04415   0.02395         0
    15/219     1.37G   0.02955   0.01462         0   0.04417         0       256    0.1963    0.9286    0.6517    0.2331   0.04158   0.01948         0
    16/219     1.37G   0.03113    0.0125         0   0.04364         0       256    0.1638    0.9286    0.4287    0.1265   0.04487   0.01812         0
    17/219     1.37G   0.03109    0.0128         0   0.04389         0       256    0.2757    0.9286    0.6439    0.1996   0.03657   0.01793         0
    18/219     1.37G   0.02495   0.01084         0   0.03579         0       256    0.2745    0.8214    0.6067    0.3305   0.03685   0.02053         0
    19/219     1.37G   0.02594   0.01035         0   0.03629         0       256    0.3157    0.9643    0.7579    0.2566   0.03485   0.01705         0
    20/219     1.37G    0.0249   0.01043         0   0.03534         0       256    0.3614    0.9286    0.7674    0.3151   0.03043   0.01774         0
    21/219     1.37G   0.02527  0.009591         0   0.03486         0       256    0.2737    0.9286    0.7574    0.2363   0.03923   0.01792         0
    22/219     1.37G    0.0254  0.009264         0   0.03466         0       256    0.4233    0.9286    0.8584    0.4478   0.02978   0.01853         0
    23/219     1.37G   0.02225  0.008941         0   0.03119         0       256    0.4296    0.9643     0.899    0.4328   0.03131   0.01749         0
    24/219     1.37G    0.0249  0.009568         0   0.03447         0       256    0.3659    0.9643    0.7177    0.3585   0.03122   0.01916         0
    25/219     1.37G   0.02131  0.008987         0    0.0303         0       256    0.3772    0.9643    0.8715    0.4393   0.02845   0.01663         0
    26/219     1.37G   0.02005  0.008343         0   0.02839         0       256     0.473    0.9643    0.9264    0.4983   0.02708   0.01553         0
    27/219     1.37G   0.01793  0.007724         0   0.02565         0       256    0.5534    0.9643    0.9034    0.4249   0.02911   0.01656         0
    28/219     1.37G    0.0199  0.007851         0   0.02775         0       256    0.5142    0.9643    0.8869    0.4091   0.03112   0.01756         0
    29/219     1.37G   0.02158  0.007708         0   0.02928         0       256    0.5564    0.9643    0.8809    0.3365   0.03168   0.01785         0
    30/219     1.37G   0.01878  0.007401         0   0.02618         0       256    0.4515    0.9286    0.8157    0.4661   0.02815    0.0176         0
    31/219     1.37G    0.0176  0.007215         0   0.02481         0       256    0.5208    0.9643    0.9213    0.4856   0.02667   0.01646         0
    32/219     1.37G   0.01835  0.007133         0   0.02549         0       256    0.5745    0.9643     0.927    0.5136   0.02743   0.01721         0
    33/219     1.37G   0.01865  0.006908         0   0.02556         0       256    0.5192    0.9643    0.9158     0.552   0.02575   0.01711         0
    34/219     1.37G   0.01607  0.006565         0   0.02264         0       256    0.4683    0.9643    0.9152     0.581   0.02678   0.01619         0
    35/219     1.37G   0.01647  0.006421         0    0.0229         0       256     0.428    0.9643    0.7961    0.4031   0.02712   0.01626         0
    36/219     1.37G   0.01744  0.006795         0   0.02423         0       256    0.5203    0.9643    0.8872    0.4741   0.02677   0.01771         0
    37/219     1.37G   0.01727  0.006698         0   0.02397         0       256    0.4225    0.9643    0.7913    0.3111   0.02929     0.018         0
    38/219     1.37G   0.01722  0.006838         0   0.02406         0       256    0.5571    0.9436    0.8714    0.4977   0.02623   0.01808         0
    39/219     1.37G   0.01526  0.006306         0   0.02157         0       256    0.4899    0.9286    0.8447    0.5825   0.02606   0.01761         0
    40/219     1.37G   0.01571  0.006386         0    0.0221         0       256    0.5836    0.9286     0.898    0.4831   0.02998   0.01929         0
    41/219     1.37G     0.023  0.006934         0   0.02993         0       256    0.5966    0.9286    0.8785    0.5683   0.02772   0.02009         0
    42/219     1.37G   0.01466  0.006381         0   0.02104         0       256    0.6226    0.9286    0.9051    0.5977   0.02537   0.01851         0
    43/219     1.37G     0.013  0.005866         0   0.01886         0       256    0.6907    0.9643    0.9469    0.5709   0.02535   0.01696         0
    44/219     1.37G   0.01661  0.006225         0   0.02283         0       256    0.5621    0.9643    0.9455    0.5977   0.02558   0.01711         0
    45/219     1.37G   0.01603  0.006081         0   0.02211         0       256     0.655    0.9643    0.9261    0.5692   0.02565   0.01878         0
    46/219     1.37G   0.01258  0.005771         0   0.01835         0       256    0.5436    0.9643    0.9295    0.6094   0.02467   0.01691         0
    47/219     1.37G    0.0139  0.005663         0   0.01956         0       256    0.5721    0.9643    0.9338    0.5884   0.02529   0.01685         0
    48/219     1.37G   0.01553  0.005938         0   0.02147         0       256    0.5259    0.9643    0.9181    0.6335   0.02659   0.01876         0
    49/219     1.37G   0.01513  0.005778         0   0.02091         0       256    0.5426    0.9643    0.8742    0.5076   0.02717   0.01861         0
    50/219     1.37G   0.01335  0.005678         0   0.01902         0       256    0.6676    0.9643    0.9285    0.5545   0.02491   0.01725         0
    51/219     1.37G   0.01244  0.005369         0   0.01781         0       256    0.5783    0.9643    0.9499    0.5482   0.02448   0.01662         0
    52/219     1.37G   0.01381  0.005609         0   0.01942         0       256    0.6539    0.9643    0.9453    0.5442   0.02594   0.01788         0
    53/219     1.37G   0.01337  0.005622         0   0.01899         0       256    0.6288    0.9643    0.9382    0.4777   0.02898   0.01877         0
    54/219     1.37G   0.01459  0.005867         0   0.02046         0       256    0.6987    0.9643    0.9421    0.5866   0.02481   0.01886         0
    55/219     1.37G   0.01231  0.005448         0   0.01775         0       256    0.5841    0.9643    0.9571    0.6219   0.02543   0.01696         0
    56/219     1.37G   0.01281  0.005536         0   0.01834         0       256    0.7173    0.9643     0.942    0.5601   0.02498   0.01788         0
    57/219     1.37G   0.01362  0.005711         0   0.01934         0       256    0.6578    0.9643    0.9249    0.5624   0.02445   0.01834         0
    58/219     1.37G   0.01038   0.00517         0   0.01555         0       256    0.6414    0.9643    0.9572    0.5703   0.02398   0.01667         0
    59/219     1.37G   0.01307  0.005428         0    0.0185         0       256    0.6211    0.9643    0.9543    0.5726   0.02575   0.01674         0
    60/219     1.37G   0.01591  0.005955         0   0.02186         0       256    0.6522    0.9643     0.953    0.6138   0.02494   0.01804         0
    61/219     1.37G    0.0123  0.005536         0   0.01784         0       256    0.7107    0.9643    0.9518    0.6266   0.02386   0.01853         0
    62/219     1.37G   0.01041  0.004952         0   0.01537         0       256    0.5704    0.9643    0.9578      0.69   0.02236   0.01582         0
    63/219     1.37G   0.01079   0.00486         0   0.01565         0       256    0.5771    0.9643    0.9632    0.6454   0.02268   0.01589         0
    64/219     1.37G   0.01126   0.00495         0   0.01621         0       256    0.5769    0.9643    0.9485    0.6068   0.02525   0.01695         0
    65/219     1.37G   0.01555  0.005535         0   0.02108         0       256    0.6105    0.9643    0.9418    0.6424   0.02572    0.0185         0
    66/219     1.37G   0.01159  0.004995         0   0.01658         0       256    0.6531    0.9643    0.9533    0.6744   0.02387   0.01795         0
    67/219     1.37G   0.01032  0.004829         0   0.01515         0       256    0.6223    0.9643    0.9573    0.6075   0.02625   0.01749         0
    68/219     1.37G   0.01584  0.005821         0   0.02166         0       256    0.5562    0.9643     0.904    0.5518   0.02593   0.01895         0
    69/219     1.37G   0.01496  0.005748         0   0.02071         0       256     0.612    0.9643     0.938    0.6273   0.02564   0.01988         0
    70/219     1.37G  0.009983  0.004992         0   0.01497         0       256    0.6616    0.9643    0.9407    0.6422   0.02395   0.01895         0
    71/219     1.37G  0.009437   0.00441         0   0.01385         0       256     0.572    0.9643    0.9381    0.6538   0.02456   0.01801         0
    72/219     1.37G   0.01194  0.004689         0   0.01663         0       256    0.6224    0.9643    0.9462    0.6497   0.02486   0.01838         0
    73/219     1.37G   0.01131   0.00479         0    0.0161         0       256    0.7339    0.9643    0.9465    0.6139   0.02603   0.01952         0
    74/219     1.37G  0.009679  0.004565         0   0.01424         0       256    0.7133    0.9643    0.9349    0.6058   0.02515   0.01904         0
    75/219     1.37G   0.01025  0.004658         0    0.0149         0       256    0.6359    0.9643    0.9407    0.6021   0.02472   0.01871         0
    76/219     1.37G    0.0113  0.004755         0   0.01605         0       256    0.6901    0.9643    0.9427     0.581   0.02402   0.01872         0
    77/219     1.37G  0.009184  0.004353         0   0.01354         0       256    0.7008    0.9643    0.9519    0.6143   0.02494   0.01871         0
    78/219     1.37G   0.01035  0.004539         0   0.01489         0       256    0.6514    0.9643    0.9574    0.6321   0.02323   0.01769         0
    79/219     1.37G  0.009295  0.004302         0    0.0136         0       256    0.6809    0.9643    0.9571    0.6469   0.02288   0.01752         0
    80/219     1.37G  0.009276  0.004378         0   0.01365         0       256    0.6543    0.9643    0.9577    0.6519   0.02301   0.01794         0
    81/219     1.37G  0.009401  0.004386         0   0.01379         0       256    0.6857    0.9643    0.9581    0.6549   0.02497   0.01835         0
    82/219     1.37G   0.01083  0.004725         0   0.01555         0       256    0.6776    0.9643    0.9561    0.6706   0.02282   0.01817         0
    83/219     1.37G  0.009382  0.004563         0   0.01395         0       256    0.6616    0.9643    0.9066      0.49   0.02502   0.01867         0
    84/219     1.37G   0.01446  0.005467         0   0.01993         0       256     0.585    0.9643    0.8966    0.5206   0.02507   0.01977         0
    85/219     1.37G    0.0139  0.005258         0   0.01916         0       256     0.676    0.9643    0.8928    0.5069   0.02541   0.02062         0
    86/219     1.37G   0.01144  0.004917         0   0.01636         0       256    0.6603    0.9643    0.8924    0.5683   0.02457    0.0199         0
    87/219     1.37G  0.009113  0.004432         0   0.01355         0       256    0.6663    0.9643    0.9099    0.5874   0.02424   0.01919         0
    88/219     1.37G  0.008733  0.004147         0   0.01288         0       256    0.6263    0.9643    0.9362    0.6437   0.02513   0.01895         0
    89/219     1.37G   0.01064  0.004262         0   0.01491         0       256    0.6379    0.9286    0.9309    0.6002   0.02633   0.01966         0
    90/219     1.37G   0.00977  0.004177         0   0.01395         0       256    0.6515    0.9643    0.9468    0.6504   0.02545   0.01923         0
    91/219     1.37G  0.007992   0.00391         0    0.0119         0       256    0.6404    0.9286    0.9373    0.6155   0.02604   0.01948         0
    92/219     1.37G  0.008484  0.004103         0   0.01259         0       256    0.6723    0.9525    0.9375    0.6167   0.02555   0.01967         0
    93/219     1.37G  0.008582  0.003966         0   0.01255         0       256    0.6536    0.9643    0.9083    0.5919   0.02555    0.0201         0
    94/219     1.37G   0.00756  0.003797         0   0.01136         0       256    0.6612    0.9643    0.9147    0.6149   0.02466   0.01911         0
    95/219     1.37G  0.009292  0.004187         0   0.01348         0       256    0.6594    0.9643    0.9401    0.5895   0.02452   0.01868         0
    96/219     1.37G   0.00876  0.004058         0   0.01282         0       256    0.6667    0.9643    0.9329    0.6314   0.02487   0.01914         0
    97/219     1.37G  0.009148  0.004017         0   0.01317         0       256    0.6845    0.9643    0.9245    0.6488   0.02516   0.01965         0
    98/219     1.37G  0.009484  0.004195         0   0.01368         0       256    0.7334    0.9643    0.9374    0.6311    0.0244   0.01927         0
    99/219     1.37G  0.007649  0.003783         0   0.01143         0       256    0.7103    0.9643    0.9445    0.6323   0.02446   0.01918         0
   100/219     1.37G  0.008831  0.004013         0   0.01284         0       256    0.6903    0.9643    0.9481    0.6485   0.02504   0.01884         0
   101/219     1.37G  0.009521  0.004033         0   0.01355         0       256     0.655    0.9643    0.9488     0.625   0.02528    0.0188         0
   102/219     1.37G  0.008004    0.0039         0    0.0119         0       256    0.6784    0.9643    0.9558    0.6542   0.02442   0.01828         0
   103/219     1.37G   0.00653  0.003554         0   0.01008         0       256    0.7022    0.9643    0.9532    0.6479   0.02419   0.01823         0
   104/219     1.37G  0.008323  0.003913         0   0.01224         0       256    0.7419    0.9643    0.9484    0.6622   0.02411   0.01842         0
   105/219     1.37G  0.009593  0.004051         0   0.01364         0       256    0.6466    0.9643    0.9431    0.6185   0.02422   0.01921         0
   106/219     1.37G  0.007005  0.003614         0   0.01062         0       256    0.6602    0.9643    0.9474     0.641   0.02297   0.01896         0
   107/219     1.37G  0.007889  0.003821         0   0.01171         0       256     0.652    0.9643     0.946    0.6412   0.02291    0.0189         0
   108/219     1.37G  0.009165  0.004083         0   0.01325         0       256    0.6944    0.9643    0.9474    0.6375    0.0236   0.01888         0
   109/219     1.37G  0.008245  0.003818         0   0.01206         0       256    0.7112    0.9643    0.9443    0.6408   0.02371    0.0192         0
   110/219     1.37G  0.007117  0.003644         0   0.01076         0       256    0.7331    0.9643    0.9522    0.6502   0.02355   0.01859         0
   111/219     1.37G  0.008156  0.003838         0   0.01199         0       256    0.6789    0.9643    0.9352    0.6127   0.02441    0.0186         0
   112/219     1.37G  0.009275  0.004074         0   0.01335         0       256    0.7105    0.9643    0.9417    0.6432   0.02437   0.01917         0
   113/219     1.37G  0.007256  0.003639         0   0.01089         0       256    0.6998    0.9643    0.9378    0.6204   0.02459    0.0195         0
   114/219     1.37G  0.007419  0.003738         0   0.01116         0       256    0.7003    0.9643    0.9373    0.6365   0.02363   0.01851         0
   115/219     1.37G  0.006476  0.003421         0  0.009897         0       256    0.6846    0.9643    0.9265    0.6245   0.02333    0.0186         0
   116/219     1.37G  0.006676  0.003507         0   0.01018         0       256    0.6561    0.9643    0.9122    0.6151   0.02354   0.01871         0
   117/219     1.37G  0.007914  0.003699         0   0.01161         0       256    0.6758    0.9643    0.9047    0.6142   0.02413   0.01905         0
   118/219     1.37G  0.007311  0.003459         0   0.01077         0       256    0.6754    0.9643     0.911    0.6343    0.0239   0.01881         0
   119/219     1.37G  0.007002  0.003496         0    0.0105         0       256    0.6952    0.9643      0.92    0.6243   0.02368   0.01886         0
   120/219     1.37G  0.006363   0.00334         0  0.009703         0       256    0.6868    0.9643    0.9339    0.6379   0.02429   0.01877         0
   121/219     1.37G  0.007257  0.003543         0    0.0108         0       256    0.7056    0.9417    0.9323    0.6139   0.02436   0.01898         0
   122/219     1.37G  0.006547  0.003378         0  0.009924         0       256    0.6184    0.9643     0.932    0.6454   0.02368   0.01873         0
   123/219     1.37G  0.005845  0.003235         0   0.00908         0       256    0.6429    0.9643    0.9306    0.6222   0.02417   0.01891         0
   124/219     1.37G  0.007277  0.003596         0   0.01087         0       256     0.607    0.9643    0.9241    0.6066   0.02401   0.01937         0
   125/219     1.37G  0.006633  0.003313         0  0.009947         0       256    0.6426    0.9643    0.9275    0.5924   0.02389   0.01961         0
   126/219     1.37G  0.006946  0.003312         0   0.01026         0       256    0.6586    0.9643    0.9365    0.6099   0.02342   0.01893         0
   127/219     1.37G  0.006342  0.003252         0  0.009593         0       256    0.6793    0.9643    0.9381    0.6444    0.0235   0.01901         0
   128/219     1.37G  0.007965  0.003763         0   0.01173         0       256    0.6709    0.9643    0.9448     0.605   0.02433   0.01917         0
   129/219     1.37G  0.006679  0.003402         0   0.01008         0       256    0.6924    0.9643    0.9331    0.6342   0.02445   0.01947         0
   130/219     1.37G   0.00737  0.003576         0   0.01095         0       256    0.7248    0.9643    0.9519    0.6516   0.02359   0.01858         0
   131/219     1.37G  0.006017  0.003261         0  0.009279         0       256    0.6841    0.9643    0.9502    0.6439   0.02323   0.01841         0
   132/219     1.37G  0.006184  0.003341         0  0.009525         0       256    0.6702    0.9643      0.93    0.6113   0.02362   0.01813         0
   133/219     1.37G  0.007044  0.003307         0   0.01035         0       256    0.7138    0.9643    0.9387    0.6483   0.02352   0.01818         0
   134/219     1.37G  0.005506  0.003071         0  0.008577         0       256    0.6903    0.9643    0.9447    0.6504   0.02318   0.01789         0
   135/219     1.37G  0.006147  0.003252         0  0.009399         0       256    0.6941    0.9643     0.946    0.6674   0.02318   0.01833         0
   136/219     1.37G  0.006568  0.003445         0   0.01001         0       256     0.698    0.9643    0.9466    0.6475    0.0235   0.01855         0
   137/219     1.37G  0.005614  0.003037         0  0.008651         0       256    0.6925    0.9643    0.9399    0.6386    0.0238   0.01919         0
   138/219     1.37G  0.004734  0.002786         0   0.00752         0       256    0.6728    0.9643      0.94    0.6311   0.02364    0.0186         0
   139/219     1.37G  0.005981  0.003133         0  0.009114         0       256    0.6813    0.9643     0.935    0.6346   0.02337   0.01904         0
   140/219     1.37G  0.005909  0.003076         0  0.008985         0       256    0.6959    0.9643    0.9393    0.6271   0.02384   0.01956         0
   141/219     1.37G  0.005534  0.002935         0  0.008468         0       256    0.7323    0.9643    0.9396    0.6176   0.02427   0.01995         0
   142/219     1.37G  0.005246    0.0029         0  0.008146         0       256    0.7215    0.9643      0.94    0.6272   0.02367   0.01942         0
   143/219     1.37G  0.004918  0.002791         0  0.007709         0       256    0.6943    0.9643    0.9306    0.6228   0.02374   0.01966         0
   144/219     1.37G  0.006832  0.003239         0   0.01007         0       256    0.6843    0.9643    0.9367    0.6159   0.02392   0.01952         0
   145/219     1.37G  0.005355  0.002825         0   0.00818         0       256    0.7165    0.9643    0.9383    0.6327   0.02373   0.01941         0
   146/219     1.37G  0.004588  0.002627         0  0.007216         0       256    0.6677    0.9643    0.9409    0.6374   0.02321   0.01862         0
   147/219     1.37G  0.005598  0.003005         0  0.008603         0       256    0.6983    0.9643    0.9429    0.6375   0.02326   0.01865         0
   148/219     1.37G   0.00501  0.002884         0  0.007895         0       256    0.6809    0.9643    0.9429    0.6359   0.02363   0.01858         0
   149/219     1.37G  0.004747  0.002691         0  0.007438         0       256    0.6826    0.9643    0.9384    0.6223   0.02366   0.01884         0
   150/219     1.37G  0.005482  0.002874         0  0.008356         0       256     0.681    0.9643    0.9413    0.6227   0.02327   0.01853         0
   151/219     1.37G  0.005372  0.002936         0  0.008308         0       256    0.6907    0.9643    0.9417    0.6584   0.02346   0.01893         0
   152/219     1.37G  0.004794  0.002768         0  0.007562         0       256     0.699    0.9643    0.9431    0.6607   0.02391   0.01908         0
   153/219     1.37G  0.005595  0.002956         0  0.008551         0       256    0.7048    0.9643     0.937    0.6413   0.02428   0.01942         0
   154/219     1.37G  0.004631   0.00266         0  0.007291         0       256    0.7034    0.9643    0.9294    0.6454   0.02371   0.01879         0
   155/219     1.37G  0.004216  0.002583         0  0.006798         0       256     0.746    0.9643    0.9315    0.6382   0.02368   0.01906         0
   156/219     1.37G  0.005503  0.003042         0  0.008545         0       256    0.7187    0.9643    0.9316    0.6377   0.02375   0.01918         0
   157/219     1.37G  0.006122  0.003142         0  0.009263         0       256    0.7001    0.9643    0.9245    0.6213    0.0239   0.01968         0
   158/219     1.37G  0.005086  0.002823         0  0.007909         0       256    0.6995    0.9643    0.9266    0.6219   0.02352   0.01914         0
   159/219     1.37G  0.003977   0.00251         0  0.006487         0       256    0.7421    0.9643    0.9266    0.6135   0.02372   0.01907         0
   160/219     1.37G   0.00425   0.00262         0   0.00687         0       256    0.6907    0.9643    0.9521    0.6563   0.02413    0.0188         0
   161/219     1.37G  0.005148  0.002738         0  0.007886         0       256    0.7259    0.9643    0.9517    0.6497    0.0241   0.01887         0
   162/219     1.37G  0.004601  0.002568         0  0.007169         0       256    0.7105    0.9643     0.953    0.6514    0.0234   0.01836         0
   163/219     1.37G   0.00427  0.002524         0  0.006795         0       256    0.7297    0.9643    0.9373    0.6449   0.02351   0.01858         0
   164/219     1.37G  0.004376   0.00265         0  0.007026         0       256    0.6904    0.9643    0.9377    0.6265   0.02363   0.01876         0
   165/219     1.37G  0.004808   0.00269         0  0.007498         0       256    0.7289    0.9643    0.9319    0.6326   0.02381   0.01912         0
   166/219     1.37G  0.004333  0.002574         0  0.006907         0       256    0.7053    0.9643    0.9506    0.6479   0.02338   0.01871         0
   167/219     1.37G  0.003899  0.002443         0  0.006342         0       256    0.7091    0.9643    0.9339     0.639    0.0233    0.0189         0
   168/219     1.37G  0.004491  0.002676         0  0.007167         0       256    0.6781    0.9643     0.935    0.6423   0.02329   0.01886         0
   169/219     1.37G  0.003968  0.002485         0  0.006453         0       256    0.7042    0.9643     0.931    0.6455   0.02378    0.0192         0
   170/219     1.37G  0.004313  0.002531         0  0.006844         0       256    0.6763    0.9643    0.9283    0.6361   0.02312   0.01888         0
   171/219     1.37G  0.003587  0.002331         0  0.005917         0       256    0.6927    0.9643     0.934    0.6384   0.02332   0.01909         0
   172/219     1.37G  0.004433   0.00258         0  0.007013         0       256    0.6948    0.9643     0.937    0.6307   0.02359   0.01944         0
   173/219     1.37G  0.004334  0.002459         0  0.006792         0       256    0.7128    0.9643    0.9339    0.6332   0.02406   0.01961         0
   174/219     1.37G  0.004059   0.00238         0  0.006439         0       256    0.6935    0.9643    0.9398    0.6548   0.02352   0.01915         0
   175/219     1.37G  0.003424   0.00226         0  0.005685         0       256    0.7131    0.9643     0.941    0.6421   0.02362   0.01922         0
   176/219     1.37G  0.004335  0.002568         0  0.006903         0       256    0.7113    0.9643    0.9431    0.6457   0.02372    0.0191         0
   177/219     1.37G  0.003688  0.002362         0   0.00605         0       256     0.696    0.9643     0.942    0.6285   0.02386   0.01936         0
   178/219     1.37G  0.003321  0.002233         0  0.005554         0       256    0.6728    0.9643    0.9381    0.6304   0.02324   0.01889         0
   179/219     1.37G  0.003369  0.002264         0  0.005633         0       256    0.6544    0.9643    0.9381     0.637   0.02342   0.01906         0
   180/219     1.37G  0.004336  0.002575         0  0.006912         0       256    0.6736    0.9643    0.9316    0.6284    0.0236   0.01913         0
   181/219     1.37G  0.003834  0.002282         0  0.006116         0       256    0.6875    0.9643     0.932    0.6285   0.02373    0.0192         0
   182/219     1.37G  0.003896  0.002357         0  0.006253         0       256    0.7028    0.9643    0.9293    0.6375   0.02321   0.01874         0
   183/219     1.37G   0.00317  0.002171         0  0.005341         0       256    0.6879    0.9643     0.936     0.632   0.02331   0.01893         0
   184/219     1.37G  0.003202  0.002147         0   0.00535         0       256    0.7082    0.9643      0.94    0.6364   0.02362    0.0191         0
   185/219     1.37G  0.004044  0.002362         0  0.006406         0       256    0.6815    0.9643    0.9405     0.649   0.02357   0.01928         0
   186/219     1.37G  0.003508  0.002174         0  0.005682         0       256    0.6723    0.9643     0.942    0.6329   0.02349   0.01882         0
   187/219     1.37G  0.003307  0.002205         0  0.005512         0       256     0.691    0.9643    0.9429    0.6537   0.02365     0.019         0
   188/219     1.37G  0.004127    0.0025         0  0.006627         0       256     0.701    0.9643    0.9405    0.6581   0.02357   0.01923         0
   189/219     1.37G  0.003273  0.002145         0  0.005418         0       256    0.7324    0.9643    0.9398    0.6423   0.02378   0.01943         0
   190/219     1.37G  0.003205   0.00208         0  0.005284         0       256    0.6597    0.9643    0.9348    0.6374    0.0234   0.01898         0
   191/219     1.37G  0.003069   0.00205         0  0.005118         0       256     0.703    0.9643    0.9365    0.6376   0.02338   0.01917         0
   192/219     1.37G  0.003171  0.002092         0  0.005264         0       256    0.7124    0.9643    0.9389    0.6298   0.02375   0.01928         0
   193/219     1.37G  0.003719  0.002181         0    0.0059         0       256    0.6764    0.9643    0.9377    0.6357    0.0235   0.01944         0
   194/219     1.37G  0.002933  0.002016         0  0.004949         0       256    0.6766    0.9643     0.937    0.6427   0.02325   0.01891         0
   195/219     1.37G  0.002624  0.001884         0  0.004509         0       256    0.7121    0.9643    0.9385    0.6453   0.02334   0.01922         0
   196/219     1.37G  0.003287  0.002162         0   0.00545         0       256    0.6956    0.9643    0.9385    0.6355   0.02365   0.01937         0
   197/219     1.37G  0.003509  0.002216         0  0.005725         0       256    0.6971    0.9643    0.9385    0.6471   0.02379   0.01968         0
   198/219     1.37G  0.003021   0.00199         0  0.005011         0       256    0.6795    0.9643    0.9377     0.641   0.02346   0.01929         0
   199/219     1.37G  0.002766  0.001933         0  0.004699         0       256    0.6938    0.9643    0.9396    0.6339   0.02345    0.0194         0
   200/219     1.37G  0.003098   0.00203         0  0.005128         0       256    0.6934    0.9643    0.9389    0.6252   0.02384   0.01947         0
   201/219     1.37G  0.004757  0.002446         0  0.007203         0       256    0.7041    0.9643    0.9405    0.6307   0.02393   0.01966         0
   202/219     1.37G  0.003449  0.002166         0  0.005614         0       256    0.6967    0.9643    0.9405    0.6453   0.02357   0.01924         0
   203/219     1.37G  0.002524  0.001854         0  0.004377         0       256    0.6923    0.9643    0.9424    0.6459    0.0237   0.01941         0
   204/219     1.37G   0.00266  0.001956         0  0.004615         0       256    0.7141    0.9643    0.9424    0.6513   0.02377   0.01938         0
   205/219     1.37G  0.003295  0.002175         0  0.005469         0       256    0.7339    0.9643     0.942    0.6352   0.02385    0.0195         0
   206/219     1.37G  0.003166  0.002067         0  0.005233         0       256    0.6931    0.9643    0.9405    0.6435   0.02331   0.01905         0
   207/219     1.37G  0.002825  0.001952         0  0.004776         0       256    0.6665    0.9643    0.9427    0.6474   0.02331   0.01918         0
   208/219     1.37G  0.003317  0.002201         0  0.005518         0       256    0.6659    0.9643    0.9427     0.652   0.02343   0.01926         0
   209/219     1.37G  0.003196  0.002099         0  0.005295         0       256    0.6907    0.9643    0.9405    0.6443   0.02352   0.01938         0
   210/219     1.37G  0.003043  0.002051         0  0.005094         0       256    0.6952    0.9643      0.94    0.6518   0.02335   0.01902         0
   211/219     1.37G  0.002875  0.001942         0  0.004817         0       256    0.6921    0.9643    0.9404    0.6445   0.02337   0.01917         0
   212/219     1.37G  0.003491  0.002211         0  0.005702         0       256    0.6968    0.9643    0.9404    0.6315   0.02357   0.01928         0
   213/219     1.37G  0.003739   0.00218         0  0.005919         0       256    0.6991    0.9643    0.9393    0.6374   0.02379   0.01939         0
   214/219     1.37G  0.003025  0.001964         0   0.00499         0       256    0.6954    0.9643    0.9408    0.6419   0.02333   0.01895         0
   215/219     1.37G  0.002725  0.001871         0  0.004596         0       256      0.67    0.9643    0.9405    0.6514   0.02334   0.01903         0
   216/219     1.37G  0.003183  0.002117         0  0.005301         0       256    0.6983    0.9643     0.945    0.6503   0.02356   0.01907         0
   217/219     1.37G  0.003575  0.002187         0  0.005763         0       256    0.7158    0.9643    0.9429    0.6451   0.02357   0.01914         0
   218/219     1.37G    0.0029  0.001927         0  0.004827         0       256    0.6811    0.9643    0.9429    0.6642   0.02343   0.01885         0
   219/219     1.37G  0.003141  0.002044         0  0.005185         0       256    0.6829    0.9643    0.9441    0.6393   0.02347   0.01914         0
