     0/299     2.47G   0.09426   0.03556         0    0.1298         1       256         0         0 0.0007277 0.0002338   0.09307   0.03718         0
     1/299     2.47G   0.09182   0.03686         0    0.1287         1       256         0         0  0.003008 0.0003801   0.08541   0.03816         0
     2/299     2.47G   0.07345   0.03505         0    0.1085         3       256         0         0   0.02906  0.007545    0.0744   0.04031         0
     3/299     2.47G   0.06971   0.04036         0    0.1101         1       256         0         0   0.07965   0.01652   0.06205   0.03938         0
     4/299     2.47G   0.05608   0.03198         0   0.08806         1       256    0.3813    0.8214    0.6367    0.2079   0.06164   0.02988         0
     5/299     2.47G    0.0604   0.02622         0   0.08662         0       256    0.5144    0.7857    0.6843    0.3154   0.05333   0.02853         0
     6/299     2.47G   0.05705   0.02767         0   0.08472         1       256     0.262    0.8929    0.6873    0.3327   0.05208   0.02504         0
     7/299     2.47G   0.05865   0.02171         0   0.08037         0       256    0.2274    0.8929     0.454    0.1875   0.05996   0.02181         0
     8/299     2.47G   0.05876   0.01903         0   0.07779         1       256    0.1302    0.9286    0.4191    0.1467   0.06371   0.01866         0
     9/299     2.47G   0.05833   0.02046         0   0.07878         2       256    0.1822    0.8929    0.4818     0.239   0.05136   0.02097         0
    10/299     2.47G   0.05738    0.0179         0   0.07528         1       256    0.1662    0.9286    0.3897    0.1048   0.05949   0.01852         0
    11/299     2.47G   0.05476   0.01753         0   0.07229         1       256    0.1422    0.9643    0.6013    0.2109   0.05318   0.01799         0
    12/299     2.47G   0.05701   0.01874         0   0.07575         1       256    0.2332    0.9643    0.5939    0.2656    0.0474   0.01998         0
    13/299     2.47G   0.05008   0.01697         0   0.06704         1       256    0.1655    0.7857    0.4334   0.07714   0.05914    0.0212         0
    14/299     2.47G    0.0595   0.01996         0   0.07946         3       256   0.09471         1    0.5504    0.2208   0.05085   0.02102         0
    15/299     2.47G   0.05237   0.01746         0   0.06982         1       256    0.1829    0.9643    0.7539    0.3281   0.04771   0.01878         0
    16/299     2.47G   0.05736   0.02375         0   0.08111         2       256    0.3297    0.3929    0.2425    0.0568   0.05174   0.03875         0
    17/299     2.47G   0.05419   0.02918         0   0.08336         2       256    0.1409    0.9643    0.6061    0.1786   0.04857   0.02419         0
    18/299     2.47G   0.04992   0.02096         0   0.07087         0       256    0.1427    0.9643     0.413   0.09401   0.05152   0.01844         0
    19/299     2.47G   0.05155   0.01733         0   0.06888         2       256    0.1437    0.9643    0.7391    0.1491   0.05412   0.01715         0
    20/299     2.47G   0.05662   0.01598         0   0.07261         2       256    0.1504    0.9643    0.5271    0.1279   0.05557   0.01633         0
    21/299     2.47G   0.04663   0.01828         0   0.06492         3       256    0.1512    0.9643    0.9031    0.5359   0.04476   0.01996         0
    22/299     2.47G   0.04176   0.01835         0   0.06011         0       256    0.2799    0.9643    0.9143    0.4872   0.03938   0.01762         0
    23/299     2.47G   0.04553   0.01575         0   0.06128         3       256    0.2221    0.9643    0.8052    0.2969   0.05198   0.01597         0
    24/299     2.47G   0.04648   0.01616         0   0.06265         2       256    0.2585    0.9643    0.8947     0.496   0.03944   0.01701         0
    25/299     2.47G   0.04215   0.01663         0   0.05877         2       256    0.2357    0.9643    0.7818    0.2445   0.04086   0.01633         0
    26/299     2.47G   0.04562   0.01708         0    0.0627         1       256    0.3066    0.9643    0.8937    0.4752   0.04204   0.01686         0
    27/299     2.47G   0.04439   0.01694         0   0.06133         2       256      0.22    0.9643    0.7399    0.3174   0.04729   0.01827         0
    28/299     2.47G    0.0452   0.01907         0   0.06428         2       256    0.2398    0.9643    0.8668    0.5109   0.03701   0.01823         0
    29/299     2.47G   0.04308    0.0156         0   0.05868         2       256    0.4145    0.9643    0.9471    0.5172   0.03528   0.01732         0
    30/299     2.47G    0.0364   0.01592         0   0.05232         1       256    0.3196    0.9643    0.9383    0.4506   0.03873   0.01668         0
    31/299     2.47G   0.04146   0.01751         0   0.05897         2       256    0.4189    0.9643    0.9139    0.4453   0.03845   0.01777         0
    32/299     2.47G   0.03591   0.01573         0   0.05164         2       256    0.2823    0.9643    0.9304    0.5507   0.03286   0.01751         0
    33/299     2.47G   0.03515   0.01476         0    0.0499         3       256    0.4189    0.9643    0.9192    0.5654   0.03178   0.01685         0
    34/299     2.47G   0.03973   0.01775         0   0.05748         1       256    0.4616    0.9286     0.917    0.5534   0.03242   0.01799         0
    35/299     2.47G   0.03518   0.01476         0   0.04994         1       256     0.351    0.9643    0.9343     0.519   0.03681   0.01675         0
    36/299     2.47G   0.04263   0.01732         0   0.05995         1       256    0.4826    0.9643    0.8689    0.4165   0.03534   0.01742         0
    37/299     2.47G   0.03397    0.0162         0   0.05017         1       256    0.5291    0.9643    0.9274    0.5869   0.03136   0.01667         0
    38/299     2.47G   0.03714   0.01536         0   0.05251         0       256    0.6829    0.9643    0.9344    0.5991   0.03173   0.01738         0
    39/299     2.47G   0.03606   0.01664         0    0.0527         0       256    0.4599    0.9643    0.9432    0.4626   0.03483   0.01771         0
    40/299     2.47G   0.03664   0.01547         0   0.05211         2       256    0.4342    0.9643    0.9533    0.5545    0.0343   0.01749         0
    41/299     2.47G   0.03375   0.01507         0   0.04882         2       256    0.4565    0.9643    0.9517    0.5216   0.03392   0.01641         0
    42/299     2.47G   0.03099   0.01584         0   0.04683         1       256    0.5525    0.9643     0.965    0.6558    0.0306   0.01485         0
    43/299     2.47G   0.02944   0.01445         0   0.04389         2       256    0.5178    0.9286    0.9071    0.6143   0.03285   0.01636         0
    44/299     2.47G   0.03559   0.01462         0   0.05021         1       256    0.6336    0.9286    0.9164    0.4921   0.03353   0.01953         0
    45/299     2.47G     0.036   0.01488         0   0.05088         1       256    0.4494    0.9643    0.9261    0.4965   0.03305   0.01701         0
    46/299     2.47G   0.03119   0.01578         0   0.04697         1       256    0.4963    0.9643    0.9348    0.5562   0.03042   0.01635         0
    47/299     2.47G   0.03929   0.01502         0   0.05431         2       256    0.3422    0.9286    0.8666    0.2924   0.04886   0.01718         0
    48/299     2.47G   0.04652   0.01681         0   0.06333         3       256    0.5547    0.9286    0.9155    0.5137    0.0349   0.01816         0
    49/299     2.47G   0.03157     0.017         0   0.04857         2       256    0.6545    0.9472    0.9502    0.5274    0.0334   0.01746         0
    50/299     2.47G   0.02972   0.01415         0   0.04387         0       256    0.5692    0.9286     0.898     0.526   0.03213   0.01754         0
    51/299     2.47G   0.02771   0.01378         0   0.04149         1       256     0.603    0.9286    0.9454    0.5941   0.03127   0.01661         0
    52/299     2.47G   0.03189   0.01374         0   0.04562         1       256    0.6229    0.9286    0.8978    0.5458    0.0324   0.01848         0
    53/299     2.47G   0.03061   0.01377         0   0.04438         3       256    0.5392    0.8929    0.8944    0.5001   0.03246   0.01948         0
    54/299     2.47G   0.02981   0.01312         0   0.04292         0       256    0.6886    0.9286    0.9079    0.4593   0.03206   0.01752         0
    55/299     2.47G    0.0317   0.01501         0   0.04671         0       256    0.6909    0.9286    0.9205    0.5209   0.03215   0.01765         0
    56/299     2.47G   0.03506   0.01422         0   0.04928         3       256    0.6599    0.9286    0.9385     0.459   0.03463   0.01667         0
    57/299     2.47G   0.03307    0.0132         0   0.04627         2       256    0.8306    0.9643    0.9575    0.5665   0.03044   0.01538         0
    58/299     2.47G   0.02894   0.01208         0   0.04102         1       256    0.8093    0.9643     0.948    0.4977   0.03349   0.01514         0
    59/299     2.47G   0.02926   0.01322         0   0.04249         2       256    0.7842    0.9286    0.9326    0.5303   0.03304   0.01658         0
    60/299     2.47G   0.03083   0.01351         0   0.04434         2       256    0.6468    0.9643    0.9209    0.5753   0.03194   0.01467         0
    61/299     2.47G   0.02834   0.01514         0   0.04348         2       256    0.4729    0.9643    0.9234    0.5602   0.02929   0.01592         0
    62/299     2.47G   0.02832   0.01546         0   0.04379         0       256    0.4131    0.9643    0.9023    0.5456   0.02711   0.01857         0
    63/299     2.47G   0.03131   0.01441         0   0.04572         0       256    0.4534    0.9643     0.904    0.4472   0.03508   0.01847         0
    64/299     2.47G   0.03671   0.01643         0   0.05314         2       256    0.5771    0.9643    0.9532    0.5795   0.02878   0.01647         0
    65/299     2.47G   0.02983   0.01633         0   0.04616         3       256    0.5712    0.9643    0.9622    0.5832   0.02909     0.016         0
    66/299     2.47G   0.02722   0.01442         0   0.04164         1       256    0.6044    0.9643    0.9588    0.6028   0.02867   0.01505         0
    67/299     2.47G   0.02607   0.01385         0   0.03991         2       256    0.7019    0.9643    0.9601    0.5717   0.02916   0.01484         0
    68/299     2.47G   0.03118   0.01602         0    0.0472         1       256    0.7079    0.9643    0.9504    0.5458   0.02807   0.01531         0
    69/299     2.47G   0.02955   0.01311         0   0.04265         2       256    0.6821    0.9643    0.9532    0.5507   0.02905   0.01553         0
    70/299     2.47G   0.02812   0.01505         0   0.04317         4       256    0.7163    0.9643    0.9598    0.5815   0.02866   0.01454         0
    71/299     2.47G   0.02776   0.01241         0   0.04018         0       256    0.5095    0.9643    0.9587    0.5773   0.03055    0.0151         0
    72/299     2.47G   0.02988   0.01276         0   0.04264         3       256    0.7224    0.9643    0.9546    0.6569   0.02601   0.01439         0
    73/299     2.47G    0.0271    0.0141         0    0.0412         4       256    0.5839    0.9643    0.9538    0.6013   0.02819   0.01517         0
    74/299     2.47G   0.02487   0.01287         0   0.03773         0       256    0.6691    0.9286    0.9324    0.5421   0.03088   0.01691         0
    75/299     2.47G   0.02423   0.01212         0   0.03635         0       256    0.6445    0.9067    0.9209    0.5642   0.03081   0.01734         0
    76/299     2.47G   0.02885   0.01241         0   0.04126         2       256    0.7123    0.8571    0.9125    0.6038   0.02628   0.01766         0
    77/299     2.47G   0.02698   0.01243         0   0.03941         0       256    0.7828    0.9014    0.9307    0.6445   0.02468     0.017         0
    78/299     2.47G   0.02694   0.01528         0   0.04222         1       256    0.7938    0.9286    0.9183    0.4942    0.0307   0.01922         0
    79/299     2.47G   0.02681   0.01495         0   0.04177         0       256    0.6756    0.9643     0.952    0.5967   0.02764   0.01569         0
    80/299     2.47G   0.03036   0.01392         0   0.04428         2       256    0.6757    0.9643    0.9474    0.4891    0.0311   0.01618         0
    81/299     2.47G   0.02867   0.01395         0   0.04262         0       256    0.8094    0.9643    0.9495    0.6172   0.02816   0.01601         0
    82/299     2.47G    0.0282   0.01277         0   0.04097         1       256    0.7373    0.8571    0.8897    0.5863   0.02709   0.01842         0
    83/299     2.47G   0.02508   0.01262         0    0.0377         1       256    0.7053    0.9643    0.9499    0.6117   0.02873   0.01602         0
    84/299     2.47G   0.02931   0.01373         0   0.04304         1       256    0.6535    0.9643     0.953    0.5826   0.02711   0.01502         0
    85/299     2.47G   0.02459   0.01324         0   0.03784         2       256    0.7087    0.9643    0.9537    0.5693   0.02609    0.0153         0
    86/299     2.47G   0.02688   0.01191         0   0.03879         2       256      0.77    0.9643    0.9509    0.5445   0.02787   0.01563         0
    87/299     2.47G   0.02464   0.01373         0   0.03837         1       256    0.6976    0.9286    0.9494    0.6386   0.02494   0.01458         0
    88/299     2.47G   0.02757   0.01186         0   0.03943         2       256    0.7189    0.9286    0.9453    0.5538   0.02826   0.01573         0
    89/299     2.47G   0.02595   0.01255         0    0.0385         0       256    0.6986    0.9643    0.9596    0.6138   0.02749   0.01517         0
    90/299     2.47G   0.02456    0.0116         0   0.03616         0       256    0.8436    0.9643    0.9574    0.6254   0.02771   0.01598         0
    91/299     2.47G   0.02333   0.01197         0   0.03531         4       256    0.8662    0.9643    0.9622     0.603   0.02904   0.01452         0
    92/299     2.47G   0.02558   0.01425         0   0.03983         3       256    0.8495    0.9643     0.961     0.627   0.02803   0.01504         0
    93/299     2.47G   0.02662   0.01353         0   0.04015         4       256    0.7843    0.9643    0.9622    0.5992   0.03147   0.01511         0
    94/299     2.47G   0.02189   0.01004         0   0.03194         1       256    0.7299    0.9643     0.965    0.6189    0.0286   0.01503         0
    95/299     2.47G    0.0224   0.01287         0   0.03527         4       256    0.7202    0.9643    0.9622     0.563   0.02846   0.01566         0
    96/299     2.47G   0.02247   0.01024         0   0.03271         1       256    0.6852    0.9643    0.9586    0.5866   0.02784   0.01483         0
    97/299     2.47G   0.02311  0.009722         0   0.03283         3       256    0.7335    0.9643    0.9602    0.5532   0.02845   0.01455         0
    98/299     2.47G   0.02382   0.01145         0   0.03528         1       256    0.6654    0.9643    0.9611    0.6099   0.02564   0.01403         0
    99/299     2.47G   0.02251   0.01226         0   0.03477         0       256    0.6614    0.9643    0.9586    0.5791   0.02715   0.01471         0
   100/299     2.47G   0.02141   0.01136         0   0.03276         1       256    0.7026    0.9643    0.9602    0.5683   0.02726   0.01497         0
   101/299     2.47G   0.02261    0.0112         0   0.03381         2       256    0.8097    0.9643    0.9622    0.5822    0.0274   0.01543         0
   102/299     2.47G   0.02369   0.01296         0   0.03665         1       256    0.7311    0.9643    0.9622    0.5941   0.02854   0.01549         0
   103/299     2.47G   0.02563   0.01377         0    0.0394         1       256    0.5937    0.9643    0.9636    0.5787   0.02739   0.01594         0
   104/299     2.47G   0.02272   0.01065         0   0.03338         2       256    0.7571    0.9643    0.9636     0.563   0.02758   0.01637         0
   105/299     2.47G   0.02394    0.0152         0   0.03913         2       256    0.6431    0.9643    0.9636    0.5638   0.02837   0.01708         0
   106/299     2.47G    0.0229   0.01313         0   0.03603         1       256     0.589    0.9643    0.9625    0.6202   0.02558   0.01693         0
   107/299     2.47G     0.022   0.01325         0   0.03525         1       256    0.7123    0.9643     0.965    0.6669   0.02442   0.01532         0
   108/299     2.47G   0.02239   0.01074         0   0.03313         0       256    0.7744    0.9643     0.965    0.6252   0.02676   0.01479         0
   109/299     2.47G   0.01997   0.01022         0   0.03018         2       256    0.7532    0.9643    0.9622    0.6344   0.02555   0.01428         0
   110/299     2.47G   0.01883  0.009605         0   0.02843         0       256    0.6709    0.9643     0.965    0.6484   0.02478   0.01341         0
   111/299     2.47G   0.02078   0.01022         0     0.031         2       256    0.8196    0.9643     0.965    0.5992   0.02619   0.01396         0
   112/299     2.47G   0.02128   0.01082         0    0.0321         3       256    0.8255    0.9643    0.9636    0.5784   0.02694   0.01402         0
   113/299     2.47G   0.02041   0.01009         0    0.0305         0       256    0.8468    0.9643     0.965    0.6208   0.02488   0.01388         0
   114/299     2.47G   0.02239   0.01081         0    0.0332         2       256    0.7708    0.9643     0.965    0.6064   0.02963    0.0146         0
   115/299     2.47G   0.02153   0.01138         0   0.03291         1       256    0.7984    0.9643    0.9636    0.6206   0.02578   0.01451         0
   116/299     2.47G    0.0233   0.01182         0   0.03512         2       256    0.8054    0.9643    0.9571     0.602     0.026   0.01523         0
   117/299     2.47G    0.0233   0.01177         0   0.03507         2       256    0.8104    0.9643    0.9596    0.5326   0.02944   0.01544         0
   118/299     2.47G   0.02087   0.01083         0    0.0317         3       256    0.8034    0.9643    0.9636    0.6186   0.02476   0.01366         0
   119/299     2.47G   0.01954   0.01048         0   0.03002         2       256    0.7026    0.9643     0.965    0.6167   0.02612     0.014         0
   120/299     2.47G   0.02376   0.01254         0    0.0363         1       256    0.7732    0.9643     0.965    0.6271   0.02696   0.01372         0
   121/299     2.47G   0.02005   0.01096         0   0.03101         2       256    0.7763    0.9643    0.9636     0.579    0.0263   0.01424         0
   122/299     2.47G    0.0217   0.01195         0   0.03365         2       256    0.7814    0.9643     0.965    0.5813   0.02593   0.01449         0
   123/299     2.47G   0.01873  0.009282         0   0.02801         0       256    0.8312    0.9643    0.9636    0.5828   0.02693   0.01471         0
   124/299     2.47G   0.02354   0.01229         0   0.03583         2       256     0.749    0.9643    0.9625    0.5429   0.02948   0.01623         0
   125/299     2.47G    0.0233   0.01214         0   0.03545         3       256    0.7941    0.9643    0.9571    0.6207   0.02487   0.01486         0
   126/299     2.47G   0.01995   0.01097         0   0.03092         3       256    0.8581    0.9643    0.9625     0.571   0.02625    0.0139         0
   127/299     2.47G   0.02079   0.01044         0   0.03123         2       256    0.8679    0.9643    0.9636    0.5856   0.02523    0.0135         0
   128/299     2.47G   0.01846   0.00905         0   0.02751         1       256    0.9056    0.9643    0.9636    0.6207   0.02612   0.01373         0
   129/299     2.47G   0.02143   0.01055         0   0.03198         2       256    0.8829    0.9643    0.9636    0.6099   0.02698   0.01415         0
   130/299     2.47G   0.02072  0.009961         0   0.03068         1       256    0.8877    0.9643    0.9611    0.5959   0.02559   0.01414         0
   131/299     2.47G   0.02184   0.01092         0   0.03276         0       256    0.8386    0.9643    0.9625    0.5614   0.02768   0.01452         0
   132/299     2.47G   0.02506   0.01333         0    0.0384         2       256    0.7522    0.9643    0.9625    0.6104   0.02727   0.01536         0
   133/299     2.47G   0.01924  0.009844         0   0.02909         4       256    0.6936    0.9643    0.9574    0.6399   0.02685   0.01651         0
   134/299     2.47G   0.01909   0.01104         0   0.03013         3       256    0.7028    0.9643    0.9574     0.592   0.02714   0.01508         0
   135/299     2.47G   0.01987   0.01048         0   0.03036         1       256     0.766    0.9643    0.9636    0.6203   0.02696   0.01378         0
   136/299     2.47G   0.02405   0.01234         0   0.03639         2       256    0.7244    0.9643    0.9636    0.6158   0.02708   0.01396         0
   137/299     2.47G   0.02212   0.01293         0   0.03505         4       256    0.7553    0.9643    0.9586    0.6161   0.02597   0.01386         0
   138/299     2.47G   0.02044   0.01053         0   0.03097         2       256    0.7739    0.9643    0.9602    0.5897   0.02751   0.01424         0
   139/299     2.47G   0.02075   0.01027         0   0.03102         2       256    0.7468    0.9643    0.9599    0.6362   0.02589   0.01453         0
   140/299     2.47G   0.02272    0.0115         0   0.03421         3       256    0.6654    0.9643    0.9625     0.555   0.02782   0.01646         0
   141/299     2.47G   0.01811   0.01068         0   0.02879         2       256    0.6831    0.9286    0.9424    0.5684   0.02794    0.0166         0
   142/299     2.47G   0.01776  0.009762         0   0.02752         2       256    0.7943    0.9286    0.9448    0.6086   0.02844   0.01634         0
   143/299     2.47G   0.02014   0.01181         0   0.03195         0       256    0.7775    0.9286    0.9481    0.6056   0.02755   0.01588         0
   144/299     2.47G   0.01913   0.01067         0    0.0298         3       256    0.7614    0.9286    0.9488    0.6451   0.02544   0.01551         0
   145/299     2.47G   0.02006  0.009624         0   0.02968         1       256    0.7946    0.9643    0.9602    0.6006   0.02649   0.01555         0
   146/299     2.47G   0.01803  0.009713         0   0.02774         3       256    0.7929    0.9643    0.9611    0.6326   0.02519   0.01511         0
   147/299     2.47G   0.01919  0.009068         0   0.02826         2       256    0.8144    0.9643    0.9625    0.6041   0.02689   0.01569         0
   148/299     2.47G   0.02034   0.01114         0   0.03148         0       256    0.8601    0.9643    0.9622    0.6042   0.02634   0.01541         0
   149/299     2.47G   0.01582  0.008757         0   0.02458         0       256    0.8423    0.9643    0.9611    0.5888   0.02672   0.01622         0
   150/299     2.47G    0.0187   0.01032         0   0.02902         1       256    0.7775    0.9643      0.96     0.628   0.02555   0.01557         0
   151/299     2.47G   0.02036   0.01012         0   0.03048         1       256    0.7684    0.9643    0.9611    0.6216   0.02589   0.01534         0
   152/299     2.47G   0.02183   0.01207         0    0.0339         0       256    0.8117    0.9643    0.9611    0.6068   0.02535    0.0144         0
   153/299     2.47G   0.01875  0.009635         0   0.02839         1       256    0.8207    0.9643    0.9585    0.6055   0.02588   0.01525         0
   154/299     2.47G   0.01715  0.009556         0   0.02671         1       256    0.7544    0.9643    0.9571    0.6189   0.02477   0.01527         0
   155/299     2.47G   0.01675  0.009719         0   0.02647         0       256    0.7289    0.9643    0.9584    0.6539    0.0255   0.01544         0
   156/299     2.47G     0.017  0.009869         0   0.02687         0       256    0.6871    0.9643    0.9584    0.6599   0.02456   0.01448         0
   157/299     2.47G   0.01679   0.01003         0   0.02682         1       256    0.6492    0.9643    0.9625    0.6136   0.02514   0.01522         0
   158/299     2.47G   0.01851   0.01046         0   0.02897         1       256    0.6586    0.9643    0.9625    0.6398   0.02332    0.0143         0
   159/299     2.47G   0.01786  0.009642         0    0.0275         1       256    0.7573    0.9643    0.9611    0.6055   0.02314   0.01422         0
   160/299     2.47G   0.01834   0.01057         0   0.02891         2       256    0.7949    0.9643    0.9625     0.595   0.02438   0.01434         0
   161/299     2.47G   0.01793  0.009388         0   0.02731         0       256    0.8338    0.9286    0.9531    0.5682   0.02611   0.01543         0
   162/299     2.47G   0.01934   0.01042         0   0.02977         1       256    0.8511    0.9286    0.9342    0.5765   0.02586   0.01614         0
   163/299     2.47G    0.0191    0.0103         0    0.0294         3       256    0.7939    0.9286    0.9412    0.6042   0.02586   0.01587         0
   164/299     2.47G   0.01989  0.008926         0   0.02881         3       256    0.7262    0.9643    0.9573    0.6243    0.0268   0.01548         0
   165/299     2.47G   0.01684  0.009621         0   0.02646         2       256    0.7762    0.9643    0.9596    0.6084   0.02683   0.01536         0
   166/299     2.47G   0.02004   0.01244         0   0.03248         2       256    0.7571    0.9643    0.9611    0.6296   0.02658   0.01563         0
   167/299     2.47G   0.01726  0.009824         0   0.02709         1       256    0.7789    0.9643    0.9636    0.6159   0.02386   0.01495         0
   168/299     2.47G   0.01881   0.01023         0   0.02904         1       256    0.7234    0.9643    0.9636    0.6064    0.0264   0.01667         0
   169/299     2.47G   0.01927   0.01115         0   0.03042         2       256    0.7618    0.9643     0.965    0.6222    0.0235   0.01471         0
   170/299     2.47G   0.01791   0.01067         0   0.02858         2       256    0.8151    0.9643    0.9636    0.6233   0.02556   0.01554         0
   171/299     2.47G   0.01521  0.008959         0   0.02417         1       256    0.8207    0.9643     0.965    0.6188    0.0245   0.01492         0
   172/299     2.47G   0.01613  0.008373         0   0.02451         0       256    0.8293    0.9643    0.9611    0.5924    0.0256   0.01518         0
   173/299     2.47G   0.01621  0.008705         0   0.02491         0       256    0.8137    0.9643     0.952    0.5879   0.02522   0.01548         0
   174/299     2.47G   0.01631    0.0093         0   0.02561         0       256    0.8472    0.9643    0.9508    0.5592   0.02628   0.01689         0
   175/299     2.47G   0.01598  0.009057         0   0.02504         2       256     0.839    0.9309    0.9409    0.5875   0.02507   0.01749         0
   176/299     2.47G   0.01892  0.009175         0    0.0281         1       256    0.8318    0.9643    0.9478     0.575   0.02571   0.01689         0
   177/299     2.47G   0.01798  0.009864         0   0.02785         1       256    0.8782    0.9286    0.9401    0.5659   0.02667   0.01709         0
   178/299     2.47G   0.01445  0.007908         0   0.02236         2       256    0.8695    0.9518    0.9547    0.5931    0.0252    0.0158         0
   179/299     2.47G   0.01444  0.008871         0   0.02331         1       256    0.8606    0.9286    0.9417    0.5971   0.02592    0.0166         0
   180/299     2.47G   0.01772   0.01029         0   0.02801         0       256    0.8514    0.9286    0.9539    0.6153   0.02614   0.01691         0
   181/299     2.47G   0.01399  0.008704         0   0.02269         0       256    0.7958    0.9643    0.9551     0.641   0.02433   0.01598         0
   182/299     2.47G   0.01498  0.007692         0   0.02268         1       256    0.8131    0.9643    0.9584    0.6346   0.02442   0.01565         0
   183/299     2.47G   0.01587  0.009084         0   0.02496         1       256    0.8763    0.9286    0.9385    0.6058   0.02539   0.01685         0
   184/299     2.47G   0.01715   0.01049         0   0.02763         1       256    0.8685    0.8929    0.9012     0.598   0.02665   0.01844         0
   185/299     2.47G   0.01471    0.0101         0   0.02481         1       256    0.7284    0.8929    0.9152    0.5811    0.0267   0.01869         0
   186/299     2.47G    0.0152   0.00986         0   0.02506         3       256     0.742    0.9286    0.9447     0.615   0.02568   0.01682         0
   187/299     2.47G   0.01474  0.008243         0   0.02299         1       256    0.7977    0.9643    0.9576    0.6353   0.02442   0.01527         0
   188/299     2.47G   0.01467  0.009908         0   0.02457         2       256    0.8228    0.9643     0.965    0.6156   0.02542   0.01573         0
   189/299     2.47G   0.01456   0.00863         0   0.02319         0       256    0.8957    0.9643     0.965    0.6125   0.02531   0.01604         0
   190/299     2.47G   0.01483  0.008324         0   0.02315         2       256    0.8786    0.9643    0.9636    0.6346   0.02437   0.01608         0
   191/299     2.47G   0.01515  0.007948         0    0.0231         1       256    0.8672    0.9643    0.9625    0.6309   0.02448   0.01592         0
   192/299     2.47G   0.01598  0.009751         0   0.02573         1       256    0.7838    0.9643    0.9625    0.6507   0.02335   0.01487         0
   193/299     2.47G   0.01482  0.009417         0   0.02424         2       256    0.7821    0.9643    0.9611    0.6403   0.02392   0.01455         0
   194/299     2.47G   0.01495  0.008006         0   0.02296         1       256    0.7992    0.9643      0.96    0.6214   0.02514    0.0152         0
   195/299     2.47G   0.01396  0.008429         0   0.02239         0       256    0.8104    0.9643    0.9571    0.6064   0.02413   0.01518         0
   196/299     2.47G   0.01473  0.008766         0    0.0235         3       256    0.8145    0.9643    0.9521    0.6238   0.02411   0.01513         0
   197/299     2.47G   0.01644  0.009319         0   0.02576         1       256    0.8202    0.9643    0.9508    0.6075    0.0245   0.01603         0
   198/299     2.47G   0.01542  0.007921         0   0.02334         1       256    0.8231    0.9643    0.9585     0.614   0.02486   0.01591         0
   199/299     2.47G   0.01613  0.009207         0   0.02533         2       256    0.8227    0.9643    0.9573    0.6453   0.02354   0.01546         0
   200/299     2.47G   0.01482   0.00908         0   0.02389         1       256    0.7858    0.9643    0.9611    0.6628   0.02348   0.01494         0
   201/299     2.47G   0.01563  0.009635         0   0.02526         0       256    0.7858    0.9643    0.9636    0.6586   0.02409   0.01515         0
   202/299     2.47G   0.01531  0.009208         0   0.02451         1       256    0.7873    0.9643    0.9625    0.6664   0.02224   0.01431         0
   203/299     2.47G   0.01698  0.009126         0   0.02611         1       256     0.756    0.9643    0.9611    0.6295   0.02553   0.01537         0
   204/299     2.47G   0.01452  0.008307         0   0.02283         0       256    0.7655    0.9286    0.9533    0.6165   0.02533   0.01603         0
   205/299     2.47G   0.01378  0.008866         0   0.02265         2       256    0.7635    0.9286    0.9524    0.6249   0.02437   0.01569         0
   206/299     2.47G   0.01332  0.007681         0     0.021         3       256     0.807    0.9286    0.9557    0.6519   0.02336   0.01461         0
   207/299     2.47G    0.0139  0.008772         0   0.02268         0       256    0.7764    0.9643    0.9622    0.6303    0.0243    0.0143         0
   208/299     2.47G    0.0162  0.009795         0     0.026         2       256    0.7677    0.9643    0.9636    0.6377   0.02368   0.01389         0
   209/299     2.47G   0.01401   0.00778         0   0.02179         1       256    0.8397    0.9643     0.965    0.6394   0.02459   0.01462         0
   210/299     2.47G   0.01287  0.009396         0   0.02227         1       256    0.8162    0.9643    0.9636    0.6406    0.0238   0.01486         0
   211/299     2.47G   0.01416   0.00849         0   0.02265         1       256    0.8265    0.9643    0.9636    0.6353   0.02465   0.01523         0
   212/299     2.47G    0.0153  0.008536         0   0.02384         2       256    0.8462    0.9643    0.9636    0.6267   0.02525   0.01534         0
   213/299     2.47G   0.01097  0.007476         0   0.01845         4       256    0.8536    0.9643    0.9636    0.6192   0.02497   0.01494         0
   214/299     2.47G   0.01353  0.007501         0   0.02103         1       256    0.8712    0.9643    0.9599     0.642    0.0254   0.01572         0
   215/299     2.47G   0.01282  0.007743         0   0.02057         2       256    0.8992    0.9564    0.9599    0.6418   0.02469   0.01608         0
   216/299     2.47G   0.01357  0.008367         0   0.02193         0       256    0.8857    0.9643    0.9599    0.6259   0.02475   0.01589         0
   217/299     2.47G   0.01476  0.008338         0    0.0231         1       256    0.7716    0.9643    0.9622    0.6324   0.02443    0.0157         0
   218/299     2.47G   0.01333  0.008125         0   0.02146         1       256     0.784    0.9643    0.9622    0.6493   0.02371   0.01526         0
   219/299     2.47G   0.01123  0.006202         0   0.01743         0       256     0.814    0.9643    0.9622    0.6376   0.02351   0.01475         0
   220/299     2.47G   0.01368  0.008136         0   0.02182         2       256    0.8527    0.9643    0.9622    0.6071   0.02543   0.01522         0
   221/299     2.47G   0.01286  0.008695         0   0.02155         2       256    0.8859    0.9643    0.9636    0.6243   0.02444   0.01506         0
   222/299     2.47G   0.01265  0.008261         0   0.02091         0       256    0.8878    0.9643    0.9625    0.6405   0.02403   0.01515         0
   223/299     2.47G   0.01212  0.008681         0    0.0208         3       256    0.8863    0.9643    0.9625    0.6251   0.02433   0.01531         0
   224/299     2.47G    0.0126  0.008006         0    0.0206         2       256    0.8609    0.9643    0.9636    0.6119   0.02471   0.01534         0
   225/299     2.47G   0.01445  0.008615         0   0.02307         2       256    0.7826    0.9643    0.9625    0.6363    0.0245   0.01534         0
   226/299     2.47G   0.01424  0.009187         0   0.02342         2       256    0.7639    0.9643    0.9625    0.6284   0.02454   0.01581         0
   227/299     2.47G   0.01228  0.009226         0   0.02151         2       256     0.778    0.9643    0.9611    0.6239   0.02457   0.01605         0
   228/299     2.47G   0.01366  0.008828         0   0.02249         2       256    0.7737    0.9643    0.9611    0.6436   0.02385   0.01559         0
   229/299     2.47G   0.01363  0.007622         0   0.02126         1       256    0.8321    0.9643    0.9611    0.6372   0.02521   0.01585         0
   230/299     2.47G   0.01257  0.007907         0   0.02048         3       256    0.8448    0.9643    0.9625    0.6209   0.02472   0.01532         0
   231/299     2.47G   0.01085  0.007749         0    0.0186         3       256    0.8018    0.9643    0.9636    0.6222   0.02576    0.0156         0
   232/299     2.47G   0.01352  0.008671         0   0.02219         4       256    0.7639    0.9643    0.9636    0.6321   0.02575   0.01572         0
   233/299     2.47G   0.01183  0.007277         0   0.01911         2       256    0.7538    0.9643    0.9636    0.6256   0.02435   0.01544         0
   234/299     2.47G   0.01255  0.007538         0   0.02008         0       256    0.8268    0.9643    0.9636    0.6366   0.02463   0.01606         0
   235/299     2.47G   0.01361  0.007854         0   0.02147         2       256    0.8436    0.9643    0.9636    0.6481   0.02351   0.01474         0
   236/299     2.47G   0.01289  0.006323         0   0.01922         0       256    0.8437    0.9643    0.9636    0.6353   0.02428   0.01503         0
   237/299     2.47G   0.01305  0.008072         0   0.02113         1       256    0.8489    0.9643    0.9636    0.6281   0.02397   0.01506         0
   238/299     2.47G   0.01196  0.008115         0   0.02007         4       256    0.8461    0.9643    0.9636    0.6299    0.0242   0.01518         0
   239/299     2.47G   0.01133  0.007808         0   0.01914         3       256    0.8473    0.9643    0.9636    0.6334   0.02427   0.01552         0
   240/299     2.47G   0.01401  0.007815         0   0.02183         1       256     0.826    0.9643    0.9636    0.6263    0.0241   0.01596         0
   241/299     2.47G   0.01137  0.006581         0   0.01796         2       256     0.828    0.9643    0.9636    0.6497   0.02368   0.01641         0
   242/299     2.47G   0.01057  0.007575         0   0.01815         0       256    0.8666    0.9643    0.9611    0.6316   0.02408   0.01634         0
   243/299     2.47G   0.01041  0.006425         0   0.01684         1       256    0.8379    0.9643    0.9611    0.6451   0.02386   0.01595         0
   244/299     2.47G   0.01188  0.007159         0   0.01904         2       256    0.8707    0.9643    0.9611    0.6297   0.02412   0.01582         0
   245/299     2.47G   0.01243  0.006516         0   0.01895         4       256    0.8815    0.9643    0.9636    0.6359   0.02416   0.01582         0
   246/299     2.47G    0.0118  0.008214         0   0.02002         2       256    0.8648    0.9643    0.9636    0.6374   0.02428   0.01587         0
   247/299     2.47G   0.01122  0.007013         0   0.01824         1       256    0.8663    0.9643    0.9636    0.6545   0.02371   0.01563         0
   248/299     2.47G   0.01132  0.006825         0   0.01815         2       256    0.8751    0.9643    0.9636    0.6393   0.02377   0.01562         0
   249/299     2.47G   0.01058  0.006985         0   0.01756         3       256    0.8711    0.9643    0.9636    0.6506   0.02397   0.01554         0
   250/299     2.47G   0.01123  0.007598         0   0.01883         1       256    0.8745    0.9643    0.9636    0.6358   0.02446   0.01603         0
   251/299     2.47G    0.0107  0.007165         0   0.01786         1       256    0.8624    0.9643    0.9636    0.6438   0.02433   0.01642         0
   252/299     2.47G   0.01231  0.006884         0    0.0192         1       256    0.8557    0.9643    0.9636    0.6301   0.02481   0.01631         0
   253/299     2.47G   0.01142  0.007434         0   0.01885         2       256    0.8564    0.9643    0.9625    0.6064   0.02565   0.01703         0
   254/299     2.47G   0.01212  0.007278         0    0.0194         0       256    0.8495    0.9643    0.9636    0.6197   0.02473   0.01665         0
   255/299     2.47G   0.01222  0.007426         0   0.01964         1       256    0.8447    0.9643    0.9611    0.6298   0.02461   0.01643         0
   256/299     2.47G   0.01102  0.007123         0   0.01815         1       256    0.8211    0.9643    0.9611    0.6295   0.02481   0.01627         0
   257/299     2.47G   0.01194  0.008167         0   0.02011         2       256    0.7874    0.9643    0.9611     0.633   0.02505   0.01604         0
   258/299     2.47G   0.01184  0.007625         0   0.01946         0       256    0.8186    0.9643    0.9611    0.6476   0.02475   0.01575         0
   259/299     2.47G   0.01079  0.007274         0   0.01806         1       256    0.8234    0.9643    0.9584    0.6507    0.0243    0.0159         0
   260/299     2.47G   0.01032  0.007521         0   0.01784         0       256    0.8526    0.9643    0.9584    0.6506   0.02347    0.0161         0
   261/299     2.47G   0.01038    0.0063         0   0.01668         4       256    0.8997    0.9609    0.9584    0.6444   0.02407   0.01663         0
   262/299     2.47G   0.01095  0.006688         0   0.01764         2       256    0.8785    0.9643    0.9584    0.6332   0.02364   0.01613         0
   263/299     2.47G   0.01177  0.007913         0   0.01968         2       256    0.8744    0.9643    0.9596    0.6354   0.02385   0.01562         0
   264/299     2.47G   0.01041  0.006296         0    0.0167         2       256     0.839    0.9643    0.9636    0.6307   0.02395   0.01516         0
   265/299     2.47G    0.0107  0.007537         0   0.01824         3       256    0.8534    0.9643    0.9636     0.638   0.02411   0.01522         0
   266/299     2.47G   0.01084  0.006509         0   0.01735         5       256    0.8489    0.9643    0.9636    0.6629   0.02339   0.01505         0
   267/299     2.47G   0.01056  0.005755         0   0.01632         2       256    0.8487    0.9643    0.9636    0.6636   0.02353   0.01548         0
   268/299     2.47G   0.01014   0.00668         0   0.01682         1       256    0.8637    0.9643    0.9636    0.6552   0.02337   0.01555         0
   269/299     2.47G   0.01034  0.007122         0   0.01746         2       256    0.8615    0.9643    0.9636    0.6616   0.02336   0.01575         0
   270/299     2.47G    0.0105  0.006516         0   0.01701         1       256    0.8385    0.9643    0.9636    0.6631   0.02312   0.01531         0
   271/299     2.47G  0.008815   0.00648         0    0.0153         3       256    0.8442    0.9643    0.9636    0.6588   0.02365   0.01556         0
   272/299     2.47G   0.01133  0.007979         0   0.01931         2       256    0.8419    0.9643    0.9625    0.6438   0.02396   0.01568         0
   273/299     2.47G   0.01116   0.00784         0     0.019         1       256    0.8414    0.9643    0.9625    0.6435   0.02412   0.01553         0
   274/299     2.47G  0.009956  0.008085         0   0.01804         0       256    0.8397    0.9643    0.9636    0.6431   0.02444   0.01588         0
   275/299     2.47G   0.01086  0.007854         0   0.01872         1       256    0.8504    0.9643    0.9625    0.6389   0.02478   0.01627         0
   276/299     2.47G   0.01064  0.007172         0   0.01781         1       256    0.8638    0.9643    0.9625    0.6413   0.02452   0.01618         0
   277/299     2.47G   0.01041  0.007347         0   0.01776         2       256    0.8864    0.9643    0.9625    0.6516   0.02451   0.01601         0
   278/299     2.47G  0.009313  0.006527         0   0.01584         2       256    0.9004    0.9643    0.9636    0.6386   0.02412    0.0156         0
   279/299     2.47G  0.009439  0.007279         0   0.01672         3       256    0.8755    0.9643    0.9636    0.6431   0.02385   0.01548         0
   280/299     2.47G    0.0115  0.007181         0   0.01868         0       256    0.8619    0.9643    0.9625      0.65   0.02369   0.01522         0
   281/299     2.47G   0.01135  0.006738         0   0.01809         2       256    0.8571    0.9643    0.9636     0.671   0.02345     0.015         0
   282/299     2.47G  0.008889  0.006169         0   0.01506         3       256     0.859    0.9643    0.9625    0.6495   0.02398   0.01546         0
   283/299     2.47G  0.009497  0.006853         0   0.01635         3       256    0.8583    0.9643    0.9625    0.6356     0.024   0.01571         0
   284/299     2.47G    0.0119  0.006826         0   0.01873         1       256    0.8533    0.9643      0.96    0.6412   0.02373   0.01572         0
   285/299     2.47G   0.01047  0.006185         0   0.01665         1       256    0.8497    0.9643    0.9571    0.6445   0.02399    0.0159         0
   286/299     2.47G  0.009609  0.006903         0   0.01651         2       256     0.848    0.9643    0.9586    0.6274   0.02417   0.01592         0
   287/299     2.47G   0.01083  0.006264         0    0.0171         3       256    0.8403    0.9643    0.9586    0.6326   0.02493   0.01639         0
   288/299     2.47G    0.0099  0.006297         0    0.0162         2       256    0.8351    0.9643    0.9586    0.6365   0.02428   0.01657         0
   289/299     2.47G   0.01063  0.007774         0    0.0184         0       256    0.8374    0.9643    0.9571    0.6514   0.02358   0.01629         0
   290/299     2.47G  0.008758  0.005529         0   0.01429         0       256    0.8456    0.9643    0.9571    0.6474    0.0236    0.0163         0
   291/299     2.47G   0.00922  0.005586         0   0.01481         1       256    0.8523    0.9643    0.9625    0.6371   0.02433   0.01665         0
   292/299     2.47G    0.0111  0.007657         0   0.01876         3       256    0.8671    0.9643    0.9625    0.6426   0.02445   0.01686         0
   293/299     2.47G  0.009926  0.005892         0   0.01582         1       256    0.8648    0.9643    0.9625     0.643   0.02422   0.01672         0
   294/299     2.47G   0.01034  0.006323         0   0.01667         1       256    0.8623    0.9643    0.9625    0.6442   0.02468   0.01689         0
   295/299     2.47G   0.01049  0.006579         0   0.01707         0       256    0.8578    0.9643    0.9611    0.6271    0.0246   0.01681         0
   296/299     2.47G  0.008546  0.005787         0   0.01433         0       256    0.8582    0.9643    0.9586    0.6395   0.02457   0.01677         0
   297/299     2.47G  0.009556  0.006132         0   0.01569         0       256     0.872    0.9643    0.9571    0.6344   0.02438   0.01682         0
   298/299     2.47G  0.009528  0.005643         0   0.01517         1       256    0.8807    0.9643    0.9571     0.629   0.02442   0.01682         0
   299/299     2.47G  0.009761  0.005952         0   0.01571         1       256    0.8797    0.9643    0.9571    0.6373    0.0243   0.01659         0
