     0/199     2.47G   0.08537   0.03419         0    0.1196         0       256         0         0         0         0         0         0         0
     1/199     2.47G   0.07446   0.03516         0    0.1096         0       256         0         0         0         0         0         0         0
     2/199     2.47G   0.06809   0.03505         0    0.1031         0       256         0         0         0         0         0         0         0
     3/199     2.47G   0.06106   0.03562         0   0.09668         0       256         0         0         0         0         0         0         0
     4/199     2.47G   0.05165   0.03358         0   0.08522         0       256         0         0         0         0         0         0         0
     5/199     2.47G   0.05261   0.02567         0   0.07828         0       256         0         0         0         0         0         0         0
     6/199     2.47G   0.05289   0.02111         0   0.07399         0       256         0         0         0         0         0         0         0
     7/199     2.47G   0.05505   0.01757         0   0.07262         0       256         0         0         0         0         0         0         0
     8/199     2.47G   0.05837   0.01539         0   0.07376         0       256         0         0         0         0         0         0         0
     9/199     2.47G   0.05955   0.01388         0   0.07343         0       256         0         0         0         0         0         0         0
    10/199     2.47G   0.05211   0.01565         0   0.06776         0       256         0         0         0         0         0         0         0
    11/199     2.47G   0.05715   0.01545         0    0.0726         0       256         0         0         0         0         0         0         0
    12/199     2.47G     0.059   0.01368         0   0.07268         0       256         0         0         0         0         0         0         0
    13/199     2.47G   0.05266    0.0129         0   0.06556         0       256         0         0         0         0         0         0         0
    14/199     2.47G   0.06129   0.01226         0   0.07355         0       256         0         0         0         0         0         0         0
    15/199     2.47G    0.0523   0.01265         0   0.06495         0       256         0         0         0         0         0         0         0
    16/199     2.47G   0.05421   0.01353         0   0.06774         0       256         0         0         0         0         0         0         0
    17/199     2.47G   0.05786    0.0132         0   0.07105         0       256         0         0         0         0         0         0         0
    18/199     2.47G   0.05069   0.01192         0    0.0626         0       256         0         0         0         0         0         0         0
    19/199     2.47G   0.05064     0.012         0   0.06264         0       256         0         0         0         0         0         0         0
    20/199     2.47G   0.05142   0.01181         0   0.06323         0       256         0         0         0         0         0         0         0
    21/199     2.47G   0.04307   0.01123         0   0.05429         0       256         0         0         0         0         0         0         0
    22/199     2.47G   0.04334   0.01055         0   0.05388         0       256         0         0         0         0         0         0         0
    23/199     2.47G   0.03823  0.009974         0   0.04821         0       256         0         0         0         0         0         0         0
    24/199     2.47G   0.03929   0.01019         0   0.04948         0       256         0         0         0         0         0         0         0
    25/199     2.47G   0.03819   0.01021         0    0.0484         0       256         0         0         0         0         0         0         0
    26/199     2.47G   0.03914  0.009369         0   0.04851         0       256         0         0         0         0         0         0         0
    27/199     2.47G   0.03534  0.009225         0   0.04457         0       256         0         0         0         0         0         0         0
    28/199     2.47G    0.0374   0.00944         0   0.04684         0       256         0         0         0         0         0         0         0
    29/199     2.47G   0.03107  0.008888         0   0.03996         0       256         0         0         0         0         0         0         0
    30/199     2.47G    0.0278  0.007608         0   0.03541         0       256         0         0         0         0         0         0         0
    31/199     2.47G   0.03384  0.007869         0   0.04171         0       256         0         0         0         0         0         0         0
    32/199     2.47G     0.037  0.009093         0    0.0461         0       256         0         0         0         0         0         0         0
    33/199     2.47G   0.02799  0.009508         0    0.0375         0       256         0         0         0         0         0         0         0
    34/199     2.47G   0.02681  0.008122         0   0.03494         0       256         0         0         0         0         0         0         0
    35/199     2.47G   0.03026  0.007545         0    0.0378         0       256         0         0         0         0         0         0         0
    36/199     2.47G   0.02563  0.007696         0   0.03333         0       256         0         0         0         0         0         0         0
    37/199     2.47G   0.03103  0.007813         0   0.03885         0       256         0         0         0         0         0         0         0
    38/199     2.47G   0.02717  0.007394         0   0.03457         0       256         0         0         0         0         0         0         0
    39/199     2.47G   0.02355  0.007103         0   0.03065         0       256         0         0         0         0         0         0         0
    40/199     2.47G   0.03214  0.007565         0    0.0397         0       256         0         0         0         0         0         0         0
    41/199     2.47G   0.02789   0.00802         0   0.03591         0       256         0         0         0         0         0         0         0
    42/199     2.47G   0.02329   0.00714         0   0.03043         0       256         0         0         0         0         0         0         0
    43/199     2.47G   0.02434  0.006581         0   0.03092         0       256         0         0         0         0         0         0         0
    44/199     2.47G    0.0231  0.006704         0   0.02981         0       256         0         0         0         0         0         0         0
    45/199     2.47G   0.02324  0.006504         0   0.02974         0       256         0         0         0         0         0         0         0
    46/199     2.47G   0.02026  0.006193         0   0.02646         0       256         0         0         0         0         0         0         0
    47/199     2.47G   0.02208  0.006287         0   0.02837         0       256         0         0         0         0         0         0         0
    48/199     2.47G   0.02111  0.006299         0    0.0274         0       256         0         0         0         0         0         0         0
    49/199     2.47G   0.02593  0.007046         0   0.03298         0       256         0         0         0         0         0         0         0
    50/199     2.47G   0.02236  0.006452         0   0.02882         0       256         0         0         0         0         0         0         0
    51/199     2.47G   0.02205  0.006214         0   0.02826         0       256         0         0         0         0         0         0         0
    52/199     2.47G   0.02096  0.006528         0   0.02748         0       256         0         0         0         0         0         0         0
    53/199     2.47G   0.02134   0.00641         0   0.02774         0       256         0         0         0         0         0         0         0
    54/199     2.47G   0.02087  0.006171         0   0.02704         0       256         0         0         0         0         0         0         0
    55/199     2.47G   0.01949  0.005813         0   0.02531         0       256         0         0         0         0         0         0         0
    56/199     2.47G   0.02317  0.006414         0   0.02958         0       256         0         0         0         0         0         0         0
    57/199     2.47G   0.02007  0.006084         0   0.02615         0       256         0         0         0         0         0         0         0
    58/199     2.47G   0.01815  0.006014         0   0.02416         0       256         0         0         0         0         0         0         0
    59/199     2.47G   0.01754  0.005743         0   0.02328         0       256         0         0         0         0         0         0         0
    60/199     2.47G   0.02088  0.005883         0   0.02676         0       256         0         0         0         0         0         0         0
    61/199     2.47G   0.02446  0.006512         0   0.03097         0       256         0         0         0         0         0         0         0
    62/199     2.47G   0.01563  0.006026         0   0.02166         0       256         0         0         0         0         0         0         0
    63/199     2.47G   0.01786  0.005708         0   0.02357         0       256         0         0         0         0         0         0         0
    64/199     2.47G   0.01787  0.005485         0   0.02335         0       256         0         0         0         0         0         0         0
    65/199     2.47G   0.01898  0.005653         0   0.02464         0       256         0         0         0         0         0         0         0
    66/199     2.47G   0.01579  0.005377         0   0.02117         0       256         0         0         0         0         0         0         0
    67/199     2.47G   0.01583   0.00524         0   0.02107         0       256         0         0         0         0         0         0         0
    68/199     2.47G   0.01762  0.005539         0   0.02316         0       256         0         0         0         0         0         0         0
    69/199     2.47G   0.01772    0.0055         0   0.02322         0       256         0         0         0         0         0         0         0
    70/199     2.47G   0.01595  0.005399         0   0.02135         0       256         0         0         0         0         0         0         0
    71/199     2.47G   0.01603  0.005172         0    0.0212         0       256         0         0         0         0         0         0         0
    72/199     2.47G   0.01452   0.00525         0   0.01977         0       256         0         0         0         0         0         0         0
    73/199     2.47G   0.01524  0.005202         0   0.02045         0       256         0         0         0         0         0         0         0
    74/199     2.47G   0.01613  0.005066         0   0.02119         0       256         0         0         0         0         0         0         0
    75/199     2.47G    0.0164  0.005109         0   0.02151         0       256         0         0         0         0         0         0         0
    76/199     2.47G   0.01419  0.005158         0   0.01935         0       256         0         0         0         0         0         0         0
    77/199     2.47G   0.01485  0.005193         0   0.02004         0       256         0         0         0         0         0         0         0
    78/199     2.47G   0.01433  0.004817         0   0.01915         0       256         0         0         0         0         0         0         0
    79/199     2.47G   0.01469  0.004658         0   0.01934         0       256         0         0         0         0         0         0         0
    80/199     2.47G   0.01473  0.004875         0   0.01961         0       256         0         0         0         0         0         0         0
    81/199     2.47G   0.01603  0.004808         0   0.02084         0       256         0         0         0         0         0         0         0
    82/199     2.47G   0.01482  0.004833         0   0.01965         0       256         0         0         0         0         0         0         0
    83/199     2.47G   0.01275  0.004612         0   0.01737         0       256         0         0         0         0         0         0         0
    84/199     2.47G   0.01444  0.004848         0   0.01929         0       256         0         0         0         0         0         0         0
    85/199     2.47G   0.01572  0.005044         0   0.02076         0       256         0         0         0         0         0         0         0
    86/199     2.47G   0.01423   0.00483         0   0.01906         0       256         0         0         0         0         0         0         0
    87/199     2.47G   0.01284  0.004716         0   0.01756         0       256         0         0         0         0         0         0         0
    88/199     2.47G   0.01255  0.004609         0   0.01716         0       256         0         0         0         0         0         0         0
    89/199     2.47G   0.01295  0.004457         0   0.01741         0       256         0         0         0         0         0         0         0
    90/199     2.47G   0.01355  0.004536         0   0.01809         0       256         0         0         0         0         0         0         0
    91/199     2.47G   0.01234  0.004621         0   0.01696         0       256         0         0         0         0         0         0         0
    92/199     2.47G   0.01277  0.004558         0   0.01733         0       256         0         0         0         0         0         0         0
    93/199     2.47G   0.01307  0.004553         0   0.01762         0       256         0         0         0         0         0         0         0
    94/199     2.47G   0.01412  0.004523         0   0.01865         0       256         0         0         0         0         0         0         0
    95/199     2.47G   0.01233  0.004534         0   0.01686         0       256         0         0         0         0         0         0         0
    96/199     2.47G   0.01386  0.004671         0   0.01853         0       256         0         0         0         0         0         0         0
    97/199     2.47G   0.01003  0.003991         0   0.01402         0       256         0         0         0         0         0         0         0
    98/199     2.47G   0.01407  0.004484         0   0.01855         0       256         0         0         0         0         0         0         0
    99/199     2.47G    0.0114  0.004188         0   0.01559         0       256         0         0         0         0         0         0         0
   100/199     2.47G   0.01203  0.004345         0   0.01638         0       256         0         0         0         0         0         0         0
   101/199     2.47G   0.01263  0.004396         0   0.01703         0       256         0         0         0         0         0         0         0
   102/199     2.47G   0.01035  0.004235         0   0.01458         0       256         0         0         0         0         0         0         0
   103/199     2.47G   0.00966  0.003899         0   0.01356         0       256         0         0         0         0         0         0         0
   104/199     2.47G   0.01317  0.004366         0   0.01753         0       256         0         0         0         0         0         0         0
   105/199     2.47G   0.01247  0.004323         0    0.0168         0       256         0         0         0         0         0         0         0
   106/199     2.47G   0.01065  0.004129         0   0.01478         0       256         0         0         0         0         0         0         0
   107/199     2.47G   0.01005  0.004008         0   0.01406         0       256         0         0         0         0         0         0         0
   108/199     2.47G   0.01137  0.004096         0   0.01546         0       256         0         0         0         0         0         0         0
   109/199     2.47G  0.009588  0.003799         0   0.01339         0       256         0         0         0         0         0         0         0
   110/199     2.47G   0.01004  0.003866         0    0.0139         0       256         0         0         0         0         0         0         0
   111/199     2.47G   0.01105  0.003973         0   0.01503         0       256         0         0         0         0         0         0         0
   112/199     2.47G   0.01106  0.004103         0   0.01517         0       256         0         0         0         0         0         0         0
   113/199     2.47G  0.009753  0.003799         0   0.01355         0       256         0         0         0         0         0         0         0
   114/199     2.47G   0.01011  0.003792         0    0.0139         0       256         0         0         0         0         0         0         0
   115/199     2.47G    0.0105  0.003882         0   0.01439         0       256         0         0         0         0         0         0         0
   116/199     2.47G   0.01116  0.003963         0   0.01512         0       256         0         0         0         0         0         0         0
   117/199     2.47G  0.009598  0.003706         0    0.0133         0       256         0         0         0         0         0         0         0
   118/199     2.47G  0.008071  0.003451         0   0.01152         0       256         0         0         0         0         0         0         0
   119/199     2.47G  0.008755   0.00366         0   0.01242         0       256         0         0         0         0         0         0         0
   120/199     2.47G  0.009662  0.003744         0   0.01341         0       256         0         0         0         0         0         0         0
   121/199     2.47G   0.01052  0.003761         0   0.01428         0       256         0         0         0         0         0         0         0
   122/199     2.47G  0.009367  0.003609         0   0.01298         0       256         0         0         0         0         0         0         0
   123/199     2.47G  0.009139  0.003689         0   0.01283         0       256         0         0         0         0         0         0         0
   124/199     2.47G  0.009225  0.003751         0   0.01298         0       256         0         0         0         0         0         0         0
   125/199     2.47G  0.008741  0.003564         0   0.01231         0       256         0         0         0         0         0         0         0
   126/199     2.47G  0.009311  0.003596         0   0.01291         0       256         0         0         0         0         0         0         0
   127/199     2.47G  0.009112    0.0036         0   0.01271         0       256         0         0         0         0         0         0         0
   128/199     2.47G  0.009081  0.003679         0   0.01276         0       256         0         0         0         0         0         0         0
   129/199     2.47G   0.00698  0.003229         0   0.01021         0       256         0         0         0         0         0         0         0
   130/199     2.47G  0.008432  0.003337         0   0.01177         0       256         0         0         0         0         0         0         0
   131/199     2.47G  0.008029  0.003388         0   0.01142         0       256         0         0         0         0         0         0         0
   132/199     2.47G  0.008976   0.00356         0   0.01254         0       256         0         0         0         0         0         0         0
   133/199     2.47G  0.009149  0.003465         0   0.01261         0       256         0         0         0         0         0         0         0
   134/199     2.47G  0.008772  0.003456         0   0.01223         0       256         0         0         0         0         0         0         0
   135/199     2.47G  0.008116  0.003329         0   0.01144         0       256         0         0         0         0         0         0         0
   136/199     2.47G  0.008552  0.003513         0   0.01207         0       256         0         0         0         0         0         0         0
   137/199     2.47G  0.008085   0.00329         0   0.01137         0       256         0         0         0         0         0         0         0
   138/199     2.47G  0.007749  0.003224         0   0.01097         0       256         0         0         0         0         0         0         0
   139/199     2.47G  0.007035  0.003222         0   0.01026         0       256         0         0         0         0         0         0         0
   140/199     2.47G  0.007344  0.003273         0   0.01062         0       256         0         0         0         0         0         0         0
   141/199     2.47G  0.008707  0.003367         0   0.01207         0       256         0         0         0         0         0         0         0
   142/199     2.47G  0.007469  0.003142         0   0.01061         0       256         0         0         0         0         0         0         0
   143/199     2.47G  0.006681  0.003085         0  0.009766         0       256         0         0         0         0         0         0         0
   144/199     2.47G  0.006663  0.003043         0  0.009706         0       256         0         0         0         0         0         0         0
   145/199     2.47G  0.007398  0.003141         0   0.01054         0       256         0         0         0         0         0         0         0
   146/199     2.47G  0.007161  0.003117         0   0.01028         0       256         0         0         0         0         0         0         0
   147/199     2.47G  0.006723  0.003027         0   0.00975         0       256         0         0         0         0         0         0         0
   148/199     2.47G  0.007729  0.003182         0   0.01091         0       256         0         0         0         0         0         0         0
   149/199     2.47G  0.006185  0.002979         0  0.009164         0       256         0         0         0         0         0         0         0
   150/199     2.47G  0.006131    0.0029         0  0.009031         0       256         0         0         0         0         0         0         0
   151/199     2.47G  0.006902  0.003039         0  0.009941         0       256         0         0         0         0         0         0         0
   152/199     2.47G  0.006893  0.003075         0  0.009967         0       256         0         0         0         0         0         0         0
   153/199     2.47G  0.005678  0.002798         0  0.008476         0       256         0         0         0         0         0         0         0
   154/199     2.47G  0.005622  0.002776         0  0.008398         0       256         0         0         0         0         0         0         0
   155/199     2.47G  0.006074  0.002738         0  0.008811         0       256         0         0         0         0         0         0         0
   156/199     2.47G  0.006148  0.002897         0  0.009045         0       256         0         0         0         0         0         0         0
   157/199     2.47G  0.006927  0.003054         0  0.009981         0       256         0         0         0         0         0         0         0
   158/199     2.47G  0.005746  0.002787         0  0.008533         0       256         0         0         0         0         0         0         0
   159/199     2.47G  0.006464  0.002933         0  0.009397         0       256         0         0         0         0         0         0         0
   160/199     2.47G  0.005444  0.002764         0  0.008208         0       256         0         0         0         0         0         0         0
   161/199     2.47G   0.00548  0.002675         0  0.008155         0       256         0         0         0         0         0         0         0
   162/199     2.47G  0.005529  0.002741         0   0.00827         0       256         0         0         0         0         0         0         0
   163/199     2.47G  0.005406   0.00265         0  0.008056         0       256         0         0         0         0         0         0         0
   164/199     2.47G  0.006081  0.002862         0  0.008942         0       256         0         0         0         0         0         0         0
   165/199     2.47G  0.006024  0.002777         0  0.008801         0       256         0         0         0         0         0         0         0
   166/199     2.47G  0.005505  0.002625         0   0.00813         0       256         0         0         0         0         0         0         0
   167/199     2.47G  0.004181  0.002379         0   0.00656         0       256         0         0         0         0         0         0         0
   168/199     2.47G  0.005273  0.002677         0  0.007949         0       256         0         0         0         0         0         0         0
   169/199     2.47G   0.00504  0.002595         0  0.007635         0       256         0         0         0         0         0         0         0
   170/199     2.47G  0.005434  0.002578         0  0.008012         0       256         0         0         0         0         0         0         0
   171/199     2.47G  0.005087   0.00247         0  0.007556         0       256         0         0         0         0         0         0         0
   172/199     2.47G  0.005592   0.00268         0  0.008273         0       256         0         0         0         0         0         0         0
   173/199     2.47G   0.00445  0.002371         0  0.006821         0       256         0         0         0         0         0         0         0
   174/199     2.47G  0.005621  0.002688         0  0.008309         0       256         0         0         0         0         0         0         0
   175/199     2.47G  0.004772  0.002495         0  0.007267         0       256         0         0         0         0         0         0         0
   176/199     2.47G  0.007196  0.003041         0   0.01024         0       256         0         0         0         0         0         0         0
   177/199     2.47G  0.004904  0.002447         0   0.00735         0       256         0         0         0         0         0         0         0
   178/199     2.47G  0.004916  0.002485         0  0.007401         0       256         0         0         0         0         0         0         0
   179/199     2.47G  0.005073  0.002572         0  0.007645         0       256         0         0         0         0         0         0         0
   180/199     2.47G  0.005133  0.002638         0  0.007771         0       256         0         0         0         0         0         0         0
   181/199     2.47G  0.005857  0.002727         0  0.008584         0       256         0         0         0         0         0         0         0
   182/199     2.47G  0.004545  0.002392         0  0.006936         0       256         0         0         0         0         0         0         0
   183/199     2.47G  0.004211   0.00235         0   0.00656         0       256         0         0         0         0         0         0         0
   184/199     2.47G  0.006048  0.002813         0  0.008861         0       256         0         0         0         0         0         0         0
   185/199     2.47G  0.004779  0.002447         0  0.007226         0       256         0         0         0         0         0         0         0
   186/199     2.47G  0.004298  0.002339         0  0.006637         0       256         0         0         0         0         0         0         0
   187/199     2.47G  0.004578  0.002407         0  0.006985         0       256         0         0         0         0         0         0         0
   188/199     2.47G  0.005979  0.002873         0  0.008851         0       256         0         0         0         0         0         0         0
   189/199     2.47G  0.004863  0.002383         0  0.007246         0       256         0         0         0         0         0         0         0
   190/199     2.47G  0.004777  0.002448         0  0.007225         0       256         0         0         0         0         0         0         0
   191/199     2.47G  0.004538   0.00236         0  0.006898         0       256         0         0         0         0         0         0         0
   192/199     2.47G  0.004833  0.002523         0  0.007356         0       256         0         0         0         0         0         0         0
   193/199     2.47G  0.005338  0.002559         0  0.007897         0       256         0         0         0         0         0         0         0
   194/199     2.47G  0.004369  0.002325         0  0.006694         0       256         0         0         0         0         0         0         0
   195/199     2.47G  0.004324  0.002308         0  0.006632         0       256         0         0         0         0         0         0         0
   196/199     2.47G  0.004301  0.002373         0  0.006674         0       256         0         0         0         0         0         0         0
   197/199     2.47G  0.005252  0.002576         0  0.007828         0       256         0         0         0         0         0         0         0
   198/199     2.47G  0.003952  0.002231         0  0.006184         0       256         0         0         0         0         0         0         0
   199/199     2.47G  0.004058  0.002259         0  0.006317         0       256    0.7672    0.9286    0.9303    0.6677   0.02598   0.01948         0
