     0/219     1.45G   0.05816   0.03283         0   0.09099         0       256         0         0 0.0004534 0.0001158   0.06783   0.03979         0
     1/219     1.45G   0.04911   0.03519         0   0.08431         0       256         0         0  0.001098 0.0001991   0.06152   0.03978         0
     2/219     1.45G   0.04309   0.03395         0   0.07703         0       256         0         0   0.02276  0.005152   0.05614   0.03638         0
     3/219     1.45G   0.04149    0.0275         0     0.069         0       256    0.2076    0.6786    0.3945     0.053   0.05648   0.02471         0
     4/219     1.45G   0.03968   0.02168         0   0.06137         0       256    0.1339    0.8214    0.4057    0.1619   0.05663   0.02012         0
     5/219     1.45G   0.04725   0.01512         0   0.06238         0       256    0.1407    0.3214     0.209   0.09936   0.07312   0.01591         0
     6/219     1.45G    0.0505   0.01477         0   0.06527         0       256    0.1724    0.8571    0.5523      0.24   0.05458   0.01815         0
     7/219     1.45G   0.04257   0.01407         0   0.05664         0       256    0.1022    0.8214    0.3294    0.1496    0.0669   0.01593         0
     8/219     1.45G   0.05361   0.01164         0   0.06525         0       256    0.3174    0.4643    0.3521    0.1942   0.06345   0.02105         0
     9/219     1.45G   0.04734   0.01285         0   0.06019         0       256    0.1062    0.9286    0.5053    0.1636   0.06435   0.01482         0
    10/219     1.45G   0.04792   0.01064         0   0.05855         0       256    0.1253    0.9286    0.5228    0.2314   0.05449   0.01599         0
    11/219     1.45G   0.04203   0.01061         0   0.05264         0       256    0.1252    0.9286    0.7046    0.2479   0.05818   0.01509         0
    12/219     1.45G   0.04511  0.009618         0   0.05473         0       256    0.1247    0.9286     0.742    0.3333   0.05301   0.01483         0
    13/219     1.45G   0.03999  0.009968         0   0.04996         0       256    0.1371    0.9286     0.421    0.1411   0.05419   0.01604         0
    14/219     1.45G   0.03887  0.009598         0   0.04847         0       256    0.1867    0.9286    0.6694    0.3674   0.04463   0.01561         0
    15/219     1.45G   0.03487  0.008577         0   0.04345         0       256    0.1472    0.8929    0.5961    0.3111   0.05315   0.01549         0
    16/219     1.45G   0.04381  0.008286         0   0.05209         0       256    0.1226    0.9286    0.8103    0.4362   0.05242   0.01509         0
    17/219     1.45G   0.04026  0.009661         0   0.04992         0       256    0.1468    0.8929    0.5709    0.2593   0.04774   0.01701         0
    18/219     1.45G   0.03443   0.01057         0     0.045         0       256     0.244    0.8571    0.7915    0.4995   0.03831   0.01764         0
    19/219     1.45G   0.03027  0.008906         0   0.03918         0       256    0.1986    0.9286    0.7582    0.3004   0.04079   0.01762         0
    20/219     1.45G   0.03196  0.008714         0   0.04067         0       256    0.2213    0.8929    0.7088    0.3956   0.04062   0.01856         0
    21/219     1.45G   0.02991  0.008287         0    0.0382         0       256    0.1836    0.9286    0.6929    0.4235   0.04444   0.01682         0
    22/219     1.45G   0.03126   0.00802         0   0.03928         0       256    0.2726    0.8929    0.7886     0.472   0.04177   0.01784         0
    23/219     1.45G   0.02885  0.008615         0   0.03747         0       256    0.2474    0.9286    0.8017    0.4537   0.03591   0.01693         0
    24/219     1.45G   0.02631  0.007895         0    0.0342         0       256      0.27    0.9286    0.7062    0.3611   0.03541   0.01707         0
    25/219     1.45G   0.02714  0.007666         0   0.03481         0       256    0.2215    0.8571    0.6774    0.4298   0.04005   0.01782         0
    26/219     1.45G   0.02726  0.007507         0   0.03476         0       256    0.3409    0.9286    0.7955    0.4709   0.03443    0.0178         0
    27/219     1.45G   0.02509  0.007305         0    0.0324         0       256    0.3018    0.9286    0.8051    0.4703   0.03384   0.01785         0
    28/219     1.45G   0.02614  0.007485         0   0.03363         0       256    0.2591    0.9286    0.8363    0.5211     0.037   0.01745         0
    29/219     1.45G   0.02696  0.007175         0   0.03413         0       256    0.2594    0.9286    0.7936    0.5052   0.03499   0.01706         0
    30/219     1.45G   0.02543  0.006993         0   0.03242         0       256    0.3585    0.9286    0.8131    0.5103   0.03241   0.01733         0
    31/219     1.45G   0.02288  0.006712         0   0.02959         0       256    0.3884    0.9286    0.8684    0.5307   0.03229   0.01704         0
    32/219     1.45G   0.02385  0.006763         0   0.03061         0       256    0.3083    0.8929    0.7809    0.4801   0.03676   0.01803         0
    33/219     1.45G   0.02999  0.007189         0   0.03718         0       256    0.3437    0.8214    0.7918    0.5209   0.03486   0.01864         0
    34/219     1.45G   0.02505  0.007304         0   0.03236         0       256    0.4269    0.8214    0.8567    0.5396   0.03299   0.01911         0
    35/219     1.45G   0.02082  0.006779         0    0.0276         0       256    0.4219    0.8929    0.8622    0.5513   0.03018    0.0177         0
    36/219     1.45G   0.02093  0.006554         0   0.02749         0       256    0.2873    0.9071    0.8552    0.4451   0.03511   0.01767         0
    37/219     1.45G   0.02746  0.007501         0   0.03496         0       256    0.3195    0.8929     0.794    0.3903   0.03239   0.01923         0
    38/219     1.45G   0.02008   0.00771         0   0.02779         0       256    0.3785    0.8929    0.8563    0.5127   0.02849   0.01922         0
    39/219     1.45G   0.01984   0.00668         0   0.02652         0       256    0.2511    0.9286    0.7824    0.3642    0.0326   0.01727         0
    40/219     1.45G   0.02409  0.007051         0   0.03114         0       256    0.3652    0.9286    0.8657    0.6179   0.03065   0.01708         0
    41/219     1.45G   0.02134  0.006982         0   0.02832         0       256    0.3554    0.9286    0.8652    0.4819   0.02966    0.0179         0
    42/219     1.45G    0.0198  0.006835         0   0.02663         0       256    0.3717    0.9286    0.8774    0.4929   0.02558   0.01731         0
    43/219     1.45G   0.01683  0.006674         0    0.0235         0       256    0.3374    0.9286    0.8775    0.5877   0.02742   0.01721         0
    44/219     1.45G   0.01982  0.006775         0   0.02659         0       256    0.4187    0.9286    0.8956    0.4475    0.0291   0.01723         0
    45/219     1.45G   0.01928  0.006853         0   0.02614         0       256    0.3972    0.9286    0.8776    0.5229   0.02735   0.01817         0
    46/219     1.45G   0.01835  0.006639         0   0.02499         0       256    0.6518    0.9286    0.8929    0.6317   0.02491   0.01757         0
    47/219     1.45G   0.01457   0.00608         0   0.02065         0       256    0.6551    0.9286    0.8772    0.6419   0.02547   0.01701         0
    48/219     1.45G   0.01681  0.006053         0   0.02287         0       256    0.7406    0.9286       0.9    0.5986   0.02812   0.01807         0
    49/219     1.45G   0.01739  0.006321         0   0.02371         0       256    0.5815    0.9286    0.8959    0.5694   0.02672   0.01771         0
    50/219     1.45G   0.01398  0.005594         0   0.01958         0       256    0.7114    0.9286    0.9033    0.6499   0.02324   0.01694         0
    51/219     1.45G   0.01445  0.005642         0   0.02009         0       256    0.6533    0.9286    0.9062     0.651   0.02338   0.01687         0
    52/219     1.45G   0.01431  0.005674         0   0.01999         0       256    0.6579    0.9286    0.8813    0.6403   0.02494   0.01864         0
    53/219     1.45G   0.01426  0.005679         0   0.01994         0       256    0.6277    0.8929    0.8815    0.5996   0.02675   0.01982         0
    54/219     1.45G   0.01507  0.005688         0   0.02076         0       256    0.6392    0.8929    0.8852    0.5454   0.02607    0.0197         0
    55/219     1.45G   0.01266  0.005542         0    0.0182         0       256    0.5301    0.8929    0.8686    0.5084   0.02582   0.01929         0
    56/219     1.45G   0.01363  0.005642         0   0.01927         0       256    0.6008    0.8599    0.8737    0.6077   0.02547    0.0195         0
    57/219     1.45G   0.01468  0.005508         0   0.02019         0       256    0.6756    0.8929    0.8766    0.5432   0.02521   0.01995         0
    58/219     1.45G   0.01248  0.005369         0   0.01785         0       256    0.7304    0.8929    0.8803    0.5918   0.02336   0.01935         0
    59/219     1.45G   0.01194  0.005068         0   0.01701         0       256    0.6744    0.8929    0.8775    0.5839   0.02359   0.01908         0
    60/219     1.45G   0.01221   0.00513         0   0.01734         0       256    0.6959    0.8929    0.8833    0.6262   0.02324   0.01893         0
    61/219     1.45G   0.01469  0.005431         0   0.02012         0       256    0.7637    0.8929    0.8784    0.6381   0.02379   0.01914         0
    62/219     1.45G   0.01235  0.005143         0   0.01749         0       256    0.8168    0.8929    0.8762    0.6084   0.02404   0.02001         0
    63/219     1.45G   0.01052  0.004856         0   0.01538         0       256    0.7435    0.8929    0.8777    0.5878   0.02448   0.01968         0
    64/219     1.45G   0.01472  0.005627         0   0.02034         0       256    0.6248    0.8929    0.8762    0.6154   0.02533   0.01854         0
    65/219     1.45G   0.01546  0.005617         0   0.02108         0       256    0.6594    0.8929    0.8877    0.6208   0.02378    0.0192         0
    66/219     1.45G   0.01338  0.005525         0    0.0189         0       256    0.6423    0.8929    0.8887     0.607   0.02244   0.01871         0
    67/219     1.45G   0.01077  0.005075         0   0.01585         0       256    0.6052    0.8929    0.8858    0.6124   0.02424   0.01824         0
    68/219     1.45G   0.01385  0.005356         0    0.0192         0       256    0.6287    0.8929    0.8864     0.632   0.02401   0.01827         0
    69/219     1.45G   0.01294   0.00515         0   0.01809         0       256     0.661    0.8929    0.8781    0.6517   0.02272   0.01879         0
    70/219     1.45G  0.009835  0.004602         0   0.01444         0       256    0.6152    0.8929    0.8836     0.624   0.02224   0.01815         0
    71/219     1.45G   0.01124  0.004791         0   0.01603         0       256    0.5264    0.8929    0.8805    0.4892   0.02667   0.01792         0
    72/219     1.45G   0.01908  0.006217         0    0.0253         0       256    0.6182    0.8929    0.8788    0.6288   0.02421   0.01965         0
    73/219     1.45G   0.01172  0.005107         0   0.01682         0       256    0.5838    0.8214    0.8639    0.5934   0.02473   0.01993         0
    74/219     1.45G  0.009522  0.004709         0   0.01423         0       256    0.6432    0.9286    0.8851    0.6207   0.02345   0.01858         0
    75/219     1.45G  0.009542  0.004323         0   0.01387         0       256    0.5751    0.9286    0.8816    0.6173    0.0245   0.01822         0
    76/219     1.45G   0.01276  0.005035         0    0.0178         0       256     0.608    0.9286    0.8865    0.6371   0.02397   0.01869         0
    77/219     1.45G   0.01278  0.005014         0   0.01779         0       256    0.6368    0.9286    0.8895     0.537   0.02565   0.01877         0
    78/219     1.45G   0.01193  0.004694         0   0.01663         0       256    0.6353    0.9286    0.8846    0.5926   0.02327   0.01907         0
    79/219     1.45G  0.009277  0.004475         0   0.01375         0       256    0.6527    0.9286    0.8846    0.5774   0.02257   0.01831         0
    80/219     1.45G  0.009525  0.004443         0   0.01397         0       256    0.7028    0.9286    0.8843    0.6347   0.02367   0.01771         0
    81/219     1.45G  0.008709  0.004186         0   0.01289         0       256    0.6495    0.9286    0.8878    0.6186    0.0231   0.01753         0
    82/219     1.45G  0.009099  0.004234         0   0.01333         0       256    0.6708    0.9286     0.887    0.6205   0.02256   0.01792         0
    83/219     1.45G  0.008622  0.004107         0   0.01273         0       256    0.6954    0.9286    0.8795    0.6109   0.02279   0.01852         0
    84/219     1.45G    0.0109  0.004499         0    0.0154         0       256    0.6982    0.8929    0.8747    0.5802   0.02449   0.01977         0
    85/219     1.45G   0.01294  0.004817         0   0.01775         0       256    0.6779    0.8214    0.8751    0.6102   0.02449    0.0204         0
    86/219     1.45G  0.009314  0.004422         0   0.01374         0       256    0.6653    0.8214    0.8676    0.5989   0.02359   0.02006         0
    87/219     1.45G  0.008624  0.004168         0   0.01279         0       256     0.641    0.8291    0.8674    0.5978   0.02347   0.02007         0
    88/219     1.45G   0.01103  0.004684         0   0.01571         0       256    0.6188    0.8571    0.8692    0.6252    0.0235   0.02007         0
    89/219     1.45G  0.009928  0.004361         0   0.01429         0       256    0.6708    0.8571    0.8722    0.6009   0.02338   0.02028         0
    90/219     1.45G  0.009328  0.004208         0   0.01354         0       256    0.6577    0.8571    0.8622    0.5948   0.02302   0.02019         0
    91/219     1.45G  0.007336  0.003884         0   0.01122         0       256    0.6731    0.8571    0.8645    0.5892   0.02302   0.02019         0
    92/219     1.45G  0.009563  0.004304         0   0.01387         0       256    0.7275    0.8571    0.8761    0.6002    0.0248   0.01939         0
    93/219     1.45G    0.0118  0.004747         0   0.01655         0       256    0.7559    0.8848    0.8765    0.6098   0.02383   0.01978         0
    94/219     1.45G   0.00871   0.00413         0   0.01284         0       256    0.7083    0.8571    0.8724    0.6157   0.02297   0.02011         0
    95/219     1.45G  0.007248  0.003838         0   0.01109         0       256     0.707    0.8571    0.8669    0.6017   0.02271   0.02031         0
    96/219     1.45G  0.008194  0.004009         0    0.0122         0       256    0.6546    0.8571     0.873    0.6108    0.0239   0.02037         0
    97/219     1.45G     0.011  0.004493         0   0.01549         0       256    0.6921    0.8571    0.8813    0.5951   0.02414   0.02056         0
    98/219     1.45G  0.008758  0.003984         0   0.01274         0       256    0.7068    0.8571    0.8758    0.6069   0.02342   0.02104         0
    99/219     1.45G  0.007074   0.00366         0   0.01073         0       256    0.7289    0.8571    0.8701    0.6076   0.02348   0.02098         0
   100/219     1.45G  0.008709  0.003918         0   0.01263         0       256    0.6676    0.8571    0.8719    0.6141   0.02367   0.02059         0
   101/219     1.45G   0.00894  0.003968         0   0.01291         0       256    0.6966    0.8571    0.8733    0.5712   0.02396   0.02058         0
   102/219     1.45G  0.009808  0.004131         0   0.01394         0       256    0.6755    0.8571    0.8768    0.5962   0.02387   0.02024         0
   103/219     1.45G  0.007394  0.003639         0   0.01103         0       256    0.6415    0.8571     0.871    0.5938   0.02449   0.02043         0
   104/219     1.45G  0.008935   0.00402         0   0.01295         0       256    0.6527    0.8571    0.8701    0.5793   0.02427   0.02019         0
   105/219     1.45G  0.007447  0.003617         0   0.01106         0       256    0.6206    0.8571    0.8737    0.5884   0.02413   0.01954         0
   106/219     1.45G  0.008209   0.00384         0   0.01205         0       256    0.6312    0.8929    0.8804    0.6287   0.02257   0.01903         0
   107/219     1.45G  0.007883  0.003701         0   0.01158         0       256    0.6277    0.9036    0.8824    0.5865   0.02251   0.01873         0
   108/219     1.45G  0.007745  0.003767         0   0.01151         0       256    0.6075    0.8571    0.8814    0.6155   0.02244   0.01938         0
   109/219     1.45G  0.007393  0.003642         0   0.01103         0       256    0.6596    0.8571    0.8835    0.6198   0.02247   0.01975         0
   110/219     1.45G  0.006831  0.003467         0    0.0103         0       256    0.6574    0.8908    0.8873    0.6703   0.02207   0.02005         0
   111/219     1.45G  0.006635  0.003465         0    0.0101         0       256    0.7127    0.8929    0.8876    0.6431   0.02245   0.02005         0
   112/219     1.45G  0.008979  0.004074         0   0.01305         0       256    0.6926    0.8929    0.8855    0.6305   0.02264   0.01964         0
   113/219     1.45G  0.008396   0.00372         0   0.01212         0       256    0.7552    0.8818    0.8951    0.6363   0.02265   0.01987         0
   114/219     1.45G  0.007488  0.003534         0   0.01102         0       256    0.7019    0.8929    0.8932    0.6276    0.0225   0.01958         0
   115/219     1.45G  0.006635  0.003419         0   0.01005         0       256    0.6371    0.8779    0.8854    0.6505    0.0222   0.01924         0
   116/219     1.45G  0.007319  0.003499         0   0.01082         0       256    0.6577     0.892    0.8878     0.637   0.02302   0.01909         0
   117/219     1.45G  0.007938  0.003495         0   0.01143         0       256    0.6459    0.8929    0.8854    0.6261   0.02316   0.01876         0
   118/219     1.45G  0.007257   0.00344         0    0.0107         0       256    0.6273    0.8929    0.8829    0.6324   0.02275   0.01856         0
   119/219     1.45G  0.006335  0.003267         0  0.009602         0       256    0.6778    0.8929    0.8859    0.6308   0.02248   0.01882         0
   120/219     1.45G  0.008346  0.003706         0   0.01205         0       256    0.6769    0.8929    0.8836    0.5465   0.02409   0.01957         0
   121/219     1.45G  0.008671  0.004057         0   0.01273         0       256    0.6426    0.8929    0.8776    0.6234   0.02325    0.0199         0
   122/219     1.45G  0.007018  0.003634         0   0.01065         0       256    0.6597    0.8929    0.8797    0.6359   0.02268   0.01994         0
   123/219     1.45G   0.00594  0.003325         0  0.009265         0       256    0.6501    0.8929     0.887    0.6377   0.02216   0.01963         0
   124/219     1.45G  0.006008  0.003272         0  0.009281         0       256     0.611    0.8929    0.8828    0.6326   0.02242   0.01957         0
   125/219     1.45G   0.00713  0.003408         0   0.01054         0       256    0.6686    0.8929    0.8822    0.6056   0.02248   0.01944         0
   126/219     1.45G  0.007454  0.003673         0   0.01113         0       256    0.6802    0.8929    0.8861    0.6373   0.02193   0.01944         0
   127/219     1.45G  0.006543  0.003413         0  0.009956         0       256    0.6969    0.8929    0.8857    0.6377   0.02209   0.01963         0
   128/219     1.45G  0.006709  0.003474         0   0.01018         0       256     0.691    0.8929    0.8849     0.627   0.02235   0.01974         0
   129/219     1.45G  0.006891  0.003468         0   0.01036         0       256    0.6895    0.8571    0.8858     0.616   0.02275   0.01997         0
   130/219     1.45G  0.005926  0.003188         0  0.009114         0       256    0.7167    0.8929    0.8887    0.6134    0.0222   0.02007         0
   131/219     1.45G  0.005193   0.00305         0  0.008243         0       256    0.6743    0.8874    0.8829    0.6234   0.02245   0.01987         0
   132/219     1.45G   0.00586  0.003255         0  0.009114         0       256    0.6219    0.8571    0.8833    0.6379   0.02235   0.01969         0
   133/219     1.45G  0.007886  0.003732         0   0.01162         0       256    0.6278    0.8571    0.8847    0.6159   0.02252    0.0195         0
   134/219     1.45G  0.006305  0.003227         0  0.009532         0       256    0.6564    0.8929    0.8864     0.627   0.02219   0.01951         0
   135/219     1.45G  0.005515  0.003057         0  0.008572         0       256    0.6427    0.8571    0.8838    0.6349   0.02216   0.01977         0
   136/219     1.45G  0.006647  0.003267         0  0.009914         0       256    0.6566    0.8571    0.8777    0.6147   0.02268   0.01994         0
   137/219     1.45G  0.005198  0.002927         0  0.008126         0       256    0.6914    0.8571    0.8768    0.6208   0.02227   0.02002         0
   138/219     1.45G  0.004934  0.002842         0  0.007776         0       256    0.6706    0.8571    0.8812     0.627   0.02251   0.01966         0
   139/219     1.45G  0.005553  0.002888         0  0.008441         0       256    0.6727    0.8571    0.8826    0.6306   0.02264   0.01984         0
   140/219     1.45G  0.006088  0.003056         0  0.009143         0       256    0.7043    0.8571    0.8828    0.6367    0.0228   0.01968         0
   141/219     1.45G  0.005984  0.003086         0  0.009071         0       256    0.7098    0.8571    0.8847    0.6357   0.02268   0.01958         0
   142/219     1.45G  0.005031  0.002773         0  0.007804         0       256    0.6916    0.8571    0.8877    0.6349   0.02224   0.01927         0
   143/219     1.45G  0.004672  0.002647         0  0.007319         0       256    0.6533    0.8571     0.886    0.5955   0.02249   0.01934         0
   144/219     1.45G  0.006441  0.003158         0  0.009599         0       256    0.6493    0.8596     0.886     0.632   0.02197   0.01956         0
   145/219     1.45G  0.006559  0.003185         0  0.009745         0       256    0.6666    0.8571    0.8851    0.6193   0.02252    0.0196         0
   146/219     1.45G  0.005648  0.002908         0  0.008555         0       256    0.7061    0.8571    0.8887     0.634   0.02227   0.01992         0
   147/219     1.45G  0.005135  0.002855         0   0.00799         0       256    0.7013    0.8571    0.8847    0.6327   0.02247   0.02025         0
   148/219     1.45G  0.006008  0.003147         0  0.009155         0       256     0.659    0.8571     0.881    0.6116    0.0228    0.0204         0
   149/219     1.45G  0.005389  0.002815         0  0.008204         0       256    0.6553    0.8571    0.8806    0.6147   0.02262   0.02043         0
   150/219     1.45G  0.004949  0.002765         0  0.007714         0       256    0.7054    0.8929    0.8876    0.6268   0.02223   0.02006         0
   151/219     1.45G   0.00426  0.002554         0  0.006814         0       256    0.6718    0.8929    0.8868    0.6312   0.02229   0.01999         0
   152/219     1.45G  0.005511  0.002926         0  0.008436         0       256    0.6717    0.8929    0.8864    0.6355   0.02237   0.02003         0
   153/219     1.45G  0.005984  0.003047         0  0.009031         0       256    0.6508    0.8929    0.8835    0.6132   0.02277   0.01966         0
   154/219     1.45G  0.005026  0.002702         0  0.007728         0       256     0.648    0.8929    0.8844    0.6298   0.02264   0.01942         0
   155/219     1.45G  0.004774  0.002699         0  0.007474         0       256    0.6417    0.8929     0.882    0.6311   0.02336   0.01964         0
   156/219     1.45G  0.005813  0.003062         0  0.008874         0       256     0.654    0.8571    0.8821    0.6239    0.0233    0.0196         0
   157/219     1.45G  0.005139  0.002834         0  0.007973         0       256    0.6927    0.8571    0.8839    0.6441   0.02281    0.0196         0
   158/219     1.45G  0.004106   0.00253         0  0.006636         0       256    0.6622    0.8929    0.8899    0.6431   0.02269   0.01928         0
   159/219     1.45G   0.00335  0.002301         0  0.005651         0       256    0.6179    0.8929     0.884    0.6266   0.02269   0.01955         0
   160/219     1.45G  0.004484  0.002613         0  0.007097         0       256    0.6323    0.9214    0.8853    0.6191   0.02268   0.01965         0
   161/219     1.45G  0.005423  0.002855         0  0.008278         0       256    0.6654    0.9232    0.8886    0.6135   0.02247   0.01962         0
   162/219     1.45G  0.004609  0.002638         0  0.007247         0       256    0.7095    0.9286    0.8898    0.6319   0.02268   0.01961         0
   163/219     1.45G  0.004971  0.002809         0   0.00778         0       256    0.7301    0.9286    0.8898    0.6317   0.02232   0.01985         0
   164/219     1.45G   0.00466  0.002753         0  0.007413         0       256    0.6561    0.8571    0.8836    0.6159   0.02237   0.02005         0
   165/219     1.45G  0.004189  0.002495         0  0.006685         0       256    0.6874    0.8571    0.8846    0.6165   0.02265   0.01984         0
   166/219     1.45G  0.004094  0.002473         0  0.006567         0       256    0.7181    0.8571    0.8879    0.6256   0.02226    0.0199         0
   167/219     1.45G  0.003955   0.00238         0  0.006335         0       256    0.6882    0.8672    0.8861    0.6321   0.02299   0.02006         0
   168/219     1.45G  0.005564  0.002751         0  0.008314         0       256    0.6787    0.8571     0.881    0.6418   0.02272   0.02014         0
   169/219     1.45G  0.004216  0.002494         0   0.00671         0       256    0.6685    0.8571    0.8826    0.6329   0.02274   0.01986         0
   170/219     1.45G  0.003954  0.002311         0  0.006265         0       256     0.706    0.8571    0.8889    0.6421   0.02234   0.01985         0
   171/219     1.45G  0.004619  0.002608         0  0.007227         0       256    0.6648    0.8571    0.8845    0.6443   0.02252   0.01991         0
   172/219     1.45G  0.005728  0.002987         0  0.008714         0       256    0.6683    0.8571    0.8836    0.6361   0.02275   0.02018         0
   173/219     1.45G  0.005106  0.002722         0  0.007827         0       256    0.6511    0.8571    0.8834     0.633    0.0227   0.02015         0
   174/219     1.45G  0.005238  0.002753         0  0.007991         0       256    0.6707    0.8571    0.8843    0.6266   0.02263      0.02         0
   175/219     1.45G  0.003534  0.002271         0  0.005805         0       256    0.6526    0.8571    0.8802    0.6367   0.02268   0.02021         0
   176/219     1.45G  0.003963  0.002422         0  0.006384         0       256    0.6507    0.8571    0.8816    0.6122    0.0229   0.02008         0
   177/219     1.45G  0.004912  0.002694         0  0.007606         0       256    0.6479    0.8571    0.8855    0.6276   0.02242    0.0199         0
   178/219     1.45G  0.003747  0.002313         0  0.006059         0       256    0.6482    0.8571    0.8858     0.635   0.02255   0.01989         0
   179/219     1.45G  0.003365  0.002182         0  0.005547         0       256    0.6479    0.8571    0.8843    0.6161   0.02281   0.02019         0
   180/219     1.45G  0.004107  0.002452         0  0.006558         0       256    0.6282    0.8571    0.8785    0.6166   0.02304   0.02058         0
   181/219     1.45G  0.004662  0.002544         0  0.007206         0       256    0.6282    0.8571    0.8827    0.6134   0.02301   0.02042         0
   182/219     1.45G  0.003799  0.002293         0  0.006092         0       256    0.6431    0.8571    0.8835    0.6132   0.02269   0.02033         0
   183/219     1.45G  0.003007  0.002042         0  0.005048         0       256    0.6589    0.8571    0.8839    0.6138    0.0226   0.02058         0
   184/219     1.45G  0.003144  0.002106         0   0.00525         0       256    0.6419    0.8571    0.8795    0.6339   0.02279   0.02058         0
   185/219     1.45G  0.003848   0.00239         0  0.006238         0       256    0.6703    0.8716    0.8829    0.6259   0.02246   0.02023         0
   186/219     1.45G  0.003438  0.002208         0  0.005646         0       256    0.6602    0.8571    0.8881    0.6324   0.02229   0.01994         0
   187/219     1.45G  0.002865  0.002014         0   0.00488         0       256    0.6532    0.8747     0.885    0.6253   0.02233   0.02002         0
   188/219     1.45G  0.003347  0.002212         0  0.005559         0       256    0.6889    0.8702     0.884     0.624   0.02228   0.02019         0
   189/219     1.45G  0.003408  0.002167         0  0.005575         0       256    0.6882    0.8674    0.8863    0.6321    0.0224   0.02007         0
   190/219     1.45G  0.003306  0.002064         0   0.00537         0       256    0.6824    0.8571    0.8882    0.6271   0.02214   0.02012         0
   191/219     1.45G   0.00346   0.00213         0  0.005589         0       256     0.687    0.8623    0.8874    0.6306   0.02242   0.02035         0
   192/219     1.45G  0.003498  0.002228         0  0.005726         0       256    0.6468    0.8571    0.8813    0.6255    0.0226   0.02052         0
   193/219     1.45G  0.003214  0.002048         0  0.005262         0       256    0.6834    0.8571     0.887    0.6179   0.02272    0.0203         0
   194/219     1.45G  0.003272  0.002085         0  0.005357         0       256    0.6301    0.8571    0.8835    0.6362   0.02244    0.0203         0
   195/219     1.45G  0.003217  0.002024         0  0.005241         0       256    0.6639    0.8571    0.8855    0.6311   0.02254   0.02041         0
   196/219     1.45G  0.003236  0.002106         0  0.005342         0       256    0.6463    0.8571    0.8855    0.6319   0.02263   0.02059         0
   197/219     1.45G  0.003832  0.002187         0  0.006018         0       256    0.6637    0.8571    0.8852    0.6382   0.02244   0.02056         0
   198/219     1.45G  0.003051  0.001941         0  0.004992         0       256    0.6674    0.8601    0.8851    0.6313   0.02262   0.02061         0
   199/219     1.45G  0.003241  0.002115         0  0.005356         0       256    0.6643    0.8571    0.8834    0.6164   0.02252   0.02087         0
   200/219     1.45G  0.003797  0.002271         0  0.006068         0       256    0.6465    0.8571    0.8804    0.6331    0.0229   0.02103         0
   201/219     1.45G  0.003603   0.00219         0  0.005793         0       256     0.664    0.8571    0.8824    0.6355   0.02277   0.02062         0
   202/219     1.45G  0.003134   0.00196         0  0.005094         0       256    0.6629    0.8571    0.8854    0.6355   0.02241   0.02041         0
   203/219     1.45G  0.002897  0.001938         0  0.004835         0       256    0.6445    0.8571    0.8838    0.6142   0.02271   0.02046         0
   204/219     1.45G  0.002875  0.001991         0  0.004866         0       256    0.6687     0.865    0.8826    0.6279   0.02249   0.02051         0
   205/219     1.45G   0.00261  0.001868         0  0.004477         0       256    0.6667    0.8574    0.8851    0.6354   0.02255   0.02017         0
   206/219     1.45G  0.002902  0.001922         0  0.004824         0       256     0.662    0.8571    0.8867    0.6322   0.02229   0.02005         0
   207/219     1.45G  0.003038  0.001978         0  0.005016         0       256    0.6599    0.8571     0.887    0.6266   0.02237   0.02007         0
   208/219     1.45G   0.00282  0.001962         0  0.004782         0       256      0.67    0.8704    0.8835    0.6296   0.02239   0.02015         0
   209/219     1.45G  0.003934  0.002354         0  0.006289         0       256    0.6515    0.8571    0.8818    0.6422   0.02238   0.01999         0
   210/219     1.45G  0.003645  0.002067         0  0.005712         0       256    0.6556    0.8571    0.8843    0.6331   0.02237   0.02011         0
   211/219     1.45G  0.002807  0.001886         0  0.004693         0       256    0.6784    0.8571    0.8841     0.635   0.02266   0.02033         0
   212/219     1.45G  0.003478  0.002151         0  0.005629         0       256    0.6665    0.8571    0.8769     0.629   0.02304   0.02075         0
   213/219     1.45G  0.003601  0.002019         0   0.00562         0       256    0.7057    0.8571    0.8822    0.6239   0.02293   0.02069         0
   214/219     1.45G  0.002755  0.001831         0  0.004586         0       256     0.648    0.8571    0.8799    0.6261   0.02276   0.02076         0
   215/219     1.45G  0.002884  0.001915         0    0.0048         0       256    0.6993    0.8571    0.8797    0.6412   0.02299    0.0209         0
   216/219     1.45G  0.003388  0.002181         0  0.005569         0       256    0.6989    0.8571    0.8805    0.6237   0.02297   0.02094         0
   217/219     1.45G  0.002828  0.001924         0  0.004752         0       256    0.6742    0.8571    0.8797    0.6085    0.0229   0.02062         0
   218/219     1.45G   0.00268  0.001851         0  0.004531         0       256    0.6647    0.8571    0.8849    0.6111   0.02281   0.02053         0
   219/219     1.45G  0.002955  0.001878         0  0.004832         0       256    0.6557    0.8571    0.8824    0.6227   0.02275   0.02061         0
