     0/199     2.47G   0.08539   0.03418         0    0.1196         0       256         0         0         0         0         0         0         0
     1/199     2.47G   0.07438   0.03521         0    0.1096         0       256         0         0         0         0         0         0         0
     2/199     2.47G   0.06684   0.03527         0    0.1021         0       256         0         0         0         0         0         0         0
     3/199     2.47G   0.05849   0.03569         0   0.09418         0       256         0         0         0         0         0         0         0
     4/199     2.47G   0.05151   0.03236         0   0.08387         0       256         0         0         0         0         0         0         0
     5/199     2.47G   0.05106   0.02547         0   0.07653         0       256         0         0         0         0         0         0         0
     6/199     2.47G   0.05679   0.01944         0   0.07623         0       256         0         0         0         0         0         0         0
     7/199     2.47G   0.05794   0.01764         0   0.07558         0       256         0         0         0         0         0         0         0
     8/199     2.47G   0.05195   0.01596         0   0.06791         0       256         0         0         0         0         0         0         0
     9/199     2.47G   0.06131   0.01546         0   0.07677         0       256         0         0         0         0         0         0         0
    10/199     2.47G   0.05114   0.01514         0   0.06629         0       256         0         0         0         0         0         0         0
    11/199     2.47G   0.06721   0.01385         0   0.08106         0       256         0         0         0         0         0         0         0
    12/199     2.47G   0.05506   0.01842         0   0.07348         0       256         0         0         0         0         0         0         0
    13/199     2.47G   0.05494   0.01506         0   0.07001         0       256         0         0         0         0         0         0         0
    14/199     2.47G   0.05813    0.0129         0   0.07103         0       256         0         0         0         0         0         0         0
    15/199     2.47G   0.05371   0.01265         0   0.06636         0       256         0         0         0         0         0         0         0
    16/199     2.47G   0.05512    0.0134         0   0.06853         0       256         0         0         0         0         0         0         0
    17/199     2.47G   0.05133   0.01268         0   0.06401         0       256         0         0         0         0         0         0         0
    18/199     2.47G   0.05148   0.01145         0   0.06293         0       256         0         0         0         0         0         0         0
    19/199     2.47G   0.04605   0.01221         0   0.05827         0       256         0         0         0         0         0         0         0
    20/199     2.47G   0.05559   0.01139         0   0.06698         0       256         0         0         0         0         0         0         0
    21/199     2.47G   0.04524   0.01153         0   0.05676         0       256         0         0         0         0         0         0         0
    22/199     2.47G   0.04086   0.01145         0   0.05231         0       256         0         0         0         0         0         0         0
    23/199     2.47G   0.03822    0.0104         0   0.04862         0       256         0         0         0         0         0         0         0
    24/199     2.47G   0.03818    0.0108         0   0.04898         0       256         0         0         0         0         0         0         0
    25/199     2.47G   0.04202  0.009765         0   0.05178         0       256         0         0         0         0         0         0         0
    26/199     2.47G   0.03511  0.009938         0   0.04504         0       256         0         0         0         0         0         0         0
    27/199     2.47G   0.03658  0.008651         0   0.04523         0       256         0         0         0         0         0         0         0
    28/199     2.47G   0.03187  0.008908         0   0.04077         0       256         0         0         0         0         0         0         0
    29/199     2.47G   0.03298  0.008507         0   0.04149         0       256         0         0         0         0         0         0         0
    30/199     2.47G   0.02995  0.007789         0   0.03774         0       256         0         0         0         0         0         0         0
    31/199     2.47G   0.02937  0.007593         0   0.03696         0       256         0         0         0         0         0         0         0
    32/199     2.47G   0.02822  0.007891         0   0.03611         0       256         0         0         0         0         0         0         0
    33/199     2.47G   0.03405  0.008091         0   0.04214         0       256         0         0         0         0         0         0         0
    34/199     2.47G   0.03256  0.008215         0   0.04077         0       256         0         0         0         0         0         0         0
    35/199     2.47G   0.02786  0.007818         0   0.03568         0       256         0         0         0         0         0         0         0
    36/199     2.47G   0.03405  0.008066         0   0.04211         0       256         0         0         0         0         0         0         0
    37/199     2.47G   0.02802  0.008589         0   0.03661         0       256         0         0         0         0         0         0         0
    38/199     2.47G   0.02556  0.007296         0   0.03286         0       256         0         0         0         0         0         0         0
    39/199     2.47G   0.02647  0.007189         0   0.03366         0       256         0         0         0         0         0         0         0
    40/199     2.47G   0.02577   0.00739         0   0.03316         0       256         0         0         0         0         0         0         0
    41/199     2.47G   0.02263  0.006643         0   0.02928         0       256         0         0         0         0         0         0         0
    42/199     2.47G   0.02679  0.006921         0   0.03371         0       256         0         0         0         0         0         0         0
    43/199     2.47G   0.02177  0.006813         0   0.02858         0       256         0         0         0         0         0         0         0
    44/199     2.47G   0.02424  0.006472         0   0.03071         0       256         0         0         0         0         0         0         0
    45/199     2.47G   0.02203  0.006122         0   0.02816         0       256         0         0         0         0         0         0         0
    46/199     2.47G    0.0226  0.006269         0   0.02887         0       256         0         0         0         0         0         0         0
    47/199     2.47G   0.02189  0.006423         0   0.02831         0       256         0         0         0         0         0         0         0
    48/199     2.47G   0.02289  0.006394         0   0.02929         0       256         0         0         0         0         0         0         0
    49/199     2.47G   0.02316   0.00628         0   0.02944         0       256         0         0         0         0         0         0         0
    50/199     2.47G   0.01785  0.005975         0   0.02383         0       256         0         0         0         0         0         0         0
    51/199     2.47G   0.02126  0.005754         0   0.02701         0       256         0         0         0         0         0         0         0
    52/199     2.47G   0.02354  0.006057         0   0.02959         0       256         0         0         0         0         0         0         0
    53/199     2.47G   0.02494  0.006671         0   0.03161         0       256         0         0         0         0         0         0         0
    54/199     2.47G   0.01963  0.006151         0   0.02578         0       256         0         0         0         0         0         0         0
    55/199     2.47G   0.01768  0.005629         0   0.02331         0       256         0         0         0         0         0         0         0
    56/199     2.47G   0.01977   0.00593         0    0.0257         0       256         0         0         0         0         0         0         0
    57/199     2.47G    0.0189  0.005632         0   0.02453         0       256         0         0         0         0         0         0         0
    58/199     2.47G   0.02077  0.005771         0   0.02654         0       256         0         0         0         0         0         0         0
    59/199     2.47G   0.01904  0.005965         0     0.025         0       256         0         0         0         0         0         0         0
    60/199     2.47G   0.01898  0.005914         0    0.0249         0       256         0         0         0         0         0         0         0
    61/199     2.47G   0.01916  0.005618         0   0.02477         0       256         0         0         0         0         0         0         0
    62/199     2.47G   0.01745  0.005535         0   0.02298         0       256         0         0         0         0         0         0         0
    63/199     2.47G   0.01712  0.005292         0   0.02241         0       256         0         0         0         0         0         0         0
    64/199     2.47G   0.01761  0.005674         0   0.02329         0       256         0         0         0         0         0         0         0
    65/199     2.47G   0.01708   0.00529         0   0.02237         0       256         0         0         0         0         0         0         0
    66/199     2.47G   0.01485  0.005171         0   0.02002         0       256         0         0         0         0         0         0         0
    67/199     2.47G   0.01927  0.005328         0   0.02459         0       256         0         0         0         0         0         0         0
    68/199     2.47G   0.01765  0.005321         0   0.02298         0       256         0         0         0         0         0         0         0
    69/199     2.47G   0.01672  0.005107         0   0.02183         0       256         0         0         0         0         0         0         0
    70/199     2.47G   0.01487  0.004847         0   0.01972         0       256         0         0         0         0         0         0         0
    71/199     2.47G   0.01356  0.004624         0   0.01818         0       256         0         0         0         0         0         0         0
    72/199     2.47G   0.01447  0.004695         0   0.01917         0       256         0         0         0         0         0         0         0
    73/199     2.47G   0.01778  0.005237         0   0.02302         0       256         0         0         0         0         0         0         0
    74/199     2.47G    0.0141  0.004744         0   0.01884         0       256         0         0         0         0         0         0         0
    75/199     2.47G   0.01408  0.004694         0   0.01878         0       256         0         0         0         0         0         0         0
    76/199     2.47G   0.01627  0.005188         0   0.02146         0       256         0         0         0         0         0         0         0
    77/199     2.47G   0.01519   0.00487         0   0.02006         0       256         0         0         0         0         0         0         0
    78/199     2.47G   0.01294  0.004614         0   0.01755         0       256         0         0         0         0         0         0         0
    79/199     2.47G   0.01719  0.004962         0   0.02215         0       256         0         0         0         0         0         0         0
    80/199     2.47G   0.01489  0.004811         0   0.01971         0       256         0         0         0         0         0         0         0
    81/199     2.47G   0.01337  0.004679         0   0.01805         0       256         0         0         0         0         0         0         0
    82/199     2.47G   0.01395  0.004619         0   0.01857         0       256         0         0         0         0         0         0         0
    83/199     2.47G    0.0142  0.004569         0   0.01877         0       256         0         0         0         0         0         0         0
    84/199     2.47G   0.01396   0.00472         0   0.01868         0       256         0         0         0         0         0         0         0
    85/199     2.47G   0.01564  0.005066         0   0.02071         0       256         0         0         0         0         0         0         0
    86/199     2.47G   0.01272  0.004694         0   0.01741         0       256         0         0         0         0         0         0         0
    87/199     2.47G    0.0123   0.00449         0   0.01679         0       256         0         0         0         0         0         0         0
    88/199     2.47G   0.01398  0.004713         0   0.01869         0       256         0         0         0         0         0         0         0
    89/199     2.47G   0.01363  0.004414         0   0.01804         0       256         0         0         0         0         0         0         0
    90/199     2.47G    0.0135  0.004604         0    0.0181         0       256         0         0         0         0         0         0         0
    91/199     2.47G   0.01079  0.004105         0    0.0149         0       256         0         0         0         0         0         0         0
    92/199     2.47G   0.01361  0.004638         0   0.01825         0       256         0         0         0         0         0         0         0
    93/199     2.47G   0.01079  0.004109         0    0.0149         0       256         0         0         0         0         0         0         0
    94/199     2.47G   0.01182  0.004088         0    0.0159         0       256         0         0         0         0         0         0         0
    95/199     2.47G   0.01135   0.00397         0   0.01532         0       256         0         0         0         0         0         0         0
    96/199     2.47G   0.01337  0.004477         0   0.01785         0       256         0         0         0         0         0         0         0
    97/199     2.47G   0.01487  0.004534         0   0.01941         0       256         0         0         0         0         0         0         0
    98/199     2.47G   0.01181  0.004258         0   0.01606         0       256         0         0         0         0         0         0         0
    99/199     2.47G   0.01037  0.003922         0   0.01429         0       256         0         0         0         0         0         0         0
   100/199     2.47G   0.01299  0.004224         0   0.01722         0       256         0         0         0         0         0         0         0
   101/199     2.47G   0.01146  0.003899         0   0.01536         0       256         0         0         0         0         0         0         0
   102/199     2.47G   0.01254   0.00412         0   0.01666         0       256         0         0         0         0         0         0         0
   103/199     2.47G    0.0112  0.003966         0   0.01517         0       256         0         0         0         0         0         0         0
   104/199     2.47G   0.01337  0.004318         0   0.01769         0       256         0         0         0         0         0         0         0
   105/199     2.47G  0.009359  0.003858         0   0.01322         0       256         0         0         0         0         0         0         0
   106/199     2.47G  0.009488  0.003743         0   0.01323         0       256         0         0         0         0         0         0         0
   107/199     2.47G   0.01285  0.004345         0   0.01719         0       256         0         0         0         0         0         0         0
   108/199     2.47G   0.01027  0.003861         0   0.01413         0       256         0         0         0         0         0         0         0
   109/199     2.47G    0.0123  0.004146         0   0.01644         0       256         0         0         0         0         0         0         0
   110/199     2.47G   0.00966  0.003825         0   0.01348         0       256         0         0         0         0         0         0         0
   111/199     2.47G   0.01018  0.003804         0   0.01398         0       256         0         0         0         0         0         0         0
   112/199     2.47G   0.01145  0.004076         0   0.01552         0       256         0         0         0         0         0         0         0
   113/199     2.47G   0.01079  0.003767         0   0.01455         0       256         0         0         0         0         0         0         0
   114/199     2.47G  0.009136  0.003593         0   0.01273         0       256         0         0         0         0         0         0         0
   115/199     2.47G   0.00961  0.003536         0   0.01315         0       256         0         0         0         0         0         0         0
   116/199     2.47G   0.01198  0.003977         0   0.01596         0       256         0         0         0         0         0         0         0
   117/199     2.47G   0.01269   0.00435         0   0.01704         0       256         0         0         0         0         0         0         0
   118/199     2.47G  0.008701  0.003532         0   0.01223         0       256         0         0         0         0         0         0         0
   119/199     2.47G  0.008397  0.003472         0   0.01187         0       256         0         0         0         0         0         0         0
   120/199     2.47G   0.01205  0.004135         0   0.01618         0       256         0         0         0         0         0         0         0
   121/199     2.47G   0.00856  0.003464         0   0.01202         0       256         0         0         0         0         0         0         0
   122/199     2.47G  0.008854  0.003448         0    0.0123         0       256         0         0         0         0         0         0         0
   123/199     2.47G  0.008483  0.003402         0   0.01189         0       256         0         0         0         0         0         0         0
   124/199     2.47G  0.009253  0.003569         0   0.01282         0       256         0         0         0         0         0         0         0
   125/199     2.47G   0.01066  0.003679         0   0.01434         0       256         0         0         0         0         0         0         0
   126/199     2.47G  0.008155  0.003363         0   0.01152         0       256         0         0         0         0         0         0         0
   127/199     2.47G  0.007762  0.003217         0   0.01098         0       256         0         0         0         0         0         0         0
   128/199     2.47G  0.009064   0.00348         0   0.01254         0       256         0         0         0         0         0         0         0
   129/199     2.47G  0.007991  0.003224         0   0.01121         0       256         0         0         0         0         0         0         0
   130/199     2.47G  0.008111  0.003236         0   0.01135         0       256         0         0         0         0         0         0         0
   131/199     2.47G  0.007174  0.003087         0   0.01026         0       256         0         0         0         0         0         0         0
   132/199     2.47G   0.01023  0.003737         0   0.01396         0       256         0         0         0         0         0         0         0
   133/199     2.47G  0.008208   0.00314         0   0.01135         0       256         0         0         0         0         0         0         0
   134/199     2.47G  0.007726  0.003166         0   0.01089         0       256         0         0         0         0         0         0         0
   135/199     2.47G  0.008071  0.003259         0   0.01133         0       256         0         0         0         0         0         0         0
   136/199     2.47G  0.007986  0.003323         0   0.01131         0       256         0         0         0         0         0         0         0
   137/199     2.47G  0.006873  0.002976         0  0.009849         0       256         0         0         0         0         0         0         0
   138/199     2.47G  0.007686   0.00306         0   0.01075         0       256         0         0         0         0         0         0         0
   139/199     2.47G  0.007861  0.003084         0   0.01094         0       256         0         0         0         0         0         0         0
   140/199     2.47G  0.007721  0.003162         0   0.01088         0       256         0         0         0         0         0         0         0
   141/199     2.47G  0.007341  0.003018         0   0.01036         0       256         0         0         0         0         0         0         0
   142/199     2.47G  0.007179  0.002921         0    0.0101         0       256         0         0         0         0         0         0         0
   143/199     2.47G  0.006627  0.002849         0  0.009476         0       256         0         0         0         0         0         0         0
   144/199     2.47G  0.007501  0.003083         0   0.01058         0       256         0         0         0         0         0         0         0
   145/199     2.47G  0.007634  0.003026         0   0.01066         0       256         0         0         0         0         0         0         0
   146/199     2.47G  0.006494    0.0028         0  0.009294         0       256         0         0         0         0         0         0         0
   147/199     2.47G  0.007042  0.002883         0  0.009925         0       256         0         0         0         0         0         0         0
   148/199     2.47G  0.007252  0.002986         0   0.01024         0       256         0         0         0         0         0         0         0
   149/199     2.47G  0.007074  0.002914         0  0.009988         0       256         0         0         0         0         0         0         0
   150/199     2.47G  0.006399  0.002802         0  0.009201         0       256         0         0         0         0         0         0         0
   151/199     2.47G  0.006198   0.00272         0  0.008918         0       256         0         0         0         0         0         0         0
   152/199     2.47G  0.007074  0.003003         0   0.01008         0       256         0         0         0         0         0         0         0
   153/199     2.47G  0.006152   0.00267         0  0.008822         0       256         0         0         0         0         0         0         0
   154/199     2.47G  0.005894  0.002633         0  0.008527         0       256         0         0         0         0         0         0         0
   155/199     2.47G  0.007155  0.002926         0   0.01008         0       256         0         0         0         0         0         0         0
   156/199     2.47G  0.006616  0.002926         0  0.009542         0       256         0         0         0         0         0         0         0
   157/199     2.47G  0.005809  0.002642         0   0.00845         0       256         0         0         0         0         0         0         0
   158/199     2.47G  0.005598  0.002557         0  0.008155         0       256         0         0         0         0         0         0         0
   159/199     2.47G  0.005889  0.002695         0  0.008583         0       256         0         0         0         0         0         0         0
   160/199     2.47G   0.00765  0.003096         0   0.01075         0       256         0         0         0         0         0         0         0
   161/199     2.47G  0.005488  0.002559         0  0.008047         0       256         0         0         0         0         0         0         0
   162/199     2.47G  0.005821  0.002648         0  0.008469         0       256         0         0         0         0         0         0         0
   163/199     2.47G   0.00513  0.002524         0  0.007654         0       256         0         0         0         0         0         0         0
   164/199     2.47G  0.006565  0.002829         0  0.009393         0       256         0         0         0         0         0         0         0
   165/199     2.47G  0.007768  0.002929         0    0.0107         0       256         0         0         0         0         0         0         0
   166/199     2.47G  0.005487  0.002522         0  0.008009         0       256         0         0         0         0         0         0         0
   167/199     2.47G   0.00546  0.002563         0  0.008023         0       256         0         0         0         0         0         0         0
   168/199     2.47G   0.00516  0.002541         0  0.007701         0       256         0         0         0         0         0         0         0
   169/199     2.47G  0.005631   0.00258         0  0.008211         0       256         0         0         0         0         0         0         0
   170/199     2.47G  0.005425  0.002464         0  0.007889         0       256         0         0         0         0         0         0         0
   171/199     2.47G  0.004529  0.002306         0  0.006835         0       256         0         0         0         0         0         0         0
   172/199     2.47G  0.005929  0.002721         0   0.00865         0       256         0         0         0         0         0         0         0
   173/199     2.47G  0.005617  0.002523         0   0.00814         0       256         0         0         0         0         0         0         0
   174/199     2.47G  0.005089  0.002483         0  0.007571         0       256         0         0         0         0         0         0         0
   175/199     2.47G  0.005087  0.002439         0  0.007526         0       256         0         0         0         0         0         0         0
   176/199     2.47G   0.00631  0.002662         0  0.008972         0       256         0         0         0         0         0         0         0
   177/199     2.47G  0.005026  0.002394         0  0.007421         0       256         0         0         0         0         0         0         0
   178/199     2.47G  0.005005  0.002366         0  0.007371         0       256         0         0         0         0         0         0         0
   179/199     2.47G  0.004276  0.002252         0  0.006528         0       256         0         0         0         0         0         0         0
   180/199     2.47G  0.005388  0.002611         0  0.007999         0       256         0         0         0         0         0         0         0
   181/199     2.47G  0.004679  0.002294         0  0.006973         0       256         0         0         0         0         0         0         0
   182/199     2.47G   0.00424    0.0022         0  0.006441         0       256         0         0         0         0         0         0         0
   183/199     2.47G  0.005271  0.002374         0  0.007646         0       256         0         0         0         0         0         0         0
   184/199     2.47G  0.004945  0.002373         0  0.007318         0       256         0         0         0         0         0         0         0
   185/199     2.47G  0.005277  0.002479         0  0.007756         0       256         0         0         0         0         0         0         0
   186/199     2.47G  0.004416  0.002227         0  0.006643         0       256         0         0         0         0         0         0         0
   187/199     2.47G  0.004812  0.002316         0  0.007128         0       256         0         0         0         0         0         0         0
   188/199     2.47G  0.005348   0.00255         0  0.007898         0       256         0         0         0         0         0         0         0
   189/199     2.47G   0.00413  0.002156         0  0.006286         0       256         0         0         0         0         0         0         0
   190/199     2.47G  0.004626  0.002245         0  0.006871         0       256         0         0         0         0         0         0         0
   191/199     2.47G  0.004774  0.002252         0  0.007026         0       256         0         0         0         0         0         0         0
   192/199     2.47G  0.004667  0.002367         0  0.007034         0       256         0         0         0         0         0         0         0
   193/199     2.47G  0.004283  0.002175         0  0.006458         0       256         0         0         0         0         0         0         0
   194/199     2.47G  0.004433    0.0022         0  0.006632         0       256         0         0         0         0         0         0         0
   195/199     2.47G  0.005089   0.00231         0    0.0074         0       256         0         0         0         0         0         0         0
   196/199     2.47G  0.005084  0.002408         0  0.007492         0       256         0         0         0         0         0         0         0
   197/199     2.47G  0.005399  0.002427         0  0.007826         0       256         0         0         0         0         0         0         0
   198/199     2.47G  0.004088  0.002127         0  0.006214         0       256         0         0         0         0         0         0         0
   199/199     2.47G  0.004111  0.002126         0  0.006237         0       256    0.7724    0.9643    0.9636    0.7048   0.02603   0.01889         0
