     0/219     2.05G   0.05872   0.03375         0   0.09247         0       256         0         0 0.0004643 7.072e-05   0.07139   0.03766         0
     1/219     2.05G   0.05017   0.03419         0   0.08436         0       256         0         0  0.004444 0.0005314   0.06572    0.0367         0
     2/219     2.05G   0.04484   0.03318         0   0.07802         0       256         0         0   0.05515   0.01088   0.05417   0.03762         0
     3/219     2.05G     0.041   0.02928         0   0.07028         0       256    0.1573    0.6786    0.1864   0.02649   0.05412   0.02797         0
     4/219     2.05G   0.04044   0.02238         0   0.06282         0       256    0.2246    0.8571    0.3031   0.09246   0.05512   0.02249         0
     5/219     2.05G   0.04692   0.01611         0   0.06303         0       256    0.2093    0.7857    0.4827    0.1971   0.05861   0.01956         0
     6/219     2.05G   0.04597   0.01533         0   0.06129         0       256    0.5067    0.7857    0.6355    0.2421   0.04334   0.02459         0
     7/219     2.05G   0.03898   0.01558         0   0.05456         0       256    0.1382    0.8929    0.3661    0.1627   0.05419   0.01791         0
     8/219     2.05G    0.0454   0.01219         0   0.05759         0       256    0.1089      0.75    0.3447    0.1078   0.05311   0.01981         0
     9/219     2.05G   0.03921   0.01412         0   0.05333         0       256   0.08334    0.9643    0.2713   0.08137   0.05305   0.01589         0
    10/219     2.05G   0.03874   0.01142         0   0.05016         0       256     0.198    0.8214    0.5654    0.2638   0.04287    0.0219         0
    11/219     2.05G   0.03378   0.01142         0    0.0452         0       256    0.1896    0.8929    0.8046    0.2688   0.04618   0.01652         0
    12/219     2.05G    0.0365   0.01052         0   0.04702         0       256    0.1485    0.9286     0.499   0.09971     0.048   0.01563         0
    13/219     2.05G   0.03753  0.009947         0   0.04748         0       256    0.1704    0.9286     0.616    0.3056   0.04283   0.01686         0
    14/219     2.05G   0.02923  0.009346         0   0.03858         0       256    0.1936    0.9286    0.6852    0.1852   0.03728   0.01675         0
    15/219     2.05G   0.02902  0.008993         0   0.03802         0       256    0.2083    0.9286    0.7464    0.3349   0.03666   0.01727         0
    16/219     2.05G   0.02835   0.00929         0   0.03764         0       256    0.1935    0.8929     0.792    0.4404   0.03854   0.01755         0
    17/219     2.05G   0.02786  0.009183         0   0.03704         0       256     0.286    0.9286    0.7518    0.4534   0.03468   0.01689         0
    18/219     2.05G   0.02443  0.007968         0    0.0324         0       256    0.2709    0.8929    0.8409    0.4459   0.03293   0.01632         0
    19/219     2.05G   0.02441   0.00783         0   0.03224         0       256    0.2427    0.9286    0.7204     0.232   0.03848    0.0168         0
    20/219     2.05G   0.02819   0.00843         0   0.03662         0       256    0.3659    0.9286    0.8172    0.3805   0.03109   0.01719         0
    21/219     2.05G   0.02275  0.008303         0   0.03105         0       256    0.2421    0.9286    0.8075    0.4985   0.03296   0.01613         0
    22/219     2.05G   0.02133  0.007474         0    0.0288         0       256    0.2655    0.9286    0.7767    0.4422   0.03163   0.01596         0
    23/219     2.05G   0.02222  0.007226         0   0.02945         0       256    0.2563    0.9286    0.6715    0.4173   0.03069   0.01696         0
    24/219     2.05G   0.02265  0.007874         0   0.03052         0       256    0.3334    0.9286     0.759     0.252    0.0337   0.01866         0
    25/219     2.05G   0.02638  0.008261         0   0.03464         0       256      0.28    0.9286    0.7919    0.4569   0.03186   0.01706         0
    26/219     2.05G   0.02216   0.00748         0   0.02964         0       256    0.3402    0.9286    0.8456    0.4598   0.02803   0.01685         0
    27/219     2.05G   0.01688  0.007186         0   0.02406         0       256    0.4171    0.9286    0.8619    0.5904   0.02722   0.01667         0
    28/219     2.05G   0.01928  0.006764         0   0.02604         0       256    0.3453    0.9286    0.8756    0.5619   0.03058     0.017         0
    29/219     2.05G   0.02131  0.006833         0   0.02814         0       256    0.4275    0.9068    0.8266    0.4449   0.03216   0.01752         0
    30/219     2.05G   0.01789  0.006747         0   0.02463         0       256    0.3851    0.9286    0.8581    0.4368    0.0309   0.01797         0
    31/219     2.05G   0.01968  0.006821         0    0.0265         0       256    0.3804    0.9286    0.8386    0.4962   0.02949   0.01692         0
    32/219     2.05G   0.01952  0.006697         0   0.02622         0       256    0.4089    0.9286    0.8264    0.5073   0.03381   0.01793         0
    33/219     2.05G   0.02645  0.006734         0   0.03318         0       256    0.3826    0.8929    0.8545    0.5468   0.03178   0.01892         0
    34/219     2.05G   0.01796  0.007295         0   0.02525         0       256     0.482    0.9286    0.8828    0.5982   0.02843   0.01826         0
    35/219     2.05G   0.01585  0.006323         0   0.02218         0       256    0.4342    0.9286    0.8974    0.5927      0.03   0.01663         0
    36/219     2.05G   0.02094  0.006832         0   0.02777         0       256    0.3173    0.9286    0.8495    0.3199    0.0271   0.01616         0
    37/219     2.05G   0.01691  0.006378         0   0.02329         0       256    0.3322    0.9286    0.8467    0.4255   0.02961   0.01641         0
    38/219     2.05G    0.0175  0.006164         0   0.02366         0       256    0.3917    0.9286    0.8848    0.5442   0.02864   0.01667         0
    39/219     2.05G   0.01666  0.005873         0   0.02254         0       256    0.4428    0.9286    0.8772    0.5897   0.02804   0.01717         0
    40/219     2.05G   0.01544  0.006151         0    0.0216         0       256    0.4844    0.9286    0.8085    0.4215    0.0281   0.01822         0
    41/219     2.05G   0.01989  0.006474         0   0.02636         0       256    0.3974    0.9187    0.7963    0.3642   0.02838   0.01786         0
    42/219     2.05G   0.01749  0.006087         0   0.02358         0       256    0.4527    0.8929    0.8519    0.5655   0.02808   0.01871         0
    43/219     2.05G   0.01675   0.00623         0   0.02298         0       256    0.5894    0.9286    0.8939    0.5612   0.02603   0.01763         0
    44/219     2.05G   0.01665   0.00632         0   0.02297         0       256    0.4495    0.9286    0.8734    0.5188   0.02678   0.01698         0
    45/219     2.05G   0.01614  0.006098         0   0.02224         0       256     0.446    0.9286    0.8663    0.4795   0.02637    0.0175         0
    46/219     2.05G   0.01663  0.006309         0   0.02294         0       256    0.4426    0.9286    0.8693    0.5972   0.02502   0.01726         0
    47/219     2.05G   0.01357  0.005721         0   0.01929         0       256    0.4795    0.9643    0.8938    0.5684   0.02713   0.01674         0
    48/219     2.05G   0.01643  0.006112         0   0.02254         0       256    0.5109    0.9286    0.8703    0.5403   0.02582   0.01742         0
    49/219     2.05G   0.01565  0.005763         0   0.02142         0       256    0.4314    0.9286    0.8463    0.4818   0.02722   0.01759         0
    50/219     2.05G   0.01462  0.005724         0   0.02034         0       256    0.4458    0.9286    0.8773     0.553   0.02429    0.0169         0
    51/219     2.05G   0.01319  0.005503         0    0.0187         0       256    0.4192    0.9286     0.898     0.572   0.02502   0.01645         0
    52/219     2.05G   0.01368  0.005604         0   0.01929         0       256    0.4782    0.9286    0.9047     0.574   0.02621   0.01708         0
    53/219     2.05G   0.01611  0.005946         0   0.02206         0       256    0.6054    0.9286    0.9072    0.5539   0.02508   0.01702         0
    54/219     2.05G   0.01266  0.005506         0   0.01816         0       256    0.4564    0.9286    0.8834    0.6063   0.02607   0.01685         0
    55/219     2.05G   0.01329  0.005356         0   0.01865         0       256    0.5458    0.9286    0.9158    0.6172   0.02441   0.01648         0
    56/219     2.05G   0.01136  0.005126         0   0.01648         0       256    0.5195    0.9286    0.9094    0.6143   0.02452   0.01668         0
    57/219     2.05G   0.01321  0.005441         0   0.01865         0       256    0.5243    0.9286    0.9082    0.6038   0.02392   0.01657         0
    58/219     2.05G   0.01211  0.005003         0   0.01711         0       256    0.5092    0.9286    0.8978    0.6297   0.02416   0.01728         0
    59/219     2.05G   0.01157  0.005021         0   0.01659         0       256     0.523    0.8929    0.8931    0.6103   0.02461   0.01779         0
    60/219     2.05G   0.01203  0.005146         0   0.01717         0       256    0.6513    0.8571    0.8948    0.5556    0.0255   0.01831         0
    61/219     2.05G   0.01232  0.005049         0   0.01737         0       256    0.5808    0.8571    0.8854     0.565   0.02713   0.01908         0
    62/219     2.05G   0.01162  0.004803         0   0.01643         0       256    0.5565    0.8571    0.8851    0.5343   0.02496   0.01892         0
    63/219     2.05G   0.01186  0.004871         0   0.01673         0       256    0.5515    0.8571    0.8803    0.5699   0.02539   0.01914         0
    64/219     2.05G   0.01206   0.00509         0   0.01715         0       256    0.6376    0.8571    0.8934    0.6123    0.0243   0.01885         0
    65/219     2.05G   0.01301  0.005353         0   0.01836         0       256    0.6007    0.8571    0.8911    0.5895   0.02449   0.01838         0
    66/219     2.05G   0.01138  0.005091         0   0.01647         0       256     0.529    0.9286    0.9032    0.6276   0.02284   0.01815         0
    67/219     2.05G  0.009738  0.004737         0   0.01447         0       256    0.5741    0.9286    0.9072    0.6137    0.0232    0.0179         0
    68/219     2.05G   0.01179     0.005         0   0.01679         0       256    0.5569    0.9286    0.9038    0.5043   0.02505   0.01765         0
    69/219     2.05G   0.01594  0.005778         0   0.02172         0       256    0.5114    0.9286     0.885     0.601     0.026   0.01745         0
    70/219     2.05G   0.01234  0.005097         0   0.01744         0       256    0.5659    0.9286    0.9088    0.5931   0.02492   0.01753         0
    71/219     2.05G   0.01058  0.005116         0   0.01569         0       256    0.5789    0.9286    0.8983    0.5852   0.02419   0.01719         0
    72/219     2.05G   0.01236   0.00511         0   0.01747         0       256    0.5609    0.9286    0.8923    0.5973   0.02378   0.01763         0
    73/219     2.05G   0.01196  0.005227         0   0.01718         0       256    0.4761    0.9286    0.8642    0.5627    0.0243   0.01769         0
    74/219     2.05G   0.01035  0.004639         0   0.01499         0       256    0.5114    0.9286    0.8469    0.5256   0.02422   0.01804         0
    75/219     2.05G   0.01127  0.005051         0   0.01633         0       256    0.6222    0.9286    0.8763    0.5983   0.02341   0.01809         0
    76/219     2.05G   0.01041  0.004835         0   0.01524         0       256    0.6273    0.9286    0.8926    0.5955   0.02347     0.018         0
    77/219     2.05G  0.009949  0.004615         0   0.01456         0       256    0.6006    0.9286     0.897    0.5843   0.02371   0.01775         0
    78/219     2.05G  0.009184  0.004526         0   0.01371         0       256    0.5116    0.9286    0.8798    0.5855   0.02284   0.01782         0
    79/219     2.05G   0.01022  0.004745         0   0.01497         0       256    0.5758    0.9286    0.8825     0.554   0.02325   0.01795         0
    80/219     2.05G   0.01294  0.005176         0   0.01812         0       256    0.5976    0.9286    0.8821    0.5684   0.02349   0.01782         0
    81/219     2.05G   0.01025  0.004587         0   0.01483         0       256    0.6706    0.9286    0.8974    0.5933   0.02271   0.01752         0
    82/219     2.05G  0.008888  0.004451         0   0.01334         0       256    0.5934    0.9286    0.8984     0.576   0.02348    0.0172         0
    83/219     2.05G  0.009597  0.004655         0   0.01425         0       256    0.6189    0.9286    0.8939    0.5939   0.02306   0.01736         0
    84/219     2.05G   0.01023   0.00459         0   0.01482         0       256    0.5701    0.9286    0.8973    0.5639   0.02358   0.01755         0
    85/219     2.05G   0.01059  0.004434         0   0.01502         0       256    0.5722    0.9286    0.9055    0.6085   0.02375    0.0178         0
    86/219     2.05G  0.008564  0.004037         0    0.0126         0       256    0.5974    0.9286    0.9073    0.5516   0.02339   0.01787         0
    87/219     2.05G  0.008741   0.00411         0   0.01285         0       256    0.6272    0.9286    0.9097    0.5911   0.02294   0.01801         0
    88/219     2.05G  0.009509  0.004253         0   0.01376         0       256    0.5933    0.9286    0.9115    0.5778    0.0244   0.01824         0
    89/219     2.05G   0.01136  0.004537         0   0.01589         0       256    0.6135    0.9286    0.8783    0.5337   0.02515   0.01859         0
    90/219     2.05G  0.009964  0.004314         0   0.01428         0       256    0.5996    0.9286    0.9102    0.5763   0.02283    0.0182         0
    91/219     2.05G  0.008166  0.004095         0   0.01226         0       256    0.5942    0.9286    0.9113     0.592   0.02334   0.01784         0
    92/219     2.05G   0.01096  0.004634         0   0.01559         0       256    0.5912    0.9286    0.9113    0.5597   0.02429   0.01769         0
    93/219     2.05G    0.0115  0.004682         0   0.01618         0       256     0.641    0.9286     0.909     0.612   0.02271   0.01742         0
    94/219     2.05G  0.008039  0.004195         0   0.01223         0       256    0.6033    0.9286    0.9091    0.6443   0.02303    0.0171         0
    95/219     2.05G  0.008353   0.00425         0    0.0126         0       256    0.5241    0.9286    0.9059    0.5731   0.02376   0.01724         0
    96/219     2.05G   0.01015  0.004691         0   0.01484         0       256    0.4902    0.9286    0.9125    0.6272   0.02359   0.01719         0
    97/219     2.05G   0.01042  0.004545         0   0.01496         0       256    0.4991    0.9286    0.9128    0.6091   0.02391   0.01735         0
    98/219     2.05G   0.01089  0.004544         0   0.01544         0       256    0.6069    0.9286    0.9134    0.6072   0.02318     0.017         0
    99/219     2.05G  0.008182  0.004276         0   0.01246         0       256    0.6356    0.9286    0.9113    0.5963   0.02272   0.01708         0
   100/219     2.05G  0.008879  0.004335         0   0.01321         0       256    0.6221    0.9286    0.9016    0.5918   0.02283   0.01712         0
   101/219     2.05G  0.009293  0.004258         0   0.01355         0       256    0.5879    0.9286    0.9033    0.5854   0.02471   0.01748         0
   102/219     2.05G   0.01088  0.004442         0   0.01532         0       256    0.5763    0.9286    0.9021    0.5874    0.0223   0.01745         0
   103/219     2.05G  0.008276  0.004169         0   0.01245         0       256    0.5646    0.9286    0.8981    0.5937   0.02307   0.01772         0
   104/219     2.05G   0.01032  0.004576         0    0.0149         0       256    0.5573    0.9286    0.8995    0.5801    0.0237   0.01774         0
   105/219     2.05G  0.009391  0.004263         0   0.01365         0       256      0.59    0.9286    0.9034    0.5816   0.02267   0.01798         0
   106/219     2.05G  0.006338  0.003806         0   0.01014         0       256    0.5531    0.9286    0.9046    0.5799   0.02261   0.01791         0
   107/219     2.05G  0.007067  0.003761         0   0.01083         0       256    0.6061    0.9286    0.9071     0.599   0.02311   0.01834         0
   108/219     2.05G    0.0089  0.004249         0   0.01315         0       256    0.6215    0.9286    0.9092    0.6052   0.02335   0.01849         0
   109/219     2.05G  0.007898   0.00395         0   0.01185         0       256    0.6084    0.9286    0.9101    0.6014   0.02331   0.01841         0
   110/219     2.05G  0.008289  0.004145         0   0.01243         0       256    0.5896    0.9286    0.8962    0.5977    0.0227   0.01812         0
   111/219     2.05G  0.006653   0.00369         0   0.01034         0       256    0.6146    0.9286     0.911    0.5801   0.02352   0.01812         0
   112/219     2.05G  0.007643   0.00404         0   0.01168         0       256    0.6054    0.9286      0.88    0.5691   0.02299   0.01763         0
   113/219     2.05G  0.007932   0.00398         0   0.01191         0       256    0.5829    0.9286    0.9129    0.6083   0.02256   0.01721         0
   114/219     2.05G    0.0073  0.003828         0   0.01113         0       256    0.5639    0.9286    0.9119    0.5803   0.02243   0.01714         0
   115/219     2.05G  0.007315  0.003731         0   0.01105         0       256    0.5983    0.9286     0.914    0.6041   0.02246   0.01731         0
   116/219     2.05G   0.00814  0.004147         0   0.01229         0       256    0.6213    0.9286    0.9145    0.5917   0.02316   0.01739         0
   117/219     2.05G   0.00932  0.004416         0   0.01374         0       256    0.6057    0.9286    0.9156    0.5891   0.02295   0.01734         0
   118/219     2.05G  0.007594  0.003955         0   0.01155         0       256      0.61    0.9286    0.9112    0.5976   0.02215   0.01755         0
   119/219     2.05G   0.00695  0.003717         0   0.01067         0       256    0.6072    0.9286    0.9102    0.6052   0.02261   0.01767         0
   120/219     2.05G  0.007524  0.003812         0   0.01134         0       256    0.5825    0.9286    0.9088     0.608   0.02333   0.01772         0
   121/219     2.05G  0.006626  0.003512         0   0.01014         0       256     0.528    0.9286    0.9117    0.6291   0.02306   0.01746         0
   122/219     2.05G  0.005374  0.003139         0  0.008513         0       256    0.5104    0.9286    0.9051    0.6028    0.0236   0.01748         0
   123/219     2.05G  0.007229  0.003542         0   0.01077         0       256    0.5656    0.9286    0.9075    0.5957   0.02329    0.0178         0
   124/219     2.05G  0.007795  0.003749         0   0.01154         0       256    0.5451    0.9286    0.9082    0.6111   0.02345    0.0178         0
   125/219     2.05G  0.007873  0.003662         0   0.01153         0       256    0.5648    0.9286    0.9181    0.6049   0.02359   0.01756         0
   126/219     2.05G  0.006999  0.003561         0   0.01056         0       256    0.6015    0.9286    0.9198    0.6244   0.02256   0.01754         0
   127/219     2.05G  0.005909  0.003337         0  0.009247         0       256     0.556    0.9286    0.9129    0.6054   0.02268   0.01759         0
   128/219     2.05G  0.007447  0.003821         0   0.01127         0       256    0.5784    0.9286    0.9138    0.6266   0.02203   0.01741         0
   129/219     2.05G  0.005652  0.003318         0   0.00897         0       256     0.618    0.9286    0.9198    0.6404   0.02237   0.01716         0
   130/219     2.05G  0.005508  0.003377         0  0.008885         0       256    0.5914    0.9286    0.9206    0.6503   0.02235   0.01726         0
   131/219     2.05G  0.005577  0.003346         0  0.008923         0       256    0.5758    0.9286    0.9169    0.6312   0.02245   0.01738         0
   132/219     2.05G  0.007655  0.003844         0    0.0115         0       256    0.6512    0.9286    0.9153    0.6312   0.02226   0.01765         0
   133/219     2.05G  0.007119  0.003439         0   0.01056         0       256    0.6538    0.9286    0.9179    0.6282   0.02224   0.01769         0
   134/219     2.05G  0.005753  0.003267         0   0.00902         0       256    0.6051    0.9286    0.9159     0.622    0.0222   0.01772         0
   135/219     2.05G  0.004895  0.003068         0  0.007963         0       256    0.6547    0.9286    0.9164    0.6066   0.02228    0.0178         0
   136/219     2.05G  0.006585  0.003515         0    0.0101         0       256     0.594    0.9286     0.915     0.608   0.02242    0.0178         0
   137/219     2.05G  0.006256  0.003386         0  0.009642         0       256    0.6223    0.9286    0.9155    0.6078   0.02261   0.01781         0
   138/219     2.05G  0.005851  0.003366         0  0.009217         0       256    0.5968    0.9286    0.9158    0.6018   0.02245   0.01786         0
   139/219     2.05G  0.005553  0.003164         0  0.008717         0       256    0.5732    0.9286    0.9149    0.5999   0.02274   0.01785         0
   140/219     2.05G  0.006206  0.003351         0  0.009557         0       256    0.6196    0.9286    0.9153    0.5987   0.02303   0.01777         0
   141/219     2.05G   0.00703  0.003689         0   0.01072         0       256    0.6151    0.9286    0.9155    0.6301   0.02247   0.01746         0
   142/219     2.05G  0.005204  0.003174         0  0.008378         0       256    0.5702    0.9286    0.9159    0.6138   0.02229   0.01751         0
   143/219     2.05G   0.00486  0.003194         0  0.008055         0       256    0.5883    0.9286    0.9142    0.6055   0.02233   0.01763         0
   144/219     2.05G  0.005951  0.003541         0  0.009492         0       256    0.6039    0.9286    0.9139     0.596   0.02206   0.01759         0
   145/219     2.05G   0.00487  0.003151         0  0.008021         0       256    0.5753    0.9286    0.9175    0.6148   0.02165   0.01761         0
   146/219     2.05G  0.004497  0.003043         0   0.00754         0       256    0.5079    0.9286    0.9101    0.6112   0.02185   0.01772         0
   147/219     2.05G  0.004839  0.003133         0  0.007972         0       256    0.5497    0.9286    0.9177    0.6111   0.02223   0.01804         0
   148/219     2.05G  0.006424  0.003567         0  0.009991         0       256    0.5644    0.9286    0.9159    0.6341   0.02212   0.01815         0
   149/219     2.05G  0.006377   0.00348         0  0.009857         0       256    0.6063    0.9286    0.9161    0.5994   0.02208   0.01791         0
   150/219     2.05G  0.005511  0.003226         0  0.008737         0       256    0.5966    0.9286    0.9144    0.6075   0.02192   0.01785         0
   151/219     2.05G  0.004885  0.003099         0  0.007984         0       256    0.6141    0.9286    0.9119    0.6057   0.02245   0.01801         0
   152/219     2.05G  0.005351  0.003241         0  0.008592         0       256    0.6355    0.9286    0.9121    0.6022   0.02248   0.01805         0
   153/219     2.05G  0.004817  0.003012         0  0.007829         0       256    0.6322    0.9286    0.9127    0.6163   0.02234   0.01781         0
   154/219     2.05G  0.004338  0.002897         0  0.007235         0       256     0.622    0.9286    0.9093    0.5982   0.02217   0.01797         0
   155/219     2.05G   0.00399  0.002795         0  0.006784         0       256    0.6343    0.9286    0.9105    0.5858   0.02226    0.0181         0
   156/219     2.05G  0.004932  0.003094         0  0.008026         0       256    0.6453    0.9286    0.9033    0.5912   0.02249   0.01821         0
   157/219     2.05G  0.006198  0.003203         0  0.009401         0       256    0.6027    0.9286    0.9095    0.5861   0.02254   0.01807         0
   158/219     2.05G  0.004829   0.00291         0  0.007739         0       256    0.5789    0.9286      0.91    0.6017   0.02243   0.01798         0
   159/219     2.05G  0.004305  0.002816         0  0.007121         0       256    0.6093    0.9286    0.9029    0.6068   0.02261   0.01815         0
   160/219     2.05G  0.004934  0.003141         0  0.008075         0       256    0.6458    0.9286    0.9059    0.6026   0.02239   0.01828         0
   161/219     2.05G  0.005024  0.003134         0  0.008158         0       256    0.6336    0.9286    0.9155     0.607   0.02215   0.01818         0
   162/219     2.05G  0.005121  0.003011         0  0.008131         0       256    0.6027    0.9286    0.9142    0.6021   0.02236   0.01827         0
   163/219     2.05G  0.004512  0.002898         0   0.00741         0       256    0.6011    0.9286    0.9086    0.6109   0.02242   0.01844         0
   164/219     2.05G  0.004301   0.00294         0  0.007241         0       256    0.6092    0.9286    0.9086    0.6137   0.02222   0.01842         0
   165/219     2.05G  0.004429  0.002886         0  0.007315         0       256    0.6212    0.9286    0.9144    0.6155   0.02219   0.01844         0
   166/219     2.05G   0.00426  0.002809         0  0.007069         0       256      0.62    0.9286    0.9107    0.6131    0.0221   0.01849         0
   167/219     2.05G  0.005033  0.003055         0  0.008088         0       256    0.5657    0.9286    0.9075    0.6241    0.0225   0.01858         0
   168/219     2.05G  0.004723  0.002917         0   0.00764         0       256    0.5881    0.9286    0.9061    0.6205   0.02227   0.01855         0
   169/219     2.05G  0.004676  0.002838         0  0.007514         0       256    0.5838    0.9286    0.9177    0.6247   0.02253   0.01834         0
   170/219     2.05G  0.004756   0.00291         0  0.007666         0       256    0.5866    0.9286    0.9166    0.6254   0.02239   0.01835         0
   171/219     2.05G   0.00389  0.002711         0  0.006602         0       256    0.6062    0.9286    0.9161    0.6191   0.02262   0.01842         0
   172/219     2.05G  0.003992  0.002811         0  0.006802         0       256    0.6072    0.9286    0.9142    0.6223   0.02241   0.01836         0
   173/219     2.05G  0.004032  0.002832         0  0.006864         0       256    0.6075    0.9286    0.9173    0.6055   0.02231    0.0183         0
   174/219     2.05G   0.00319  0.002497         0  0.005688         0       256    0.5995    0.9286    0.9169    0.6133   0.02207    0.0184         0
   175/219     2.05G  0.003993  0.002731         0  0.006724         0       256    0.5871    0.9286     0.914    0.6044   0.02218   0.01863         0
   176/219     2.05G  0.003972  0.002774         0  0.006746         0       256    0.5974    0.9286    0.9133    0.5991   0.02225   0.01864         0
   177/219     2.05G  0.003872   0.00266         0  0.006532         0       256    0.6054    0.9286     0.915    0.5954   0.02202   0.01855         0
   178/219     2.05G  0.003667  0.002594         0  0.006261         0       256    0.5879    0.9286    0.9189    0.5968   0.02224   0.01864         0
   179/219     2.05G  0.003606   0.00262         0  0.006226         0       256    0.5925    0.9286    0.9133    0.5926   0.02254   0.01872         0
   180/219     2.05G  0.004853  0.003045         0  0.007897         0       256    0.6071    0.9286    0.9039    0.5945   0.02247    0.0188         0
   181/219     2.05G  0.003723   0.00253         0  0.006253         0       256    0.5826    0.9286    0.9099    0.6012   0.02246    0.0187         0
   182/219     2.05G  0.003598   0.00252         0  0.006117         0       256    0.6065    0.9286    0.9131      0.59   0.02237    0.0188         0
   183/219     2.05G  0.003866  0.002695         0  0.006561         0       256    0.6199    0.9286    0.9051    0.5837   0.02245   0.01888         0
   184/219     2.05G  0.003871  0.002712         0  0.006583         0       256    0.5974    0.9286    0.9051     0.599    0.0224   0.01886         0
   185/219     2.05G  0.003403  0.002525         0  0.005928         0       256    0.5726    0.9286    0.9064    0.5931   0.02221   0.01875         0
   186/219     2.05G  0.003144  0.002431         0  0.005576         0       256    0.6054    0.9286    0.9163    0.6074   0.02225   0.01874         0
   187/219     2.05G  0.002744  0.002295         0  0.005039         0       256    0.5715    0.9286    0.9046    0.5928   0.02258   0.01886         0
   188/219     2.05G   0.00334  0.002507         0  0.005847         0       256    0.5788    0.9286    0.9051    0.5966   0.02241   0.01887         0
   189/219     2.05G  0.003761  0.002598         0  0.006359         0       256    0.5845    0.9286    0.9121    0.6194   0.02248   0.01879         0
   190/219     2.05G  0.003533  0.002504         0  0.006037         0       256    0.5746    0.9286    0.9149    0.6162   0.02227   0.01879         0
   191/219     2.05G  0.003172  0.002418         0   0.00559         0       256    0.6035    0.9286    0.9057    0.5983   0.02236   0.01891         0
   192/219     2.05G  0.003379  0.002543         0  0.005921         0       256    0.5818    0.9286    0.9057    0.5898   0.02208   0.01887         0
   193/219     2.05G    0.0038  0.002596         0  0.006396         0       256    0.6076    0.9286    0.9155    0.6178   0.02192   0.01878         0
   194/219     2.05G  0.003613  0.002522         0  0.006135         0       256    0.6037    0.9286    0.9166    0.6132   0.02194   0.01872         0
   195/219     2.05G  0.002848  0.002334         0  0.005182         0       256    0.6175    0.9286    0.9067    0.6008   0.02217   0.01881         0
   196/219     2.05G  0.003737  0.002626         0  0.006362         0       256    0.6077    0.9286    0.9067    0.5988   0.02229   0.01878         0
   197/219     2.05G  0.003377  0.002449         0  0.005826         0       256    0.6379    0.9286    0.9135    0.5936   0.02194   0.01861         0
   198/219     2.05G  0.003344  0.002449         0  0.005794         0       256    0.6259    0.9286    0.9159    0.5946   0.02225   0.01872         0
   199/219     2.05G   0.00291  0.002353         0  0.005263         0       256    0.6197    0.9286    0.9121    0.5955   0.02227   0.01883         0
   200/219     2.05G  0.003387  0.002526         0  0.005913         0       256    0.5996    0.9286    0.9057    0.5947   0.02229   0.01892         0
   201/219     2.05G  0.003533  0.002504         0  0.006037         0       256    0.5816    0.9286    0.9139    0.6086   0.02199   0.01869         0
   202/219     2.05G  0.003363   0.00252         0  0.005883         0       256    0.6071    0.9286    0.9118    0.6009   0.02228   0.01877         0
   203/219     2.05G  0.003003  0.002326         0  0.005329         0       256    0.5847    0.9286    0.9038    0.5996   0.02239   0.01882         0
   204/219     2.05G  0.002994  0.002382         0  0.005375         0       256    0.6228    0.9286    0.9038    0.5936   0.02224   0.01887         0
   205/219     2.05G  0.003428  0.002481         0  0.005909         0       256    0.6036    0.9286    0.9128    0.5952   0.02211   0.01876         0
   206/219     2.05G   0.00258  0.002181         0  0.004761         0       256    0.6162    0.9286    0.9118    0.5932   0.02186    0.0188         0
   207/219     2.05G  0.003029  0.002353         0  0.005381         0       256    0.6129    0.9286     0.905    0.5799   0.02209   0.01892         0
   208/219     2.05G  0.003037   0.00241         0  0.005448         0       256      0.64    0.9286     0.905    0.5896     0.022   0.01898         0
   209/219     2.05G   0.00324  0.002405         0  0.005645         0       256    0.6587    0.9286    0.9165    0.6069   0.02203   0.01891         0
   210/219     2.05G  0.002888  0.002325         0  0.005213         0       256    0.6327    0.9286    0.9156     0.589   0.02214   0.01897         0
   211/219     2.05G  0.002565  0.002225         0   0.00479         0       256    0.6145    0.9286    0.9084    0.5841   0.02229   0.01907         0
   212/219     2.05G  0.002867  0.002344         0  0.005212         0       256    0.5928    0.9286     0.907    0.5958   0.02246    0.0191         0
   213/219     2.05G  0.003046  0.002304         0   0.00535         0       256    0.5624    0.9286    0.9135    0.6009   0.02228     0.019         0
   214/219     2.05G  0.002983  0.002322         0  0.005304         0       256    0.5915    0.9286    0.9133    0.5917    0.0224   0.01901         0
   215/219     2.05G  0.002759  0.002199         0  0.004958         0       256    0.5802    0.9286    0.9033    0.5818   0.02256   0.01911         0
   216/219     2.05G  0.003395  0.002506         0    0.0059         0       256    0.5771    0.9286    0.9026     0.587   0.02279    0.0192         0
   217/219     2.05G   0.00347  0.002334         0  0.005804         0       256    0.5764    0.9286    0.9044    0.5768   0.02247   0.01906         0
   218/219     2.05G  0.002728   0.00222         0  0.004948         0       256    0.5928    0.9286    0.9129    0.5836   0.02243   0.01907         0
   219/219     2.05G  0.002739  0.002233         0  0.004972         0       256    0.6019    0.9286    0.9044    0.5866   0.02261   0.01921         0
