     0/219    0.648G   0.09789   0.03055         0    0.1284         0       256         0         0 0.0002338 2.441e-05    0.1094   0.03108         0
     1/219    0.648G   0.08823   0.02846         0    0.1167         0       256         0         0 0.0002354 3.765e-05   0.09901   0.03161         0
     2/219    0.648G   0.07709   0.03099         0    0.1081         0       256         0         0 0.0009809 0.0001857    0.0866   0.03503         0
     3/219    0.648G   0.06701   0.03228         0   0.09929         0       256         0         0    0.2523   0.08252   0.08355    0.0321         0
     4/219    0.648G   0.05956    0.0297         0   0.08926         0       256     0.324    0.7857    0.4831    0.1354   0.06934   0.03112         0
     5/219    0.648G   0.05803   0.02561         0   0.08363         0       256    0.4297    0.7143    0.6046    0.2044   0.06506   0.02774         0
     6/219    0.648G   0.05647   0.02275         0   0.07921         0       256     0.242    0.8571    0.4774    0.1446   0.06335   0.02456         0
     7/219    0.648G   0.05706   0.02065         0   0.07771         0       256    0.3744    0.4286    0.3489   0.08593   0.06294   0.02585         0
     8/219    0.648G   0.05357   0.02082         0   0.07438         0       256    0.2391    0.8214    0.4533    0.1016     0.068   0.02173         0
     9/219    0.648G   0.05863    0.0181         0   0.07673         0       256    0.2293    0.7857    0.4316    0.1437   0.07215   0.02088         0
    10/219    0.648G   0.06602   0.01608         0    0.0821         0       256    0.1338    0.9286    0.3747   0.05686   0.07746   0.01865         0
    11/219    0.648G   0.06307    0.0167         0   0.07977         0       256    0.1782    0.9449    0.4049    0.1283   0.06356     0.022         0
    12/219    0.648G   0.05658   0.01701         0   0.07359         0       256    0.1683    0.9286    0.5224     0.239   0.06409    0.0201         0
    13/219    0.648G   0.05882   0.01604         0   0.07486         0       256    0.2439    0.8214    0.6434    0.2092    0.0697   0.02242         0
    14/219    0.648G   0.05516   0.02288         0   0.07803         0       256    0.1836    0.8571    0.5667    0.1496    0.0664   0.02142         0
    15/219    0.648G   0.05749    0.0177         0    0.0752         0       256      0.12    0.8929    0.3044    0.1006   0.07312   0.01872         0
    16/219    0.648G   0.06407   0.01631         0   0.08038         0       256    0.2137       0.5    0.3292   0.06597   0.06978   0.02453         0
    17/219    0.648G   0.06056     0.018         0   0.07856         0       256    0.2302      0.75    0.5664    0.2501   0.05893   0.02617         0
    18/219    0.648G   0.05154   0.01776         0    0.0693         0       256    0.1306    0.9286    0.4519     0.122   0.05658   0.02222         0
    19/219    0.648G   0.04946   0.01504         0   0.06449         0       256    0.1523    0.9286    0.4391   0.08693   0.06049   0.02254         0
    20/219    0.648G   0.05462   0.01383         0   0.06844         0       256    0.1462    0.9286    0.4585    0.1877   0.06311   0.01851         0
    21/219    0.648G   0.05371   0.01423         0   0.06793         0       256    0.1585    0.9286    0.6656    0.2046   0.06567   0.01749         0
    22/219    0.648G   0.05109   0.01291         0     0.064         0       256    0.2135    0.9643    0.8803    0.4367   0.05297    0.0177         0
    23/219    0.648G   0.04544   0.01277         0   0.05821         0       256    0.1614    0.9643    0.4723    0.1161   0.05638   0.01787         0
    24/219    0.648G   0.04372   0.01575         0   0.05947         0       256    0.4108     0.772    0.6743      0.32   0.04945   0.02626         0
    25/219    0.648G   0.04477   0.01501         0   0.05978         0       256     0.322    0.8929    0.7246    0.3411   0.04733   0.02246         0
    26/219    0.648G   0.03485   0.01355         0    0.0484         0       256    0.3677    0.8929    0.7261    0.4246   0.04721   0.02089         0
    27/219    0.648G   0.03282   0.01149         0   0.04431         0       256    0.3395    0.8929    0.7946    0.4623   0.04552   0.01906         0
    28/219    0.648G   0.03986   0.01131         0   0.05117         0       256     0.223    0.9286    0.7024    0.3363   0.05364   0.01714         0
    29/219    0.648G   0.04823   0.01087         0    0.0591         0       256    0.3891    0.9643    0.9352     0.605   0.04035   0.01837         0
    30/219    0.648G   0.03292   0.01181         0   0.04474         0       256    0.4334    0.9643    0.8576    0.4482    0.0374   0.01755         0
    31/219    0.648G   0.02936   0.01067         0   0.04004         0       256    0.3855    0.9643    0.8431    0.4304   0.03809   0.01679         0
    32/219    0.648G   0.02981  0.009904         0   0.03971         0       256    0.4119    0.8929     0.756    0.4395   0.04223   0.01868         0
    33/219    0.648G   0.03475   0.00967         0   0.04442         0       256    0.3864    0.8571    0.8226    0.3578   0.05163   0.01986         0
    34/219    0.648G   0.03787   0.01019         0   0.04806         0       256    0.5486    0.9643    0.9044    0.5222   0.04189   0.01769         0
    35/219    0.648G   0.03112  0.009348         0   0.04047         0       256    0.5077    0.9643    0.9314    0.5622   0.03783    0.0167         0
    36/219    0.648G   0.03298  0.008969         0   0.04195         0       256    0.3037    0.9286    0.8854    0.5078   0.03726   0.01751         0
    37/219    0.648G   0.02905  0.008842         0   0.03789         0       256    0.3629    0.9286    0.8978    0.5893   0.03942   0.01693         0
    38/219    0.648G   0.02657  0.008175         0   0.03475         0       256    0.4473    0.9286    0.8904    0.5797   0.03672   0.01767         0
    39/219    0.648G   0.02445  0.008116         0   0.03256         0       256    0.4282    0.9286    0.8165    0.4067   0.03846   0.01776         0
    40/219    0.648G   0.02844  0.008566         0   0.03701         0       256    0.6021    0.9286    0.8524    0.5312   0.03658    0.0188         0
    41/219    0.648G   0.02776  0.007983         0   0.03574         0       256    0.6519    0.9643    0.8788    0.5138   0.03498   0.01891         0
    42/219    0.648G   0.02293  0.007332         0   0.03026         0       256    0.5897    0.9643     0.931    0.5439   0.03732   0.01774         0
    43/219    0.648G   0.02865  0.007816         0   0.03647         0       256    0.6664    0.8929    0.9033    0.5704   0.03775   0.01993         0
    44/219    0.648G   0.02297  0.007701         0   0.03067         0       256     0.653    0.8929    0.9161    0.6032   0.03737   0.01893         0
    45/219    0.648G   0.02644  0.007573         0   0.03401         0       256    0.4779    0.8929    0.8286    0.5393   0.04089   0.01882         0
    46/219    0.648G     0.026  0.007387         0   0.03338         0       256    0.6877    0.9286    0.9269    0.6395   0.03306   0.01869         0
    47/219    0.648G   0.02151  0.007359         0   0.02887         0       256    0.5524    0.9286    0.9321    0.5799   0.03556   0.01786         0
    48/219    0.648G   0.02555  0.007779         0   0.03333         0       256    0.6279    0.9286    0.9361    0.6464   0.03488   0.01799         0
    49/219    0.648G   0.02241  0.007168         0   0.02958         0       256    0.5955    0.9643    0.9299     0.595   0.03295   0.01768         0
    50/219    0.648G   0.02191  0.006576         0   0.02849         0       256    0.6196    0.9643    0.9364    0.5735   0.03379   0.01749         0
    51/219    0.648G   0.02167  0.006613         0   0.02829         0       256    0.6341    0.8929     0.906    0.6292   0.03331   0.01864         0
    52/219    0.648G   0.02165  0.006983         0   0.02863         0       256    0.7003    0.8929    0.9171      0.61   0.03466   0.02041         0
    53/219    0.648G   0.02355  0.006904         0   0.03046         0       256    0.7491    0.8929    0.9339    0.6239   0.03368   0.01941         0
    54/219    0.648G   0.02073  0.006654         0   0.02739         0       256    0.7702    0.8929    0.9456    0.6384   0.03153   0.01847         0
    55/219    0.648G   0.02239  0.006701         0   0.02909         0       256    0.8214    0.8929    0.9463    0.5823   0.03432   0.01907         0
    56/219    0.648G   0.02285  0.006887         0   0.02974         0       256    0.7315    0.8929    0.9132    0.5904   0.03397   0.02172         0
    57/219    0.648G   0.02116  0.006622         0   0.02778         0       256    0.7651    0.8929    0.9167    0.5712   0.03632   0.02255         0
    58/219    0.648G   0.01946  0.006199         0   0.02565         0       256    0.7979    0.8929    0.9333    0.5817   0.03325   0.02036         0
    59/219    0.648G   0.01954  0.006072         0   0.02561         0       256     0.648    0.8929    0.9075    0.5748   0.03557   0.01975         0
    60/219    0.648G   0.02203  0.006359         0   0.02839         0       256    0.8266    0.8929    0.9316    0.6168   0.03409   0.02126         0
    61/219    0.648G   0.01853  0.006351         0   0.02488         0       256    0.7883    0.9311    0.9435    0.6008   0.03253   0.02052         0
    62/219    0.648G   0.01708  0.005725         0   0.02281         0       256    0.6945    0.9643     0.951    0.6319   0.03265   0.01834         0
    63/219    0.648G   0.02142  0.006033         0   0.02745         0       256    0.7492    0.9643    0.9501    0.6191   0.03213    0.0189         0
    64/219    0.648G   0.01917  0.006152         0   0.02532         0       256    0.7905    0.9286    0.9403    0.6273   0.03268   0.02012         0
    65/219    0.648G   0.01963  0.006055         0   0.02569         0       256    0.7969    0.9286    0.9325    0.5908   0.03263   0.02068         0
    66/219    0.648G   0.01632  0.005782         0    0.0221         0       256    0.7619    0.9286    0.9481    0.6484   0.03121   0.01867         0
    67/219    0.648G   0.01765  0.005553         0    0.0232         0       256    0.6757    0.9286    0.9431    0.6066   0.03138     0.018         0
    68/219    0.648G   0.01939   0.00579         0   0.02518         0       256    0.8367    0.9286    0.9402    0.6568   0.03127   0.01867         0
    69/219    0.648G   0.01558  0.005399         0   0.02098         0       256    0.8046    0.9286    0.9349    0.6002   0.03361   0.01943         0
    70/219    0.648G    0.0164  0.005484         0   0.02188         0       256    0.7227    0.9286    0.9314    0.5926   0.03109    0.0196         0
    71/219    0.648G   0.01668  0.005323         0   0.02201         0       256    0.7388    0.9286    0.9325    0.6104   0.03208   0.02013         0
    72/219    0.648G   0.01694  0.005554         0   0.02249         0       256    0.7972    0.9286    0.9299    0.5995   0.03163   0.02066         0
    73/219    0.648G   0.01563  0.005015         0   0.02064         0       256    0.7891    0.9286    0.9275    0.5685   0.03615   0.01973         0
    74/219    0.648G   0.01893  0.005459         0   0.02439         0       256    0.8752    0.9286    0.9219    0.5999   0.03377   0.02176         0
    75/219    0.648G    0.0144  0.005116         0   0.01952         0       256    0.8363    0.9122    0.9162    0.6443   0.03385   0.02168         0
    76/219    0.648G   0.01614  0.005181         0   0.02132         0       256    0.7047    0.8929    0.8719    0.6065   0.03546   0.02261         0
    77/219    0.648G   0.01875  0.005439         0   0.02419         0       256     0.765    0.8929    0.8801    0.5344   0.03644   0.02437         0
    78/219    0.648G   0.01454  0.004998         0   0.01954         0       256    0.8336    0.8929    0.8917    0.6044   0.03485   0.02367         0
    79/219    0.648G   0.01496  0.004912         0   0.01987         0       256      0.81    0.9136    0.9159    0.5946   0.03515   0.02096         0
    80/219    0.648G    0.0221  0.005823         0   0.02792         0       256    0.7895    0.9286     0.911    0.5961   0.03382   0.02104         0
    81/219    0.648G   0.01828  0.005663         0   0.02395         0       256    0.8395    0.9286    0.9141    0.5914   0.03538   0.02276         0
    82/219    0.648G   0.01681  0.005401         0   0.02221         0       256    0.8232    0.9286    0.9274    0.6217   0.03223   0.02131         0
    83/219    0.648G   0.01488  0.005085         0   0.01997         0       256    0.6774    0.9286     0.936    0.6357   0.03271   0.01991         0
    84/219    0.648G   0.01552  0.005254         0   0.02077         0       256    0.6998    0.9286    0.9357    0.6375   0.03239   0.01966         0
    85/219    0.648G   0.01606  0.005181         0   0.02124         0       256    0.6852    0.9286    0.9412    0.6537   0.03142   0.01997         0
    86/219    0.648G   0.01326  0.004985         0   0.01825         0       256    0.7128    0.9286    0.9417    0.6194   0.03179   0.01942         0
    87/219    0.648G   0.01535  0.005065         0   0.02041         0       256    0.7231    0.9286    0.9423    0.6038   0.03221   0.01954         0
    88/219    0.648G   0.01417  0.004982         0   0.01916         0       256    0.7286    0.9286    0.9413    0.6133   0.03207    0.0195         0
    89/219    0.648G   0.01491  0.004862         0   0.01977         0       256    0.7836    0.9286    0.9423    0.5944    0.0305   0.01971         0
    90/219    0.648G   0.01352  0.004735         0   0.01826         0       256    0.8434    0.9617    0.9526    0.6488      0.03   0.01927         0
    91/219    0.648G   0.01285   0.00462         0   0.01747         0       256    0.7597    0.9643    0.9568    0.6219    0.0298   0.01906         0
    92/219    0.648G   0.01273  0.004615         0   0.01735         0       256    0.7852    0.9643    0.9556    0.6302   0.03001   0.01882         0
    93/219    0.648G   0.01425  0.004694         0   0.01895         0       256    0.8117    0.9643    0.9556    0.6468    0.0303   0.01935         0
    94/219    0.648G     0.013  0.004484         0   0.01749         0       256    0.7685    0.9488    0.9528    0.6151   0.03142   0.02054         0
    95/219    0.648G   0.01403  0.004701         0   0.01873         0       256    0.8179    0.9286    0.9435    0.6162   0.03204   0.02162         0
    96/219    0.648G   0.01205  0.004579         0   0.01663         0       256    0.8656    0.9205    0.9415    0.6221   0.03293   0.02241         0
    97/219    0.648G   0.01496  0.004731         0   0.01969         0       256    0.7928    0.8929    0.9352    0.5923   0.03351   0.02308         0
    98/219    0.648G   0.01044  0.004114         0   0.01456         0       256    0.8109    0.8929    0.9265    0.5841   0.03428   0.02252         0
    99/219    0.648G   0.01477  0.004614         0   0.01939         0       256    0.7834    0.8571    0.9034    0.5979   0.03416   0.02264         0
   100/219    0.648G   0.01359  0.004606         0    0.0182         0       256    0.8886    0.8929    0.9138    0.5634   0.03528   0.02328         0
   101/219    0.648G   0.01268  0.004456         0   0.01713         0       256    0.8514    0.8929    0.9089    0.5989   0.03515   0.02331         0
   102/219    0.648G   0.01249  0.004266         0   0.01676         0       256    0.8381    0.9286     0.934    0.6056   0.03425   0.02194         0
   103/219    0.648G   0.01166  0.004188         0   0.01584         0       256    0.8878    0.9286    0.9382    0.6209   0.03332   0.02152         0
   104/219    0.648G   0.01135  0.004171         0   0.01553         0       256    0.8263    0.9286    0.9399     0.606   0.03351   0.02085         0
   105/219    0.648G   0.01195  0.004164         0   0.01611         0       256    0.7769    0.9286    0.9348    0.6085   0.03357   0.02107         0
   106/219    0.648G    0.0136  0.004397         0     0.018         0       256    0.7662    0.9286    0.9364     0.633   0.03428   0.02138         0
   107/219    0.648G   0.01108  0.004012         0    0.0151         0       256    0.8301    0.9286    0.9425    0.6088   0.03343   0.02097         0
   108/219    0.648G   0.01081  0.004181         0   0.01499         0       256    0.7719    0.9286    0.9433    0.6244   0.03276    0.0208         0
   109/219    0.648G    0.0118  0.004287         0   0.01609         0       256    0.7803    0.9286    0.9435    0.6302   0.03225   0.02085         0
   110/219    0.648G   0.01199  0.004171         0   0.01616         0       256    0.8259    0.9286    0.9446    0.6082   0.03301   0.02155         0
   111/219    0.648G   0.01028  0.004051         0   0.01433         0       256    0.8066    0.8929    0.9364    0.5959   0.03389   0.02237         0
   112/219    0.648G   0.01301  0.004323         0   0.01733         0       256      0.84    0.8929    0.9329    0.6301   0.03366   0.02318         0
   113/219    0.648G   0.01007  0.003974         0   0.01404         0       256    0.8381    0.8929    0.9268    0.6273    0.0338    0.0231         0
   114/219    0.648G  0.009634  0.003803         0   0.01344         0       256    0.7611    0.9286    0.9388    0.6297   0.03293   0.02207         0
   115/219    0.648G   0.01092   0.00402         0   0.01494         0       256    0.7926    0.9286    0.9409    0.6295   0.03275   0.02185         0
   116/219    0.648G   0.01273  0.004277         0     0.017         0       256    0.8106    0.9286    0.9421    0.6118   0.03241   0.02184         0
   117/219    0.648G   0.01093  0.003995         0   0.01493         0       256    0.8254    0.9286    0.9421    0.6063   0.03274   0.02141         0
   118/219    0.648G   0.01214  0.004096         0   0.01623         0       256    0.8134    0.9286    0.9417    0.6074   0.03176    0.0212         0
   119/219    0.648G   0.01089  0.003999         0   0.01489         0       256     0.782    0.9286    0.9425    0.6387   0.03145   0.02108         0
   120/219    0.648G  0.009904  0.003913         0   0.01382         0       256    0.7566    0.9286     0.943    0.6137   0.03146   0.02031         0
   121/219    0.648G   0.01238  0.004184         0   0.01657         0       256    0.7946    0.9286    0.9331     0.599   0.03166   0.02099         0
   122/219    0.648G  0.009601  0.003735         0   0.01334         0       256    0.7619    0.9286    0.9348    0.6238   0.03215   0.02069         0
   123/219    0.648G   0.01025  0.003787         0   0.01404         0       256    0.7725    0.8929    0.9312     0.637   0.03253   0.02129         0
   124/219    0.648G  0.008925   0.00366         0   0.01259         0       256    0.7701    0.8929    0.9288    0.6343   0.03303   0.02138         0
   125/219    0.648G   0.01088  0.003829         0   0.01471         0       256    0.7509    0.8929    0.9222    0.6231   0.03293   0.02212         0
   126/219    0.648G   0.00968  0.003678         0   0.01336         0       256    0.7197    0.8929    0.9173     0.603   0.03354   0.02243         0
   127/219    0.648G  0.009699  0.003634         0   0.01333         0       256    0.7498    0.8929    0.9209    0.6235   0.03282   0.02275         0
   128/219    0.648G   0.01045  0.003785         0   0.01424         0       256    0.7944    0.8929    0.9263    0.6119   0.03316   0.02284         0
   129/219    0.648G  0.009109   0.00363         0   0.01274         0       256    0.8106    0.8929    0.9304    0.6131   0.03366   0.02271         0
   130/219    0.648G  0.009592  0.003678         0   0.01327         0       256    0.7832    0.8929    0.9365    0.6284   0.03212    0.0226         0
   131/219    0.648G  0.009483  0.003548         0   0.01303         0       256    0.8104    0.8929    0.9296    0.6069   0.03248   0.02283         0
   132/219    0.648G  0.008904  0.003584         0   0.01249         0       256    0.8089    0.9286      0.94    0.6178    0.0319   0.02231         0
   133/219    0.648G  0.008375  0.003362         0   0.01174         0       256      0.79    0.9286    0.9362    0.6353   0.03206   0.02151         0
   134/219    0.648G  0.009715  0.003463         0   0.01318         0       256    0.8276    0.9286    0.9484    0.6301   0.03207   0.02125         0
   135/219    0.648G  0.008838  0.003444         0   0.01228         0       256     0.814    0.9286    0.9445    0.6404   0.03241    0.0212         0
   136/219    0.648G  0.009376  0.003723         0    0.0131         0       256    0.7801    0.9286    0.9405    0.6375   0.03226   0.02122         0
   137/219    0.648G  0.008021  0.003334         0   0.01135         0       256    0.7594    0.9286    0.9403    0.6068   0.03319   0.02126         0
   138/219    0.648G  0.009229  0.003563         0   0.01279         0       256    0.7693    0.9286    0.9399    0.6158   0.03242   0.02117         0
   139/219    0.648G  0.007619  0.003305         0   0.01092         0       256     0.786    0.9286    0.9392    0.6171   0.03267   0.02151         0
   140/219    0.648G  0.009414  0.003624         0   0.01304         0       256     0.748    0.8929    0.9356    0.6059    0.0328   0.02204         0
   141/219    0.648G  0.008832  0.003443         0   0.01227         0       256    0.8034    0.8929    0.9319    0.6156   0.03366   0.02231         0
   142/219    0.648G   0.00724  0.003193         0   0.01043         0       256    0.8189    0.8929    0.9308    0.6123   0.03353   0.02219         0
   143/219    0.648G  0.008231  0.003344         0   0.01157         0       256    0.8075    0.8929    0.9302    0.6169   0.03357   0.02243         0
   144/219    0.648G   0.01017  0.003573         0   0.01374         0       256    0.8417    0.8929    0.9383    0.6277   0.03299   0.02238         0
   145/219    0.648G   0.01006  0.003561         0   0.01362         0       256     0.797    0.8929    0.9449    0.6355   0.03327    0.0224         0
   146/219    0.648G  0.009025  0.003546         0   0.01257         0       256    0.7978    0.8929     0.946    0.6359   0.03318   0.02262         0
   147/219    0.648G  0.006602  0.003114         0  0.009717         0       256    0.8161    0.8929    0.9435    0.6329   0.03316   0.02287         0
   148/219    0.648G  0.007652  0.003254         0   0.01091         0       256    0.7909    0.8929    0.9401    0.5953   0.03317   0.02261         0
   149/219    0.648G   0.01005  0.003681         0   0.01374         0       256    0.7577    0.8929    0.9336    0.6045     0.033   0.02262         0
   150/219    0.648G   0.00839  0.003211         0    0.0116         0       256    0.7924    0.9286    0.9393    0.6217   0.03238   0.02234         0
   151/219    0.648G  0.007036  0.003041         0   0.01008         0       256    0.7953    0.9286    0.9382     0.633    0.0323   0.02235         0
   152/219    0.648G  0.007664  0.003225         0   0.01089         0       256    0.7673    0.9286    0.9434    0.6403   0.03194   0.02173         0
   153/219    0.648G  0.007193  0.003049         0   0.01024         0       256    0.7545    0.9286    0.9426    0.6414   0.03203   0.02143         0
   154/219    0.648G  0.006315  0.002925         0   0.00924         0       256     0.736    0.9286    0.9416    0.6233   0.03192   0.02125         0
   155/219    0.648G  0.007357  0.003147         0    0.0105         0       256     0.756    0.9286    0.9429    0.6244   0.03234   0.02167         0
   156/219    0.648G  0.008378  0.003347         0   0.01172         0       256    0.7601    0.9053     0.932    0.5962   0.03267   0.02213         0
   157/219    0.648G  0.008575  0.003265         0   0.01184         0       256    0.7842    0.8929    0.9272    0.6245   0.03332   0.02247         0
   158/219    0.648G  0.008204  0.003212         0   0.01142         0       256    0.7609    0.8929    0.9296    0.6141   0.03253   0.02235         0
   159/219    0.648G   0.00634  0.002914         0  0.009254         0       256    0.7967    0.8929    0.9336    0.6115   0.03287   0.02224         0
   160/219    0.648G  0.007237  0.003082         0   0.01032         0       256    0.7849    0.9127    0.9325    0.6013   0.03361   0.02219         0
   161/219    0.648G  0.007962  0.003111         0   0.01107         0       256    0.7846    0.9286    0.9332    0.6165   0.03415   0.02244         0
   162/219    0.648G  0.006461  0.002856         0  0.009318         0       256     0.763    0.9286    0.9327    0.6358   0.03309    0.0221         0
   163/219    0.648G  0.006054  0.002805         0  0.008859         0       256    0.7699    0.9286    0.9404    0.6225   0.03317   0.02202         0
   164/219    0.648G  0.007002   0.00314         0   0.01014         0       256    0.7685    0.9286    0.9377    0.6036   0.03327   0.02181         0
   165/219    0.648G  0.006808  0.002862         0   0.00967         0       256    0.7486    0.9286    0.9336    0.6078    0.0335   0.02201         0
   166/219    0.648G  0.006582  0.002861         0  0.009443         0       256    0.7376    0.9286    0.9343    0.5909   0.03356   0.02214         0
   167/219    0.648G  0.006087  0.002809         0  0.008896         0       256    0.7386    0.9085     0.933    0.5957   0.03343   0.02249         0
   168/219    0.648G  0.007285  0.003118         0    0.0104         0       256    0.7232    0.8929    0.9317    0.6009   0.03323    0.0227         0
   169/219    0.648G  0.005977  0.002697         0  0.008674         0       256    0.7602    0.8929    0.9193    0.6204    0.0333   0.02235         0
   170/219    0.648G  0.006258  0.002737         0  0.008995         0       256    0.7636    0.9286    0.9394     0.603   0.03307   0.02169         0
   171/219    0.648G  0.005471  0.002614         0  0.008085         0       256    0.8407    0.9286    0.9444    0.6304   0.03321   0.02168         0
   172/219    0.648G  0.006524  0.002884         0  0.009408         0       256    0.8327    0.9286    0.9444    0.6235   0.03287   0.02154         0
   173/219    0.648G  0.005682  0.002645         0  0.008327         0       256    0.7979    0.9286    0.9447    0.6124    0.0326   0.02164         0
   174/219    0.648G  0.005277    0.0026         0  0.007877         0       256    0.8173    0.9286    0.9443    0.6189   0.03239   0.02152         0
   175/219    0.648G  0.006293  0.002767         0  0.009059         0       256    0.8083    0.9037    0.9413    0.6187   0.03269   0.02201         0
   176/219    0.648G  0.006784  0.002955         0  0.009739         0       256    0.8208    0.8929    0.9337    0.6239   0.03286    0.0225         0
   177/219    0.648G  0.006776  0.002745         0  0.009521         0       256     0.829    0.8929     0.932    0.6119   0.03321   0.02276         0
   178/219    0.648G  0.005284  0.002541         0  0.007825         0       256    0.7837    0.8929    0.9331     0.623   0.03215   0.02236         0
   179/219    0.648G   0.00555  0.002607         0  0.008156         0       256     0.771    0.8929     0.935    0.6178   0.03232   0.02216         0
   180/219    0.648G  0.006004   0.00275         0  0.008754         0       256    0.7523    0.8929     0.935    0.6202   0.03242   0.02197         0
   181/219    0.648G  0.005684  0.002576         0   0.00826         0       256    0.7332    0.8929    0.9355    0.6152   0.03263   0.02211         0
   182/219    0.648G   0.00495  0.002466         0  0.007415         0       256    0.7613    0.9286    0.9384    0.6271   0.03236   0.02209         0
   183/219    0.648G  0.004783  0.002495         0  0.007279         0       256    0.7617    0.8929    0.9359    0.6241   0.03276   0.02236         0
   184/219    0.648G  0.004997  0.002546         0  0.007544         0       256    0.7354    0.8933    0.9355    0.6253   0.03268   0.02251         0
   185/219    0.648G  0.006135  0.002697         0  0.008832         0       256    0.7616    0.9131    0.9346    0.6267   0.03262   0.02242         0
   186/219    0.648G  0.005428   0.00249         0  0.007917         0       256    0.7796    0.9286    0.9376    0.6195    0.0324   0.02208         0
   187/219    0.648G   0.00426  0.002336         0  0.006596         0       256    0.7752    0.9286     0.938    0.6283   0.03248   0.02217         0
   188/219    0.648G  0.005812  0.002714         0  0.008526         0       256    0.7971    0.9286    0.9407    0.6333   0.03248   0.02198         0
   189/219    0.648G  0.004854  0.002468         0  0.007322         0       256     0.772    0.9286    0.9385    0.6193    0.0328   0.02206         0
   190/219    0.648G  0.004683  0.002389         0  0.007072         0       256    0.7754    0.9286    0.9399    0.6238    0.0325   0.02197         0
   191/219    0.648G  0.005082  0.002399         0  0.007481         0       256    0.7665    0.8929     0.939    0.6267   0.03285   0.02226         0
   192/219    0.648G  0.006436   0.00278         0  0.009216         0       256    0.7812    0.8929    0.9373     0.623   0.03284   0.02254         0
   193/219    0.648G    0.0047  0.002367         0  0.007066         0       256    0.7951    0.8929    0.9341    0.6058   0.03336   0.02269         0
   194/219    0.648G  0.004783  0.002379         0  0.007162         0       256    0.8383    0.9261    0.9392    0.6176   0.03303   0.02238         0
   195/219    0.648G   0.00456  0.002282         0  0.006842         0       256    0.8347    0.8929    0.9382    0.6186    0.0331   0.02245         0
   196/219    0.648G  0.005013  0.002548         0  0.007561         0       256    0.7874    0.9259    0.9402    0.6305   0.03274   0.02242         0
   197/219    0.648G  0.005305   0.00252         0  0.007825         0       256    0.8058    0.9286    0.9404    0.6431   0.03315   0.02229         0
   198/219    0.648G  0.005485  0.002429         0  0.007914         0       256    0.7782    0.9286    0.9387    0.6234   0.03271   0.02231         0
   199/219    0.648G  0.004556  0.002345         0  0.006902         0       256    0.8091    0.8929    0.9367    0.6226   0.03313   0.02252         0
   200/219    0.648G  0.005516  0.002591         0  0.008108         0       256    0.8067    0.8929    0.9341    0.6066   0.03362   0.02276         0
   201/219    0.648G  0.005053  0.002455         0  0.007508         0       256    0.7915    0.8929    0.9286    0.6145   0.03384   0.02307         0
   202/219    0.648G  0.004289  0.002302         0  0.006591         0       256    0.7736    0.8929    0.9319    0.6163   0.03357   0.02297         0
   203/219    0.648G  0.004575    0.0023         0  0.006875         0       256    0.8061    0.8929      0.93    0.6104    0.0339   0.02319         0
   204/219    0.648G  0.004493   0.00236         0  0.006853         0       256     0.787    0.8929    0.9282    0.6103   0.03406   0.02333         0
   205/219    0.648G  0.004214  0.002263         0  0.006477         0       256    0.7936    0.8929    0.9279    0.6096   0.03408   0.02312         0
   206/219    0.648G  0.003789  0.002156         0  0.005946         0       256    0.7512    0.8929    0.9328    0.6192   0.03335    0.0227         0
   207/219    0.648G  0.004694  0.002343         0  0.007036         0       256    0.7892    0.8929    0.9329    0.6092   0.03335   0.02276         0
   208/219    0.648G  0.005926  0.002652         0  0.008578         0       256    0.7556    0.8929    0.9349    0.6144   0.03348   0.02271         0
   209/219    0.648G  0.005168  0.002505         0  0.007673         0       256    0.7684    0.8929    0.9343    0.6245   0.03382   0.02293         0
   210/219    0.648G   0.00469  0.002316         0  0.007006         0       256    0.7624    0.9286    0.9399    0.6319   0.03319   0.02278         0
   211/219    0.648G  0.004102  0.002163         0  0.006266         0       256      0.81    0.9136    0.9404    0.6357   0.03303   0.02288         0
   212/219    0.648G  0.004466  0.002345         0   0.00681         0       256    0.8125    0.9285    0.9415    0.6392   0.03282   0.02272         0
   213/219    0.648G  0.004473  0.002293         0  0.006767         0       256    0.7606     0.908     0.939    0.6232    0.0332   0.02268         0
   214/219    0.648G   0.00391  0.002181         0  0.006092         0       256    0.7813    0.9286    0.9408    0.6287   0.03266   0.02252         0
   215/219    0.648G  0.004229  0.002194         0  0.006423         0       256    0.7821    0.8975    0.9377    0.6312     0.033   0.02276         0
   216/219    0.648G  0.005192  0.002403         0  0.007596         0       256    0.7837    0.9063    0.9373    0.6302   0.03291   0.02274         0
   217/219    0.648G  0.004748  0.002288         0  0.007036         0       256    0.7843    0.9093     0.935    0.6219   0.03304   0.02258         0
   218/219    0.648G  0.004429   0.00222         0  0.006648         0       256    0.7822    0.9286    0.9385    0.6289   0.03273    0.0222         0
   219/219    0.648G  0.004109  0.002246         0  0.006355         0       256    0.7963    0.8929    0.9368    0.6222   0.03317   0.02237         0
