     0/219     2.47G   0.08536   0.03419         0    0.1196         0       256         0         0 0.0001199 1.842e-05   0.09328   0.03747         0
     1/219     2.47G   0.07422   0.03522         0    0.1094         0       256         0         0  0.005325   0.00106   0.08608   0.03797         0
     2/219     2.47G   0.06761   0.03489         0    0.1025         0       256         0         0  0.008914  0.002009   0.07933   0.03921         0
     3/219     2.47G   0.06052   0.03547         0   0.09599         0       256         0         0   0.03527  0.007362   0.07171   0.03856         0
     4/219     2.47G   0.05392   0.03295         0   0.08687         0       256    0.3733    0.4286    0.2854   0.04573   0.07063   0.03117         0
     5/219     2.47G   0.05543   0.02586         0    0.0813         0       256    0.2983    0.8214     0.479    0.2452   0.05566   0.02891         0
     6/219     2.47G   0.04726   0.02287         0   0.07013         0       256    0.2685    0.8929    0.4595    0.1878    0.0559   0.02525         0
     7/219     2.47G   0.06093   0.01684         0   0.07777         0       256    0.2352    0.6786     0.313    0.1218   0.06846   0.02206         0
     8/219     2.47G   0.05889   0.01694         0   0.07583         0       256    0.1504    0.8929    0.5544    0.2985   0.06636   0.01981         0
     9/219     2.47G   0.06221   0.01374         0   0.07595         0       256    0.1756    0.9286    0.5961    0.2923   0.06527   0.01919         0
    10/219     2.47G   0.06088   0.01304         0   0.07392         0       256    0.1908    0.7857    0.2736   0.09685   0.06312    0.0217         0
    11/219     2.47G   0.05393   0.01391         0   0.06784         0       256   0.07904    0.9286    0.3178    0.1578   0.07257    0.0167         0
    12/219     2.47G   0.06623   0.01389         0   0.08012         0       256    0.2635    0.6429    0.3507    0.1065   0.06319   0.02827         0
    13/219     2.47G   0.05473   0.01863         0   0.07337         0       256    0.1427    0.8929    0.6364    0.1462   0.06447   0.02095         0
    14/219     2.47G   0.05691   0.01328         0   0.07019         0       256    0.1592    0.9286    0.5285    0.2277   0.05241   0.01997         0
    15/219     2.47G   0.05069   0.01239         0   0.06308         0       256    0.2666    0.5714    0.2368    0.0588   0.05994   0.02956         0
    16/219     2.47G   0.05393   0.01492         0   0.06886         0       256     0.107    0.9286    0.4829    0.2166    0.0611   0.02017         0
    17/219     2.47G   0.05232   0.01444         0   0.06675         0       256   0.09509    0.9643    0.4796    0.2221   0.05915   0.01875         0
    18/219     2.47G   0.04773   0.01202         0   0.05975         0       256    0.2269    0.9643     0.758    0.4097   0.04443   0.01818         0
    19/219     2.47G   0.04539    0.0107         0   0.05609         0       256    0.2159    0.8929    0.5717    0.2945   0.05501   0.01893         0
    20/219     2.47G   0.05183   0.01431         0   0.06613         0       256    0.1234    0.9643     0.621    0.1837   0.05582   0.01771         0
    21/219     2.47G   0.04906   0.01519         0   0.06424         0       256    0.2336    0.9643    0.5923    0.1851   0.04967   0.01936         0
    22/219     2.47G   0.03725   0.01281         0   0.05006         0       256    0.2536    0.9643    0.6516    0.3938   0.03919   0.01799         0
    23/219     2.47G   0.03888   0.01013         0   0.04901         0       256    0.1983    0.9643    0.5454     0.285    0.0508   0.01621         0
    24/219     2.47G   0.04678   0.01003         0   0.05682         0       256     0.262    0.8929    0.6913    0.3167   0.04359   0.01913         0
    25/219     2.47G    0.0387   0.01063         0   0.04933         0       256    0.3877    0.9286    0.8619    0.5417    0.0394   0.01883         0
    26/219     2.47G    0.0335  0.009267         0   0.04277         0       256    0.2724    0.9643    0.7486    0.4047   0.04378   0.01705         0
    27/219     2.47G   0.03578  0.008865         0   0.04464         0       256    0.2724    0.9643    0.6764    0.2549   0.04256   0.01727         0
    28/219     2.47G   0.03815   0.00963         0   0.04778         0       256    0.3652    0.9643    0.8571    0.4316   0.03883   0.01716         0
    29/219     2.47G   0.03331  0.008941         0   0.04225         0       256    0.4393    0.9286    0.8787    0.5264   0.03585   0.01656         0
    30/219     2.47G   0.03037    0.0081         0   0.03847         0       256    0.3928    0.9286     0.834    0.4668   0.03313   0.01656         0
    31/219     2.47G   0.03036  0.007869         0   0.03823         0       256    0.3549    0.9643    0.8805    0.4406    0.0434   0.01624         0
    32/219     2.47G   0.03849   0.00827         0   0.04676         0       256    0.3514    0.9286    0.8428    0.5087   0.03859   0.01939         0
    33/219     2.47G   0.03099  0.009032         0   0.04002         0       256     0.491    0.9643    0.9264    0.5405   0.03823   0.01721         0
    34/219     2.47G   0.02911   0.00755         0   0.03666         0       256    0.4557    0.9643     0.925    0.5513   0.03197   0.01632         0
    35/219     2.47G   0.02643  0.007115         0   0.03355         0       256     0.376    0.9643    0.8842    0.5356   0.03857   0.01622         0
    36/219     2.47G   0.03127  0.007684         0   0.03895         0       256    0.3826    0.9643    0.8901    0.5769   0.03682   0.01683         0
    37/219     2.47G   0.02846  0.007459         0   0.03592         0       256    0.3882    0.9643    0.8291     0.444   0.03783   0.01836         0
    38/219     2.47G   0.02821   0.00745         0   0.03566         0       256    0.5267    0.9286    0.9176    0.6285   0.03299   0.01839         0
    39/219     2.47G   0.02374  0.006928         0   0.03067         0       256    0.4219    0.9643    0.8995    0.5411   0.03767   0.01746         0
    40/219     2.47G    0.0313  0.006873         0   0.03817         0       256     0.399    0.8929    0.8783    0.6274   0.03824   0.01734         0
    41/219     2.47G   0.03038  0.007123         0   0.03751         0       256    0.5601    0.8929    0.9259    0.5176    0.0357   0.01883         0
    42/219     2.47G   0.02547  0.007222         0   0.03269         0       256    0.5321    0.9286    0.9295    0.6223   0.03292   0.01748         0
    43/219     2.47G   0.02143  0.006578         0   0.02801         0       256    0.4892    0.9643    0.9215    0.6043   0.03382   0.01642         0
    44/219     2.47G   0.02494  0.006656         0    0.0316         0       256    0.4453    0.9286     0.883    0.5225   0.03255   0.01641         0
    45/219     2.47G   0.02637  0.006876         0   0.03325         0       256    0.5134    0.9286    0.9012    0.3987   0.03799   0.01757         0
    46/219     2.47G   0.02392  0.006811         0   0.03073         0       256    0.6435    0.9286    0.9438    0.6381   0.03091   0.01697         0
    47/219     2.47G   0.02364  0.006808         0   0.03045         0       256    0.6383    0.9286    0.9392    0.6513   0.03178   0.01716         0
    48/219     2.47G   0.02434  0.006969         0    0.0313         0       256    0.6386    0.9286    0.9333    0.6668   0.03273   0.01787         0
    49/219     2.47G   0.02029   0.00623         0   0.02652         0       256    0.6405    0.9286    0.9338    0.6601   0.02995   0.01776         0
    50/219     2.47G   0.02036   0.00593         0   0.02629         0       256    0.6379    0.9286    0.9322    0.7034   0.03056   0.01731         0
    51/219     2.47G   0.01952  0.005859         0   0.02538         0       256    0.6437    0.8929    0.9233    0.7009   0.02991   0.01764         0
    52/219     2.47G   0.02139  0.005989         0   0.02738         0       256    0.6815    0.8929    0.9151    0.6876   0.03104   0.01868         0
    53/219     2.47G   0.01905  0.006107         0   0.02516         0       256    0.5613    0.8929    0.9173    0.6202   0.03037   0.01921         0
    54/219     2.47G   0.01906  0.005725         0   0.02479         0       256    0.5634    0.9219    0.9212    0.6762   0.03082   0.01801         0
    55/219     2.47G   0.02091  0.005764         0   0.02667         0       256    0.6175    0.8929     0.924    0.6797   0.02962   0.01845         0
    56/219     2.47G   0.01949  0.006015         0   0.02551         0       256    0.6302    0.8929    0.8957    0.5424   0.03473   0.01866         0
    57/219     2.47G   0.02403  0.006163         0   0.03019         0       256    0.7377    0.8929     0.926    0.6074   0.03503   0.01872         0
    58/219     2.47G   0.01826  0.005699         0   0.02396         0       256    0.7267    0.9286    0.9385    0.6695   0.02944    0.0172         0
    59/219     2.47G   0.01761  0.005404         0   0.02302         0       256    0.6091    0.9286    0.9293    0.6237   0.03146   0.01611         0
    60/219     2.47G   0.02382  0.006249         0   0.03007         0       256    0.6751    0.9286    0.9448    0.7067   0.02928   0.01663         0
    61/219     2.47G   0.01786  0.006279         0   0.02414         0       256     0.692    0.9286     0.944    0.6668   0.03069   0.01779         0
    62/219     2.47G   0.01758  0.005578         0   0.02316         0       256    0.7316    0.9286     0.947    0.6677   0.02917   0.01728         0
    63/219     2.47G   0.01852  0.005697         0   0.02421         0       256    0.7471    0.9286    0.9396     0.661   0.02831    0.0172         0
    64/219     2.47G   0.01656  0.005418         0   0.02198         0       256    0.5243    0.9286    0.8901    0.5652   0.02993   0.01729         0
    65/219     2.47G   0.02217  0.005865         0   0.02804         0       256    0.5988    0.9286    0.9418    0.6783   0.02905   0.01753         0
    66/219     2.47G   0.01682  0.005521         0   0.02234         0       256    0.7164    0.9286    0.9408    0.6493   0.02833   0.01777         0
    67/219     2.47G   0.01624  0.005393         0   0.02163         0       256    0.6246    0.9286    0.9348    0.6253   0.02911   0.01785         0
    68/219     2.47G   0.01607  0.005344         0   0.02141         0       256    0.6516    0.9286    0.9416    0.6817   0.02742   0.01745         0
    69/219     2.47G   0.01725  0.005216         0   0.02247         0       256      0.63    0.9286    0.9361    0.6898   0.02863   0.01721         0
    70/219     2.47G   0.01612  0.004947         0   0.02107         0       256    0.6365    0.9382    0.9378    0.6748   0.02859    0.0174         0
    71/219     2.47G   0.01865    0.0053         0   0.02395         0       256    0.7037    0.9286    0.9395    0.6599   0.02832   0.01738         0
    72/219     2.47G   0.01829  0.005449         0   0.02374         0       256    0.6346    0.9286    0.9411    0.6647   0.02966   0.01786         0
    73/219     2.47G   0.01748  0.005259         0   0.02274         0       256    0.6398    0.9286    0.9411     0.634   0.03042   0.01776         0
    74/219     2.47G   0.01569   0.00512         0   0.02081         0       256    0.7603    0.9643    0.9522    0.6737   0.02895    0.0174         0
    75/219     2.47G   0.01625  0.005166         0   0.02141         0       256    0.6665    0.9643    0.9464    0.6762   0.02892   0.01734         0
    76/219     2.47G   0.01874  0.005462         0    0.0242         0       256    0.6559    0.9643     0.943    0.6539   0.02913   0.01776         0
    77/219     2.47G   0.01336  0.005036         0   0.01839         0       256    0.6515    0.9286    0.9363    0.6532   0.02797   0.01803         0
    78/219     2.47G   0.01393  0.004716         0   0.01864         0       256    0.6346    0.9643    0.9387    0.6777   0.02734   0.01701         0
    79/219     2.47G   0.01359  0.004573         0   0.01817         0       256       0.7    0.9643    0.9459     0.684   0.02752   0.01664         0
    80/219     2.47G   0.01551  0.004963         0   0.02047         0       256     0.657    0.9643    0.9414    0.6195   0.02902   0.01737         0
    81/219     2.47G   0.01602  0.004972         0     0.021         0       256    0.7187    0.9286    0.9436    0.7083   0.02861   0.01807         0
    82/219     2.47G   0.01584  0.004939         0   0.02078         0       256    0.7618    0.9286    0.9459    0.6904   0.02876   0.01901         0
    83/219     2.47G   0.01343  0.004702         0   0.01813         0       256    0.7851    0.9138    0.9451     0.698   0.02787   0.01861         0
    84/219     2.47G   0.01359  0.004653         0   0.01824         0       256    0.7224    0.8929    0.9417    0.6857   0.02773   0.01791         0
    85/219     2.47G   0.01598   0.00493         0   0.02091         0       256    0.6783    0.8929     0.933    0.6867   0.02944   0.01856         0
    86/219     2.47G   0.01403  0.004613         0   0.01864         0       256     0.742    0.9286    0.9409    0.6726   0.02752   0.01799         0
    87/219     2.47G   0.01475  0.004842         0   0.01959         0       256    0.6971    0.9045    0.9385    0.7188   0.02816   0.01805         0
    88/219     2.47G   0.01543  0.004835         0   0.02026         0       256    0.7161    0.9012    0.9376    0.7021   0.02841   0.01829         0
    89/219     2.47G   0.01279  0.004575         0   0.01736         0       256    0.6958    0.8929    0.9369    0.6919    0.0283   0.01839         0
    90/219     2.47G   0.01185  0.004252         0    0.0161         0       256    0.5732    0.8929    0.9273    0.6686   0.02757   0.01798         0
    91/219     2.47G   0.01248  0.004322         0    0.0168         0       256    0.5879    0.8929     0.924    0.6899   0.02743   0.01795         0
    92/219     2.47G   0.01361  0.004555         0   0.01816         0       256    0.6186    0.8929    0.9267    0.6905   0.02787   0.01809         0
    93/219     2.47G   0.01309  0.004431         0   0.01752         0       256    0.6949    0.8929      0.93    0.6972   0.02829   0.01831         0
    94/219     2.47G   0.01365  0.004491         0   0.01814         0       256    0.6381    0.8929     0.933    0.6904   0.02773   0.01842         0
    95/219     2.47G   0.01286  0.004442         0    0.0173         0       256    0.6787    0.8929    0.9365     0.688   0.02791   0.01794         0
    96/219     2.47G   0.01187  0.004444         0   0.01631         0       256    0.6812    0.9158    0.9383    0.6758   0.02749   0.01747         0
    97/219     2.47G   0.01355  0.004521         0   0.01807         0       256    0.6497    0.9286    0.9359    0.6846    0.0276    0.0178         0
    98/219     2.47G   0.01163  0.004294         0   0.01592         0       256    0.6269    0.9286    0.9335    0.6967   0.02725   0.01807         0
    99/219     2.47G    0.0114  0.004216         0   0.01561         0       256    0.6288    0.9286    0.9327    0.6777   0.02724   0.01811         0
   100/219     2.47G   0.01316  0.004451         0   0.01761         0       256    0.6005    0.9286    0.9328    0.6693   0.02711   0.01799         0
   101/219     2.47G   0.01051  0.003983         0   0.01449         0       256    0.6941    0.9286    0.9414    0.6794   0.02773   0.01758         0
   102/219     2.47G    0.0119  0.004147         0   0.01605         0       256    0.7249    0.9286    0.9413     0.665   0.02828   0.01764         0
   103/219     2.47G   0.01162  0.004411         0   0.01603         0       256     0.716    0.9286    0.9437    0.6976   0.02752   0.01777         0
   104/219     2.47G    0.0121  0.004307         0    0.0164         0       256    0.6869    0.9286    0.9404    0.6767   0.02867   0.01809         0
   105/219     2.47G   0.01483  0.004523         0   0.01935         0       256    0.7464    0.9286    0.9437    0.7105   0.02742    0.0185         0
   106/219     2.47G   0.01011  0.003998         0   0.01411         0       256    0.7195    0.9286    0.9429    0.6628   0.02725    0.0181         0
   107/219     2.47G   0.01163  0.004038         0   0.01567         0       256    0.7052    0.9286    0.9397    0.6885   0.02787   0.01791         0
   108/219     2.47G   0.01097  0.003993         0   0.01496         0       256     0.693    0.9286    0.9374    0.7101   0.02686   0.01776         0
   109/219     2.47G    0.0122  0.004058         0   0.01626         0       256    0.6809    0.9286     0.937    0.6964   0.02751   0.01784         0
   110/219     2.47G   0.01118  0.003973         0   0.01515         0       256    0.6969    0.9286    0.9357    0.7269   0.02715   0.01801         0
   111/219     2.47G   0.01128  0.004092         0   0.01537         0       256    0.7513    0.8929    0.9357    0.7089   0.02747   0.01835         0
   112/219     2.47G   0.01311   0.00441         0   0.01752         0       256    0.8069    0.8929    0.9341    0.7026   0.02743    0.0186         0
   113/219     2.47G   0.01351  0.004199         0   0.01771         0       256    0.8103    0.8929    0.9347    0.7159   0.02758   0.01915         0
   114/219     2.47G   0.01027  0.003986         0   0.01426         0       256    0.7314    0.9286    0.9383    0.6979    0.0272    0.0182         0
   115/219     2.47G  0.009924  0.003885         0   0.01381         0       256    0.6882    0.9286    0.9385    0.6753   0.02778    0.0178         0
   116/219     2.47G   0.01184  0.004251         0   0.01609         0       256    0.7708    0.9609    0.9463    0.6909   0.02754   0.01747         0
   117/219     2.47G   0.01148   0.00393         0   0.01541         0       256    0.7216    0.9643    0.9451    0.7046   0.02753   0.01773         0
   118/219     2.47G  0.009134  0.003707         0   0.01284         0       256    0.7023    0.9643    0.9444    0.7072   0.02703    0.0176         0
   119/219     2.47G   0.01028  0.003868         0   0.01415         0       256    0.6869    0.9643    0.9463    0.7348   0.02676   0.01753         0
   120/219     2.47G   0.01137  0.004052         0   0.01542         0       256    0.7398    0.9643    0.9475    0.7111   0.02707   0.01759         0
   121/219     2.47G  0.009131  0.003768         0    0.0129         0       256    0.7027    0.9643    0.9459    0.6939   0.02754   0.01758         0
   122/219     2.47G  0.009991  0.003849         0   0.01384         0       256    0.6853    0.9643    0.9444    0.6967   0.02678   0.01725         0
   123/219     2.47G  0.009101  0.003626         0   0.01273         0       256    0.7217    0.9643    0.9475    0.7008   0.02621   0.01708         0
   124/219     2.47G  0.009597  0.003719         0   0.01332         0       256    0.6833    0.9643     0.947    0.7074   0.02619   0.01698         0
   125/219     2.47G   0.01005  0.003734         0   0.01379         0       256    0.7089    0.9643    0.9486     0.702   0.02672   0.01723         0
   126/219     2.47G  0.009304  0.003529         0   0.01283         0       256    0.7049    0.9643    0.9459    0.7069   0.02613   0.01735         0
   127/219     2.47G  0.008952  0.003487         0   0.01244         0       256    0.7213    0.9643    0.9451    0.7093   0.02659   0.01738         0
   128/219     2.47G  0.009128   0.00375         0   0.01288         0       256    0.7365    0.9643    0.9452    0.7034   0.02693   0.01743         0
   129/219     2.47G  0.008802   0.00354         0   0.01234         0       256    0.7247    0.9405     0.943    0.7065   0.02756   0.01787         0
   130/219     2.47G  0.009126  0.003448         0   0.01257         0       256    0.7068    0.9286    0.9429    0.7081   0.02653   0.01795         0
   131/219     2.47G  0.007749  0.003243         0   0.01099         0       256    0.7325    0.9286    0.9429    0.7147   0.02658    0.0179         0
   132/219     2.47G  0.009331   0.00355         0   0.01288         0       256    0.7125    0.9286    0.9395    0.6934   0.02846   0.01797         0
   133/219     2.47G    0.0112  0.003713         0   0.01492         0       256    0.7053    0.9286    0.9392    0.6932   0.02725   0.01805         0
   134/219     2.47G   0.01036  0.003766         0   0.01412         0       256    0.7191    0.9286    0.9444    0.7191   0.02722    0.0182         0
   135/219     2.47G  0.008774  0.003582         0   0.01236         0       256    0.7318    0.9286    0.9459    0.7101   0.02724   0.01851         0
   136/219     2.47G  0.008653  0.003535         0   0.01219         0       256    0.7049    0.9286    0.9451    0.7073   0.02659   0.01861         0
   137/219     2.47G   0.00821  0.003375         0   0.01158         0       256    0.6774    0.9286    0.9405    0.7124   0.02697   0.01875         0
   138/219     2.47G  0.008306  0.003282         0   0.01159         0       256    0.7147    0.9286    0.9429    0.7203   0.02686   0.01815         0
   139/219     2.47G  0.008211  0.003269         0   0.01148         0       256    0.7267    0.9286     0.943    0.7064   0.02655   0.01814         0
   140/219     2.47G    0.0079  0.003302         0    0.0112         0       256    0.7468    0.9286    0.9451    0.6982   0.02702   0.01822         0
   141/219     2.47G  0.007577  0.003108         0   0.01068         0       256    0.7564    0.9286    0.9467    0.6884   0.02776   0.01867         0
   142/219     2.47G  0.008227  0.003272         0    0.0115         0       256    0.7359    0.9286    0.9467    0.7106   0.02672   0.01846         0
   143/219     2.47G  0.007581  0.003117         0    0.0107         0       256    0.7298    0.9286    0.9467    0.7092   0.02656   0.01837         0
   144/219     2.47G  0.009233  0.003458         0   0.01269         0       256    0.7691    0.9521    0.9483    0.7168    0.0264   0.01824         0
   145/219     2.47G  0.007915  0.003197         0   0.01111         0       256    0.7243    0.9286    0.9459    0.7284   0.02682   0.01819         0
   146/219     2.47G  0.007593  0.003161         0   0.01075         0       256    0.6856    0.9348    0.9428    0.7159   0.02684   0.01812         0
   147/219     2.47G  0.008618  0.003287         0   0.01191         0       256    0.7242    0.9286    0.9436    0.7116   0.02671   0.01809         0
   148/219     2.47G  0.008783  0.003339         0   0.01212         0       256     0.723    0.9325    0.9443    0.7209   0.02674   0.01823         0
   149/219     2.47G  0.007021  0.002982         0      0.01         0       256     0.764    0.9286    0.9467    0.7011    0.0273   0.01815         0
   150/219     2.47G  0.007286  0.003031         0   0.01032         0       256    0.7849    0.9286    0.9467    0.7247    0.0265   0.01773         0
   151/219     2.47G  0.007715  0.003189         0    0.0109         0       256    0.7363    0.9286    0.9451    0.7198   0.02683   0.01792         0
   152/219     2.47G   0.00839  0.003385         0   0.01177         0       256     0.728    0.9286    0.9452     0.703   0.02642   0.01808         0
   153/219     2.47G  0.006902  0.002904         0  0.009805         0       256    0.7056    0.9286    0.9432    0.7068   0.02627   0.01817         0
   154/219     2.47G  0.007394  0.003002         0    0.0104         0       256    0.7078    0.9286    0.9469    0.7159   0.02589   0.01786         0
   155/219     2.47G  0.005949  0.002778         0  0.008727         0       256    0.7127    0.9286     0.943    0.6986   0.02636   0.01795         0
   156/219     2.47G  0.007642  0.003144         0   0.01079         0       256     0.687    0.9286    0.9394    0.7005   0.02648   0.01806         0
   157/219     2.47G  0.006555  0.002824         0   0.00938         0       256    0.7247    0.9286    0.9429    0.7181   0.02607     0.018         0
   158/219     2.47G  0.006819  0.002889         0  0.009708         0       256    0.7243    0.9386    0.9467    0.7301   0.02601    0.0179         0
   159/219     2.47G  0.007272  0.002949         0   0.01022         0       256    0.7264    0.9484    0.9467    0.7142   0.02638   0.01814         0
   160/219     2.47G  0.006347  0.002934         0  0.009281         0       256     0.729    0.9643    0.9475    0.7204   0.02635   0.01824         0
   161/219     2.47G  0.006238  0.002838         0  0.009076         0       256    0.7663    0.9286    0.9483    0.7096   0.02652   0.01838         0
   162/219     2.47G  0.006241  0.002737         0  0.008977         0       256    0.7237    0.9286    0.9475    0.7074   0.02662   0.01815         0
   163/219     2.47G  0.007037  0.002851         0  0.009888         0       256    0.7252    0.9428    0.9467    0.7051   0.02681   0.01823         0
   164/219     2.47G  0.006349  0.002815         0  0.009164         0       256    0.7693    0.9532    0.9468    0.7139   0.02637   0.01819         0
   165/219     2.47G  0.006397  0.002824         0  0.009222         0       256     0.767    0.9406    0.9483    0.7132    0.0269    0.0184         0
   166/219     2.47G   0.00675  0.002812         0  0.009562         0       256    0.7261    0.9471    0.9475    0.7003   0.02655   0.01837         0
   167/219     2.47G  0.005754  0.002724         0  0.008478         0       256    0.7451    0.9286    0.9475    0.7092    0.0266   0.01846         0
   168/219     2.47G  0.006891  0.002898         0  0.009789         0       256    0.7125    0.9286    0.9467    0.7221   0.02646   0.01844         0
   169/219     2.47G  0.005313  0.002541         0  0.007854         0       256    0.7689    0.9511    0.9492    0.7175   0.02652   0.01835         0
   170/219     2.47G  0.005774  0.002621         0  0.008394         0       256    0.7299    0.9643    0.9501    0.7194   0.02648   0.01802         0
   171/219     2.47G  0.005552  0.002634         0  0.008185         0       256    0.7711    0.9628    0.9483    0.7234   0.02655   0.01818         0
   172/219     2.47G  0.006048    0.0028         0  0.008848         0       256    0.7676    0.9643    0.9483    0.7178   0.02668   0.01821         0
   173/219     2.47G  0.006502  0.002704         0  0.009206         0       256    0.7465    0.9466    0.9483    0.7141   0.02628    0.0183         0
   174/219     2.47G  0.004817  0.002366         0  0.007182         0       256    0.7224    0.9286    0.9475    0.7032    0.0265   0.01803         0
   175/219     2.47G  0.005083  0.002487         0   0.00757         0       256    0.7461    0.9286    0.9467    0.7153    0.0263   0.01802         0
   176/219     2.47G  0.006597  0.002851         0  0.009449         0       256    0.7663    0.9286    0.9492    0.7101   0.02651   0.01808         0
   177/219     2.47G  0.004984  0.002384         0  0.007368         0       256    0.7246      0.94    0.9467    0.7297   0.02607   0.01803         0
   178/219     2.47G  0.005801   0.00257         0  0.008371         0       256    0.7442    0.9354    0.9492    0.7135   0.02646   0.01804         0
   179/219     2.47G  0.004725  0.002453         0  0.007179         0       256     0.728    0.9286    0.9459    0.7301   0.02647   0.01823         0
   180/219     2.47G  0.005715  0.002638         0  0.008353         0       256    0.7201    0.9286    0.9451    0.7101   0.02695   0.01832         0
   181/219     2.47G  0.005603  0.002555         0  0.008158         0       256    0.7012    0.9286    0.9445    0.7202   0.02633   0.01823         0
   182/219     2.47G  0.006106  0.002583         0  0.008689         0       256    0.7062    0.9446    0.9476    0.7169    0.0264   0.01812         0
   183/219     2.47G  0.005056  0.002452         0  0.007508         0       256    0.7032     0.931    0.9459    0.7278   0.02666   0.01821         0
   184/219     2.47G  0.005863  0.002728         0  0.008591         0       256    0.7212    0.9286    0.9459    0.7237   0.02663    0.0183         0
   185/219     2.47G  0.005151  0.002438         0  0.007589         0       256    0.7507    0.9286    0.9475    0.7205   0.02626   0.01832         0
   186/219     2.47G  0.005379  0.002469         0  0.007848         0       256    0.7451    0.9396    0.9492    0.7132   0.02664   0.01817         0
   187/219     2.47G  0.004832  0.002355         0  0.007187         0       256      0.71    0.9286    0.9429    0.7255   0.02668   0.01833         0
   188/219     2.47G  0.005616  0.002682         0  0.008298         0       256    0.7213    0.9286    0.9429    0.7184   0.02674   0.01834         0
   189/219     2.47G  0.004437  0.002329         0  0.006767         0       256     0.734    0.9286    0.9451    0.7292   0.02646    0.0183         0
   190/219     2.47G  0.005031  0.002428         0  0.007459         0       256    0.7034    0.9286    0.9452    0.7098   0.02647   0.01826         0
   191/219     2.47G  0.004759  0.002322         0   0.00708         0       256    0.7051    0.9286     0.941     0.688   0.02687   0.01846         0
   192/219     2.47G  0.005578  0.002603         0  0.008181         0       256    0.6958    0.9286    0.9409    0.7169   0.02658   0.01846         0
   193/219     2.47G  0.005403  0.002435         0  0.007838         0       256    0.7252    0.9286    0.9422    0.7045   0.02665   0.01848         0
   194/219     2.47G  0.004551  0.002314         0  0.006865         0       256    0.7256    0.9449    0.9467    0.7219   0.02611   0.01815         0
   195/219     2.47G  0.004385  0.002273         0  0.006658         0       256    0.7112    0.9286    0.9429    0.7117   0.02621   0.01818         0
   196/219     2.47G  0.005047  0.002467         0  0.007513         0       256     0.747    0.9493    0.9475    0.7195   0.02636   0.01815         0
   197/219     2.47G  0.005637  0.002483         0   0.00812         0       256    0.7442    0.9286    0.9483    0.7173   0.02658   0.01823         0
   198/219     2.47G  0.003922  0.002176         0  0.006098         0       256    0.7256    0.9446    0.9469     0.718   0.02641   0.01824         0
   199/219     2.47G  0.004248    0.0022         0  0.006447         0       256    0.7019    0.9286    0.9436    0.7101   0.02644   0.01836         0
   200/219     2.47G   0.00429  0.002272         0  0.006563         0       256    0.7288    0.9286    0.9452    0.6993   0.02689   0.01844         0
   201/219     2.47G  0.004922  0.002388         0   0.00731         0       256    0.7222    0.9286    0.9451    0.7157   0.02655   0.01831         0
   202/219     2.47G  0.004317  0.002182         0  0.006499         0       256    0.7048    0.9382    0.9459    0.7014   0.02652   0.01822         0
   203/219     2.47G  0.003808  0.002122         0   0.00593         0       256     0.702    0.9286    0.9452    0.7025   0.02641   0.01828         0
   204/219     2.47G  0.005231  0.002469         0    0.0077         0       256    0.7085    0.9286    0.9459    0.7083   0.02638   0.01833         0
   205/219     2.47G  0.003949  0.002101         0  0.006051         0       256    0.7268    0.9503    0.9467    0.7048   0.02672   0.01843         0
   206/219     2.47G  0.004588  0.002247         0  0.006835         0       256    0.7075    0.9506    0.9467    0.7114   0.02643   0.01825         0
   207/219     2.47G   0.00426   0.00221         0   0.00647         0       256    0.7049    0.9386    0.9451    0.7065   0.02662   0.01843         0
   208/219     2.47G   0.00435  0.002354         0  0.006704         0       256    0.7083     0.954    0.9444    0.7144   0.02638   0.01839         0
   209/219     2.47G   0.00437   0.00222         0   0.00659         0       256    0.7486    0.9575    0.9483    0.7153   0.02638   0.01831         0
   210/219     2.47G  0.004408  0.002171         0  0.006579         0       256    0.7074    0.9501    0.9467    0.7193   0.02633   0.01811         0
   211/219     2.47G  0.004195  0.002185         0   0.00638         0       256    0.7244    0.9391    0.9467    0.7212   0.02623   0.01814         0
   212/219     2.47G  0.004681  0.002387         0  0.007069         0       256    0.7281    0.9567    0.9475    0.7244   0.02631   0.01815         0
   213/219     2.47G  0.004192  0.002177         0   0.00637         0       256    0.7258    0.9456    0.9475    0.7139   0.02642   0.01818         0
   214/219     2.47G  0.003989  0.002136         0  0.006125         0       256     0.709    0.9643    0.9467    0.7161   0.02604   0.01803         0
   215/219     2.47G  0.004259  0.002182         0  0.006441         0       256    0.7278     0.955    0.9467    0.7153   0.02645   0.01829         0
   216/219     2.47G  0.004181  0.002197         0  0.006378         0       256    0.7076    0.9507    0.9459    0.7219   0.02607   0.01839         0
   217/219     2.47G  0.004259  0.002172         0   0.00643         0       256    0.7067    0.9286    0.9459    0.7183   0.02635   0.01848         0
   218/219     2.47G  0.004542  0.002186         0  0.006728         0       256    0.7279    0.9557    0.9475    0.7234   0.02642   0.01823         0
   219/219     2.47G  0.004418  0.002197         0  0.006616         0       256    0.7271    0.9518    0.9484    0.7206   0.02646   0.01836         0
