     0/219     1.01G   0.09235   0.03104         0    0.1234         0       256         0         0 0.0003744 4.957e-05   0.09952   0.03385         0
     1/219     1.01G   0.07804   0.03315         0    0.1112         0       256         0         0 0.0008036 0.0001299   0.09251   0.03495         0
     2/219     1.01G   0.07236   0.03315         0    0.1055         0       256         0         0  0.003618 0.0006421   0.08135   0.03724         0
     3/219     1.01G   0.06451   0.03283         0   0.09734         0       256         1   0.03571     0.282    0.1006    0.0717   0.03459         0
     4/219     1.01G   0.05875   0.02855         0   0.08729         0       256     0.278    0.2754    0.2872   0.04017   0.06927   0.02914         0
     5/219     1.01G   0.05564   0.02589         0   0.08153         0       256    0.3591    0.7857    0.4958    0.1938   0.06568   0.02642         0
     6/219     1.01G   0.05607   0.02198         0   0.07805         0       256    0.4151      0.75    0.4919    0.1976   0.05058   0.02897         0
     7/219     1.01G   0.05377   0.02106         0   0.07482         0       256      0.11    0.7143    0.1287   0.05773   0.07697   0.02047         0
     8/219     1.02G   0.06706   0.01704         0    0.0841         0       256     0.127    0.9286    0.1642   0.05579   0.07111   0.02409         0
     9/219     1.02G   0.06733   0.01764         0   0.08497         0       256    0.1994    0.9286    0.4306   0.08335   0.06774   0.02154         0
    10/219     1.02G   0.05521   0.01787         0   0.07307         0       256    0.1597    0.9286      0.31    0.1205   0.07112   0.01927         0
    11/219     1.02G   0.05732   0.01642         0   0.07373         0       256    0.1122    0.8571    0.2201   0.05002   0.06889   0.01973         0
    12/219     1.02G   0.06054   0.01582         0   0.07636         0       256    0.4079       0.5     0.396    0.1017   0.06506   0.02621         0
    13/219     1.02G    0.0535   0.01709         0   0.07058         0       256    0.1154    0.9286     0.514     0.229   0.06331   0.01945         0
    14/219     1.02G   0.05881   0.01439         0   0.07319         0       256    0.3804    0.7857    0.5713    0.2602   0.05109   0.02598         0
    15/219     1.02G   0.04886   0.01554         0    0.0644         0       256    0.2512    0.7143    0.4567    0.1865   0.05859   0.02447         0
    16/219     1.02G   0.05095    0.0182         0   0.06915         0       256    0.1328    0.9286    0.4829    0.0784   0.05796   0.02038         0
    17/219     1.02G   0.05289   0.02026         0   0.07315         0       256    0.1147    0.9286    0.5329   0.07838   0.06106   0.02224         0
    18/219     1.02G   0.05053   0.01875         0   0.06928         0       256    0.2105    0.8214    0.6234    0.2461   0.04793   0.02474         0
    19/219     1.02G   0.04285   0.01706         0   0.05991         0       256    0.1488    0.9286    0.5792    0.2128   0.05374   0.01881         0
    20/219     1.02G   0.05059    0.0151         0   0.06569         0       256     0.245    0.9286    0.6304    0.1271   0.05074   0.02083         0
    21/219     1.02G   0.04348   0.01473         0   0.05821         0       256    0.1497    0.9286    0.5724    0.1651   0.05473   0.01887         0
    22/219     1.02G   0.04215   0.01265         0    0.0548         0       256    0.3243    0.9286    0.8067    0.4285   0.04245   0.01725         0
    23/219     1.02G   0.03729   0.01108         0   0.04836         0       256    0.2438    0.9286    0.8402    0.3892   0.04614   0.01629         0
    24/219     1.02G    0.0399   0.01084         0   0.05075         0       256    0.3136    0.9286    0.7628    0.4623   0.04005   0.01765         0
    25/219     1.02G    0.0353   0.01015         0   0.04545         0       256    0.2661    0.9286    0.7239     0.263   0.04533   0.01695         0
    26/219     1.02G   0.03735  0.009816         0   0.04717         0       256    0.3059    0.9286    0.8349    0.4746    0.0446   0.01769         0
    27/219     1.02G   0.03615  0.009903         0   0.04605         0       256    0.3045    0.9286    0.8582    0.2864   0.04272   0.01769         0
    28/219     1.02G   0.03589   0.01014         0   0.04603         0       256    0.4017    0.9286    0.8875    0.4754   0.04003   0.01801         0
    29/219     1.02G    0.0348   0.00936         0   0.04416         0       256    0.3726    0.9286    0.8451    0.3936   0.03874   0.01751         0
    30/219     1.02G   0.03064  0.008719         0   0.03936         0       256    0.3955    0.9286     0.758    0.3271   0.04298   0.01737         0
    31/219     1.02G   0.02992  0.008396         0   0.03832         0       256    0.3718    0.9286    0.7621    0.4307   0.03848   0.01784         0
    32/219     1.02G   0.03195  0.008388         0   0.04034         0       256    0.4651    0.8929    0.8528     0.413   0.04329   0.02002         0
    33/219     1.02G   0.03302   0.00873         0   0.04175         0       256    0.7079    0.8929    0.8929    0.5844   0.03826   0.02121         0
    34/219     1.02G   0.02826  0.007946         0    0.0362         0       256    0.4158    0.9286    0.8305    0.5396   0.03725   0.01801         0
    35/219     1.02G    0.0277  0.007525         0   0.03522         0       256    0.4253    0.9286    0.8726    0.6183   0.03588   0.01737         0
    36/219     1.02G   0.02453  0.008063         0    0.0326         0       256    0.4885    0.9286    0.8994    0.5232   0.03612   0.01756         0
    37/219     1.02G   0.03134  0.007633         0   0.03897         0       256    0.4939    0.9286    0.8609    0.5858   0.03546   0.01764         0
    38/219     1.02G   0.02315  0.007463         0   0.03061         0       256    0.4745    0.9286    0.8978    0.6075   0.03373   0.01875         0
    39/219     1.02G   0.02498  0.007037         0   0.03202         0       256    0.5313    0.9286    0.8518    0.5947   0.03534   0.01796         0
    40/219     1.02G   0.02929  0.007252         0   0.03654         0       256    0.6147    0.9286    0.8858    0.5964   0.03662   0.01804         0
    41/219     1.02G   0.02644  0.007419         0   0.03386         0       256    0.7656    0.9286    0.9013    0.5957   0.03651   0.01782         0
    42/219     1.02G   0.02461  0.007056         0   0.03166         0       256     0.585    0.9286    0.9099    0.5696   0.03571     0.017         0
    43/219     1.02G   0.02357  0.006995         0   0.03056         0       256    0.6672    0.9286    0.9041    0.5613   0.03488   0.01697         0
    44/219     1.02G     0.025  0.006882         0   0.03188         0       256    0.4789    0.9286    0.8094     0.542   0.03625   0.01784         0
    45/219     1.02G   0.02495  0.006974         0   0.03193         0       256    0.6613    0.9286    0.9182    0.6048   0.03649   0.01906         0
    46/219     1.02G   0.02431  0.006701         0   0.03101         0       256    0.5921    0.9286    0.9245    0.6519   0.03575   0.01754         0
    47/219     1.02G   0.02152  0.006742         0   0.02827         0       256     0.555    0.9286    0.9107    0.6268   0.03478   0.01779         0
    48/219     1.02G   0.02393  0.006491         0   0.03042         0       256    0.5692    0.9286    0.9114    0.5278   0.03693   0.01728         0
    49/219     1.02G   0.02381  0.006617         0   0.03042         0       256    0.5153    0.9286    0.8877    0.5915   0.03403   0.01751         0
    50/219     1.02G   0.02048   0.00619         0   0.02667         0       256    0.5203    0.9286    0.9126    0.5894   0.03108   0.01732         0
    51/219     1.02G   0.01979  0.006029         0   0.02582         0       256    0.4709    0.9286    0.8989    0.6228    0.0334   0.01714         0
    52/219     1.02G   0.02225  0.006131         0   0.02838         0       256    0.6027    0.9286    0.9212    0.6032   0.03228   0.01788         0
    53/219     1.02G   0.02072  0.006038         0   0.02676         0       256     0.538    0.9286    0.8914    0.5633   0.03549   0.01868         0
    54/219     1.02G    0.0211  0.006202         0    0.0273         0       256    0.6285    0.9286    0.9057     0.564    0.0339   0.01904         0
    55/219     1.02G    0.0196  0.005842         0   0.02544         0       256    0.5516    0.9286    0.8475    0.5466   0.03468   0.01961         0
    56/219     1.02G    0.0229  0.006137         0   0.02903         0       256    0.7494    0.9286    0.9147    0.6464   0.03307   0.02015         0
    57/219     1.02G   0.01773  0.005712         0   0.02344         0       256    0.7202    0.9286    0.9231    0.6324   0.03173   0.01952         0
    58/219     1.02G   0.01822  0.005428         0   0.02365         0       256    0.6216    0.9286    0.9277    0.6563   0.03033   0.01778         0
    59/219     1.02G   0.01802  0.005409         0   0.02342         0       256    0.6604    0.9286    0.9384      0.61   0.03074   0.01741         0
    60/219     1.02G   0.02061  0.005755         0   0.02636         0       256    0.6808    0.9286    0.9395    0.6206   0.02967    0.0174         0
    61/219     1.02G   0.01658  0.005675         0   0.02225         0       256    0.7686    0.9286    0.9387    0.6622   0.03117   0.01871         0
    62/219     1.02G   0.01637  0.005404         0   0.02178         0       256    0.7141    0.9286    0.9481    0.6389   0.03116   0.01813         0
    63/219     1.02G   0.01994  0.005581         0   0.02552         0       256    0.6692    0.9286    0.9409    0.6259   0.03052   0.01787         0
    64/219     1.02G   0.01984  0.005436         0   0.02528         0       256     0.682    0.9286      0.94    0.6588   0.03142    0.0186         0
    65/219     1.02G   0.01845  0.005941         0   0.02439         0       256    0.7469    0.9286    0.9351    0.6611   0.03104    0.0187         0
    66/219     1.02G   0.01592  0.005242         0   0.02116         0       256    0.6799    0.9286    0.9276    0.6433   0.03107   0.01844         0
    67/219     1.02G   0.01578  0.005131         0   0.02091         0       256    0.6553    0.9286    0.9234    0.5987   0.03224   0.01884         0
    68/219     1.02G    0.0219  0.005892         0   0.02779         0       256    0.6426    0.9286    0.9057    0.5944   0.03241   0.01983         0
    69/219     1.02G   0.01814  0.005653         0   0.02379         0       256    0.7608    0.9286    0.9138    0.6562   0.03144   0.02035         0
    70/219     1.02G   0.01545  0.005547         0   0.02099         0       256    0.6111    0.9286    0.9224    0.6383   0.03179   0.01818         0
    71/219     1.02G   0.01597  0.005257         0   0.02123         0       256     0.604    0.9286    0.9145    0.6277   0.03112   0.01792         0
    72/219     1.02G   0.01677  0.005399         0   0.02217         0       256    0.5839    0.9286    0.9054    0.5407   0.03386   0.01818         0
    73/219     1.02G   0.02032  0.005683         0   0.02601         0       256    0.5683    0.9286    0.9104    0.6523    0.0312   0.01789         0
    74/219     1.02G   0.01598  0.005302         0   0.02128         0       256    0.6141    0.9286    0.9179    0.6317   0.03109   0.01853         0
    75/219     1.02G   0.01298   0.00504         0   0.01802         0       256    0.6562    0.9286    0.9195     0.645   0.03063   0.01861         0
    76/219     1.02G   0.01398  0.004897         0   0.01887         0       256    0.6184    0.9286    0.9096    0.6115   0.03098   0.01858         0
    77/219     1.02G   0.01852  0.005266         0   0.02378         0       256    0.7238    0.9286    0.9046    0.6151   0.03076   0.01977         0
    78/219     1.02G   0.01378  0.004724         0   0.01851         0       256    0.7956    0.9286    0.9129    0.6572   0.03092   0.02026         0
    79/219     1.02G   0.01444  0.004988         0   0.01942         0       256    0.7833    0.9286    0.9075    0.6212   0.03084   0.02029         0
    80/219     1.02G   0.01663  0.005397         0   0.02202         0       256    0.6596    0.9286    0.8955    0.6169   0.03112   0.01987         0
    81/219     1.02G   0.01459  0.004967         0   0.01956         0       256    0.6639    0.9286    0.9033    0.5969   0.02986   0.02033         0
    82/219     1.02G   0.01395  0.004594         0   0.01854         0       256    0.6806    0.9286    0.9092    0.6303   0.03099   0.02059         0
    83/219     1.02G   0.01417  0.004584         0   0.01875         0       256    0.6974    0.9286    0.9168    0.6398   0.03191   0.02106         0
    84/219     1.02G   0.01533  0.004951         0   0.02028         0       256    0.7021    0.9286    0.9186    0.6743   0.03281   0.02109         0
    85/219     1.02G   0.01323  0.004764         0     0.018         0       256    0.6695    0.9286    0.9204    0.6279   0.03321   0.02099         0
    86/219     1.02G   0.01403  0.004656         0   0.01869         0       256    0.7134    0.9286    0.9194    0.6744   0.03166   0.01969         0
    87/219     1.02G   0.01546  0.004752         0   0.02021         0       256    0.6928    0.9286     0.916    0.6694   0.03175   0.01953         0
    88/219     1.02G     0.015  0.004832         0   0.01983         0       256    0.6803    0.9286    0.9177     0.646   0.03194   0.01925         0
    89/219     1.02G   0.01385   0.00461         0   0.01846         0       256    0.7135    0.9286    0.9156    0.6382   0.03189   0.01965         0
    90/219     1.02G   0.01423  0.004749         0   0.01897         0       256    0.7333    0.9286    0.9219    0.6384   0.02949   0.01993         0
    91/219     1.02G   0.01164  0.004329         0   0.01597         0       256    0.7147    0.9286    0.9068    0.6153   0.03001   0.01973         0
    92/219     1.02G    0.0147  0.004645         0   0.01935         0       256    0.6807    0.9286    0.9123    0.6508   0.02991   0.01972         0
    93/219     1.02G   0.01239  0.004359         0   0.01675         0       256    0.6965    0.9286    0.9116    0.6331   0.03082   0.01976         0
    94/219     1.02G   0.01267  0.004411         0   0.01708         0       256     0.656    0.9286    0.9161    0.6521   0.02991   0.01999         0
    95/219     1.02G   0.01422  0.004543         0   0.01876         0       256    0.6785    0.9286    0.9115    0.6374    0.0306    0.0197         0
    96/219     1.02G   0.01438  0.004733         0   0.01912         0       256    0.6332    0.9286    0.9186    0.6687   0.03127   0.02022         0
    97/219     1.02G   0.01337  0.004437         0    0.0178         0       256    0.6637    0.9286    0.9179    0.6522   0.03026   0.02001         0
    98/219     1.02G   0.01472  0.004478         0    0.0192         0       256    0.6897    0.9286    0.9137    0.6394   0.02997   0.01993         0
    99/219     1.02G   0.01372  0.004656         0   0.01837         0       256    0.6619    0.9286     0.918    0.6597   0.02974   0.01936         0
   100/219     1.02G   0.01439  0.004638         0   0.01903         0       256    0.7214    0.9286    0.9228    0.6495   0.03047   0.01957         0
   101/219     1.02G    0.0123  0.004624         0   0.01692         0       256    0.6776    0.9286    0.9214    0.6435   0.03112   0.02003         0
   102/219     1.02G   0.01098  0.004181         0   0.01516         0       256    0.6676    0.9286    0.9212    0.6526   0.02975   0.01972         0
   103/219     1.02G   0.01175  0.004132         0   0.01588         0       256    0.7003    0.9286    0.9232    0.6603   0.02912   0.01976         0
   104/219     1.02G   0.01336  0.004353         0   0.01771         0       256    0.6021    0.9286    0.9089    0.6478   0.02966   0.01956         0
   105/219     1.02G   0.01252  0.004042         0   0.01656         0       256    0.6549    0.9286    0.9207    0.6665   0.03023   0.01977         0
   106/219     1.02G   0.01156  0.004148         0    0.0157         0       256    0.7236    0.9286    0.9209    0.6808    0.0303   0.02029         0
   107/219     1.02G   0.01118   0.00419         0   0.01537         0       256    0.7507    0.9286    0.9173    0.6766   0.03028    0.0204         0
   108/219     1.02G   0.01394  0.004399         0   0.01834         0       256    0.6464    0.9286     0.918    0.6801   0.03175   0.02048         0
   109/219     1.02G   0.01069  0.003999         0   0.01468         0       256    0.7057    0.9286     0.921    0.6626   0.03071   0.01971         0
   110/219     1.02G   0.01078  0.003977         0   0.01476         0       256    0.6654    0.9286    0.9285     0.678   0.02904   0.01893         0
   111/219     1.02G   0.01156  0.004097         0   0.01566         0       256    0.6661    0.9286    0.9268    0.6853   0.02958   0.01892         0
   112/219     1.02G   0.01358  0.004474         0   0.01805         0       256    0.6629    0.9286    0.9187    0.6674   0.02994   0.01919         0
   113/219     1.02G   0.01088  0.003889         0   0.01477         0       256    0.7443    0.9286    0.9311    0.6593   0.02948   0.01933         0
   114/219     1.02G  0.009863   0.00389         0   0.01375         0       256    0.7271    0.9286    0.9297    0.7028   0.02897   0.01917         0
   115/219     1.02G  0.009009  0.003749         0   0.01276         0       256    0.7219    0.9286    0.9242    0.6797   0.02994   0.01885         0
   116/219     1.02G   0.01106  0.003947         0   0.01501         0       256    0.7349    0.9286    0.9243    0.6794   0.02967   0.01965         0
   117/219     1.02G   0.01144  0.003994         0   0.01544         0       256    0.8087    0.9286     0.923    0.6643   0.03007   0.02026         0
   118/219     1.02G  0.009406  0.003561         0   0.01297         0       256    0.7885    0.9286    0.9227    0.6634   0.03009    0.0205         0
   119/219     1.02G   0.01089  0.003817         0   0.01471         0       256    0.7652    0.9286    0.9235    0.6539   0.02958   0.02024         0
   120/219     1.02G   0.01071  0.003856         0   0.01456         0       256    0.7739    0.9286    0.9276    0.6627   0.02979   0.02068         0
   121/219     1.02G   0.01185  0.004001         0   0.01586         0       256    0.7829    0.9286     0.929    0.6631   0.02969    0.0212         0
   122/219     1.02G  0.009311   0.00359         0    0.0129         0       256    0.7874    0.9286    0.9285    0.6748   0.02976   0.02118         0
   123/219     1.02G  0.008547  0.003517         0   0.01206         0       256     0.744    0.9286    0.9289    0.6647   0.02966   0.02068         0
   124/219     1.02G   0.01091  0.003842         0   0.01475         0       256    0.7045    0.9286    0.9305     0.668   0.03004   0.02027         0
   125/219     1.02G  0.009867  0.003564         0   0.01343         0       256    0.7101    0.9286    0.9307    0.6615    0.0297   0.02039         0
   126/219     1.02G  0.009553  0.003596         0   0.01315         0       256    0.7075    0.9286     0.935      0.69    0.0291   0.01998         0
   127/219     1.02G  0.009649  0.003511         0   0.01316         0       256    0.7104    0.9286    0.9312    0.6791   0.02982   0.02039         0
   128/219     1.02G   0.01041    0.0037         0   0.01411         0       256    0.7772    0.9286    0.9266    0.6738   0.03127   0.02106         0
   129/219     1.02G   0.01091  0.003581         0   0.01449         0       256    0.8111    0.9286    0.9252     0.672   0.03107   0.02136         0
   130/219     1.02G  0.009396   0.00348         0   0.01288         0       256    0.7654    0.9286    0.9249    0.6737   0.02965   0.02082         0
   131/219     1.02G   0.00928  0.003576         0   0.01286         0       256    0.7844    0.9286     0.923    0.6769   0.02972   0.02036         0
   132/219     1.02G  0.009495  0.003652         0   0.01315         0       256    0.7064    0.9286    0.9235    0.6695   0.02985   0.01992         0
   133/219     1.02G  0.008616  0.003431         0   0.01205         0       256    0.7362    0.9286    0.9252     0.681   0.02949   0.01998         0
   134/219     1.02G  0.007056  0.003092         0   0.01015         0       256    0.6894    0.9286    0.9233    0.6727   0.02921   0.02005         0
   135/219     1.02G   0.00908    0.0034         0   0.01248         0       256    0.7893    0.9286    0.9248    0.6585   0.02955    0.0204         0
   136/219     1.02G  0.009415  0.003492         0   0.01291         0       256    0.7283    0.9286     0.925    0.6533    0.0296    0.0207         0
   137/219     1.02G  0.008861   0.00338         0   0.01224         0       256    0.6917    0.9286    0.9245    0.6724   0.02953   0.02033         0
   138/219     1.02G  0.007925  0.003179         0    0.0111         0       256    0.7024    0.9286    0.9297    0.6765   0.02976   0.02006         0
   139/219     1.02G  0.007175  0.003088         0   0.01026         0       256     0.752    0.9286    0.9292    0.6607   0.02976   0.01999         0
   140/219     1.02G  0.009233  0.003542         0   0.01278         0       256    0.6999    0.9286    0.9324    0.6624   0.02893   0.01997         0
   141/219     1.02G  0.009566  0.003455         0   0.01302         0       256      0.71    0.9286     0.929    0.6783   0.02917   0.01995         0
   142/219     1.02G  0.007066  0.003166         0   0.01023         0       256    0.7508    0.9286    0.9316     0.671   0.02894   0.01977         0
   143/219     1.02G   0.00753  0.003245         0   0.01077         0       256    0.7527    0.9286    0.9276    0.6944   0.02922   0.01973         0
   144/219     1.02G   0.01021  0.003665         0   0.01388         0       256    0.7906    0.9286    0.9262    0.6758   0.02953   0.01994         0
   145/219     1.02G  0.009207  0.003454         0   0.01266         0       256     0.831    0.9286    0.9232    0.6833   0.02957   0.02029         0
   146/219     1.02G  0.007993   0.00314         0   0.01113         0       256    0.8282    0.9286    0.9242    0.6596   0.02952   0.02044         0
   147/219     1.02G  0.007059  0.003044         0    0.0101         0       256     0.826    0.9286    0.9258    0.6822   0.02946   0.02056         0
   148/219     1.02G  0.007563   0.00315         0   0.01071         0       256      0.82    0.9286    0.9258    0.6839   0.02928   0.02071         0
   149/219     1.02G  0.007563  0.003003         0   0.01057         0       256    0.7533    0.9286    0.9247    0.6732   0.02956   0.02092         0
   150/219     1.02G  0.006983  0.002946         0  0.009929         0       256    0.7727    0.9286    0.9264    0.6663   0.02983   0.02102         0
   151/219     1.02G  0.006352  0.002756         0  0.009108         0       256    0.7938    0.9286    0.9255    0.6549   0.03012   0.02114         0
   152/219     1.02G  0.008321  0.003232         0   0.01155         0       256    0.7853    0.9286    0.9248    0.6378   0.03037   0.02135         0
   153/219     1.02G  0.006749  0.002734         0  0.009483         0       256    0.7672    0.9286    0.9256     0.629   0.03067   0.02129         0
   154/219     1.02G  0.007238  0.002902         0   0.01014         0       256    0.8209    0.9286    0.9276    0.6456    0.0297   0.02125         0
   155/219     1.02G  0.006998  0.002824         0  0.009822         0       256    0.7879    0.9286    0.9271     0.655    0.0303   0.02122         0
   156/219     1.02G   0.00719  0.002956         0   0.01015         0       256     0.791    0.9286    0.9301     0.666   0.03028   0.02118         0
   157/219     1.02G  0.008002  0.003069         0   0.01107         0       256    0.7467    0.9286    0.9308    0.6634   0.03082    0.0216         0
   158/219     1.02G   0.00674  0.002874         0  0.009614         0       256    0.7946    0.9286    0.9347    0.6794   0.03024   0.02123         0
   159/219     1.02G  0.006016  0.002769         0  0.008785         0       256    0.7652    0.9286    0.9318    0.6784   0.03038   0.02114         0
   160/219     1.02G  0.007534  0.003079         0   0.01061         0       256    0.7374    0.9286    0.9322    0.6765   0.02988   0.02102         0
   161/219     1.02G  0.007833  0.003103         0   0.01094         0       256    0.7451    0.9286    0.9283    0.6786   0.02986   0.02093         0
   162/219     1.02G   0.00745  0.002955         0    0.0104         0       256    0.7145    0.9286    0.9298    0.6924   0.02915   0.02059         0
   163/219     1.02G  0.006355  0.002817         0  0.009172         0       256    0.7142    0.9286    0.9259    0.6896   0.02954   0.02062         0
   164/219     1.02G  0.007418  0.003109         0   0.01053         0       256    0.7489    0.9286    0.9271    0.6891   0.02913   0.02071         0
   165/219     1.02G  0.005649  0.002715         0  0.008364         0       256    0.7709    0.9286     0.925    0.6916    0.0291   0.02075         0
   166/219     1.02G  0.005559  0.002685         0  0.008244         0       256    0.7551    0.9286    0.9249    0.6808   0.02915   0.02069         0
   167/219     1.02G  0.005205  0.002598         0  0.007803         0       256    0.7693    0.9286    0.9248    0.6885   0.02921   0.02079         0
   168/219     1.02G  0.005517  0.002716         0  0.008233         0       256    0.7723    0.9286    0.9242    0.6511   0.02907    0.0208         0
   169/219     1.02G    0.0072  0.002949         0   0.01015         0       256    0.7663    0.9286    0.9237    0.6805   0.02941   0.02094         0
   170/219     1.02G  0.005605  0.002549         0  0.008153         0       256    0.7647    0.9286    0.9239    0.6741   0.02901   0.02079         0
   171/219     1.02G  0.005148  0.002524         0  0.007672         0       256    0.7979    0.9286    0.9229    0.6849   0.02936   0.02099         0
   172/219     1.02G  0.007249  0.002905         0   0.01015         0       256    0.7977    0.9286    0.9234    0.6735   0.02989   0.02131         0
   173/219     1.02G  0.004882  0.002359         0  0.007241         0       256     0.829    0.9286    0.9247    0.6844   0.02972   0.02123         0
   174/219     1.02G   0.00565  0.002494         0  0.008144         0       256    0.8256    0.9286    0.9254    0.6779    0.0295     0.021         0
   175/219     1.02G  0.006229  0.002596         0  0.008826         0       256     0.785    0.9286    0.9259    0.6792      0.03   0.02119         0
   176/219     1.02G  0.005891  0.002648         0   0.00854         0       256    0.8097    0.9286    0.9279    0.6694   0.02993   0.02106         0
   177/219     1.02G  0.005905  0.002581         0  0.008486         0       256    0.8312    0.9286    0.9288    0.6817   0.02953   0.02117         0
   178/219     1.02G  0.005335  0.002381         0  0.007716         0       256    0.8026    0.9286    0.9298    0.6753   0.02992   0.02093         0
   179/219     1.02G   0.00565    0.0026         0   0.00825         0       256    0.8042    0.9286     0.927    0.6776   0.03043   0.02105         0
   180/219     1.02G  0.005843  0.002685         0  0.008528         0       256     0.784    0.9286     0.927    0.6754   0.03078   0.02131         0
   181/219     1.02G  0.005563  0.002527         0   0.00809         0       256    0.8023    0.9286    0.9274    0.6695    0.0306    0.0216         0
   182/219     1.02G  0.005379  0.002375         0  0.007754         0       256    0.7762    0.9286    0.9286    0.6779   0.03074   0.02165         0
   183/219     1.02G  0.004861  0.002297         0  0.007159         0       256    0.7803    0.9286    0.9273    0.6656   0.03099   0.02167         0
   184/219     1.02G  0.005815  0.002533         0  0.008349         0       256    0.8025    0.9286    0.9281     0.675   0.03084   0.02158         0
   185/219     1.02G  0.005604   0.00251         0  0.008114         0       256    0.7997    0.9286    0.9263    0.6724   0.03033   0.02153         0
   186/219     1.02G  0.005063  0.002411         0  0.007474         0       256    0.7747    0.9286    0.9273    0.6795   0.03044   0.02114         0
   187/219     1.02G  0.005127  0.002478         0  0.007605         0       256    0.7563    0.9286     0.927    0.6762   0.03056   0.02099         0
   188/219     1.02G  0.005347  0.002549         0  0.007896         0       256    0.7294    0.9286    0.9253    0.6724    0.0304   0.02113         0
   189/219     1.02G  0.005383  0.002477         0   0.00786         0       256    0.7915    0.9286    0.9256    0.6717    0.0303   0.02114         0
   190/219     1.02G  0.005013  0.002388         0  0.007401         0       256     0.756    0.9286    0.9259    0.6755   0.02967   0.02102         0
   191/219     1.02G  0.004903  0.002346         0  0.007249         0       256    0.7915    0.9286    0.9238    0.6697    0.0297   0.02097         0
   192/219     1.02G  0.004989  0.002432         0  0.007421         0       256    0.7924    0.9286    0.9231     0.663   0.02951   0.02097         0
   193/219     1.02G  0.004853  0.002334         0  0.007187         0       256    0.8126    0.9286    0.9231    0.6674   0.02948   0.02088         0
   194/219     1.02G  0.004203  0.002224         0  0.006427         0       256    0.7761    0.9286    0.9244    0.6603   0.02921   0.02052         0
   195/219     1.02G  0.004966  0.002352         0  0.007318         0       256     0.778    0.9286    0.9225     0.654   0.02958    0.0206         0
   196/219     1.02G  0.005026  0.002434         0  0.007459         0       256    0.7587    0.9286    0.9225    0.6575   0.02975   0.02078         0
   197/219     1.02G  0.005075  0.002415         0   0.00749         0       256    0.7792    0.9286    0.9229    0.6683   0.02973   0.02086         0
   198/219     1.02G  0.004438   0.00224         0  0.006678         0       256    0.7511    0.9286     0.927    0.6687   0.02916   0.02059         0
   199/219     1.02G  0.004995  0.002329         0  0.007324         0       256     0.755    0.9286    0.9252    0.6632   0.02951   0.02067         0
   200/219     1.02G  0.004374  0.002245         0  0.006619         0       256    0.7682    0.9286    0.9266    0.6639   0.02944   0.02073         0
   201/219     1.02G  0.004487   0.00231         0  0.006797         0       256     0.764    0.9286    0.9271    0.6827   0.02949   0.02084         0
   202/219     1.02G     0.004   0.00211         0   0.00611         0       256    0.7576    0.9286    0.9279    0.6899   0.02918   0.02081         0
   203/219     1.02G  0.004437  0.002154         0  0.006591         0       256    0.7788    0.9286    0.9253    0.6736   0.02939   0.02094         0
   204/219     1.02G  0.004058  0.002185         0  0.006243         0       256    0.7827    0.9286    0.9253    0.6874   0.02956     0.021         0
   205/219     1.02G  0.004609  0.002271         0   0.00688         0       256    0.8177    0.9286    0.9259    0.6798   0.02955   0.02116         0
   206/219     1.02G  0.003982  0.002112         0  0.006094         0       256    0.7705    0.9286    0.9266    0.6743   0.02947   0.02101         0
   207/219     1.02G   0.00447  0.002189         0  0.006659         0       256    0.7813    0.9286    0.9255    0.6679   0.02981   0.02112         0
   208/219     1.02G  0.005976  0.002524         0    0.0085         0       256    0.7862    0.9286     0.926     0.669   0.02945   0.02111         0
   209/219     1.02G  0.004177  0.002137         0  0.006315         0       256    0.7918    0.9286    0.9261    0.6785   0.02962   0.02113         0
   210/219     1.02G  0.004792  0.002296         0  0.007088         0       256    0.7759    0.9286     0.927    0.6713   0.02937   0.02107         0
   211/219     1.02G  0.004193   0.00213         0  0.006323         0       256    0.7925    0.9286    0.9255    0.6675   0.02946   0.02119         0
   212/219     1.02G  0.004349   0.00228         0  0.006629         0       256    0.7923    0.9286     0.927    0.6821   0.02973   0.02118         0
   213/219     1.02G  0.005199  0.002331         0  0.007529         0       256    0.7965    0.9286    0.9268    0.6597   0.02966   0.02127         0
   214/219     1.02G  0.003704  0.002024         0  0.005728         0       256    0.7635    0.9286    0.9274    0.6716    0.0295   0.02122         0
   215/219     1.02G  0.003275  0.001964         0  0.005239         0       256    0.7936    0.9286    0.9267    0.6821   0.02971    0.0212         0
   216/219     1.02G   0.00429  0.002226         0  0.006517         0       256    0.8129    0.9286    0.9272    0.6838   0.02989   0.02119         0
   217/219     1.02G  0.004535  0.002167         0  0.006701         0       256    0.8126    0.9286    0.9273    0.6825   0.02993   0.02116         0
   218/219     1.02G   0.00467  0.002165         0  0.006836         0       256    0.7632    0.9286    0.9278    0.6929   0.02967   0.02091         0
   219/219     1.02G  0.003871  0.002035         0  0.005906         0       256    0.7896    0.9286    0.9264    0.6785   0.02977     0.021         0
