     0/219     2.47G   0.08536   0.03419         0    0.1196         0       256         0         0   0.00012 1.824e-05   0.09333   0.03745         0
     1/219     2.47G   0.07433   0.03519         0    0.1095         0       256         0         0  0.004964 0.0008038   0.08627   0.03777         0
     2/219     2.47G   0.06778   0.03507         0    0.1029         0       256         0         0   0.01718  0.003519   0.07712   0.04006         0
     3/219     2.47G      0.06   0.03565         0   0.09566         0       256         0         0   0.03393  0.009245   0.06758   0.03958         0
     4/219     2.47G   0.05206   0.03258         0   0.08464         0       256    0.4784    0.7536    0.6652    0.2519   0.06044   0.03225         0
     5/219     2.47G   0.05392   0.02491         0   0.07883         0       256    0.2501    0.6429    0.3729   0.06789   0.06888    0.0244         0
     6/219     2.47G   0.05391   0.02079         0   0.07469         0       256    0.2476    0.8929    0.4558   0.07806   0.05702    0.0246         0
     7/219     2.47G   0.05481   0.01754         0   0.07234         0       256    0.2629    0.7857    0.5956    0.2269   0.06254   0.02314         0
     8/219     2.47G   0.05511   0.01627         0   0.07138         0       256    0.2157    0.7143    0.4896    0.1112   0.05475   0.02428         0
     9/219     2.47G   0.05418   0.01419         0   0.06837         0       256    0.1246    0.7857    0.3238   0.06232   0.07257   0.01974         0
    10/219     2.47G   0.05624    0.0168         0   0.07304         0       256    0.1768    0.9286     0.506    0.1451   0.06173   0.01847         0
    11/219     2.47G   0.05289   0.01413         0   0.06701         0       256    0.1069    0.9286    0.4533     0.139   0.06193   0.01676         0
    12/219     2.47G   0.05968   0.01331         0   0.07299         0       256    0.1348    0.9286    0.3897   0.09893   0.06117   0.01893         0
    13/219     2.47G   0.05769   0.01287         0   0.07056         0       256    0.1612    0.8929    0.5276    0.1849   0.05929   0.01938         0
    14/219     2.47G   0.05323   0.01269         0   0.06592         0       256    0.1457    0.8929     0.477    0.1222   0.05498   0.02007         0
    15/219     2.47G   0.05165   0.01154         0   0.06319         0       256    0.1843    0.9286    0.5715    0.2118   0.06188    0.0181         0
    16/219     2.47G   0.05616   0.01591         0   0.07207         0       256    0.1442    0.9643    0.5043    0.2144   0.05732   0.02398         0
    17/219     2.47G   0.05495   0.01457         0   0.06952         0       256    0.1156    0.9286    0.5569    0.2458   0.06617   0.01804         0
    18/219     2.47G   0.05639   0.01236         0   0.06875         0       256    0.1873    0.9286     0.398   0.06972   0.05319   0.01991         0
    19/219     2.47G   0.04725   0.01194         0   0.05918         0       256     0.135    0.8929    0.5449    0.1535   0.06699   0.01641         0
    20/219     2.47G   0.06173   0.01136         0   0.07308         0       256    0.1506    0.8214    0.4799    0.1163   0.06528   0.01824         0
    21/219     2.47G   0.05161   0.01137         0   0.06298         0       256    0.1626    0.9286    0.6321    0.3606    0.0532   0.01721         0
    22/219     2.47G   0.04647   0.01139         0   0.05786         0       256    0.3011    0.9643    0.8916    0.5231    0.0415   0.01718         0
    23/219     2.47G   0.04022  0.009859         0   0.05008         0       256    0.2345    0.9286    0.7676    0.4647   0.04684   0.01653         0
    24/219     2.47G   0.04309  0.009247         0   0.05234         0       256    0.2139    0.9286    0.5852    0.2604    0.0468   0.01945         0
    25/219     2.47G   0.04053   0.01008         0   0.05061         0       256    0.2364    0.9286    0.8008    0.3395   0.04303   0.01652         0
    26/219     2.47G   0.03745  0.009749         0    0.0472         0       256    0.2829    0.9286    0.8622    0.5017   0.04062   0.01784         0
    27/219     2.47G    0.0343  0.008932         0   0.04324         0       256    0.2248    0.9286    0.7425     0.266   0.04508   0.01683         0
    28/219     2.47G   0.04246  0.009408         0   0.05187         0       256    0.3444    0.9286    0.8586    0.4138    0.0397   0.01845         0
    29/219     2.47G   0.03568  0.009569         0   0.04524         0       256     0.494    0.9643    0.8946    0.5283   0.03591   0.01556         0
    30/219     2.47G   0.03256   0.00821         0   0.04077         0       256    0.4924    0.9643    0.9401    0.6202   0.03436   0.01516         0
    31/219     2.47G    0.0301  0.007984         0   0.03808         0       256    0.2991    0.9286    0.7646    0.3163   0.04614   0.01563         0
    32/219     2.47G   0.04156   0.01015         0   0.05171         0       256    0.4664    0.9643    0.9305     0.495   0.03488   0.01757         0
    33/219     2.47G   0.03162   0.01042         0   0.04204         0       256     0.424    0.9643    0.7449    0.3242     0.041   0.01778         0
    34/219     2.47G   0.03329  0.008715         0     0.042         0       256    0.2988    0.9286    0.7859    0.5088   0.04067   0.01949         0
    35/219     2.47G   0.03513  0.008702         0   0.04383         0       256    0.2987    0.9286     0.773    0.3745    0.0416   0.01967         0
    36/219     2.47G   0.03495  0.008584         0   0.04353         0       256    0.3672    0.9286     0.738    0.4687    0.0384   0.02258         0
    37/219     2.47G   0.03214  0.008458         0   0.04059         0       256    0.4125    0.8571    0.8058    0.5096     0.036    0.0234         0
    38/219     2.47G   0.02717  0.007843         0   0.03501         0       256    0.5728    0.8571    0.8436    0.5531   0.03373   0.02304         0
    39/219     2.47G   0.02917  0.007663         0   0.03684         0       256    0.4982    0.8214    0.8238    0.4876   0.03572   0.02459         0
    40/219     2.47G   0.02563  0.007925         0   0.03356         0       256    0.4987    0.8929    0.8068    0.3668   0.03399   0.02261         0
    41/219     2.47G   0.02759  0.007271         0   0.03486         0       256    0.4891    0.8929     0.817    0.4322   0.03966   0.02111         0
    42/219     2.47G   0.02979  0.007735         0   0.03753         0       256    0.6648    0.9286    0.9044    0.6543   0.03026   0.01966         0
    43/219     2.47G   0.02151  0.007169         0   0.02868         0       256    0.5385    0.9643    0.8344    0.4297   0.03383   0.01763         0
    44/219     2.47G   0.03031  0.007734         0   0.03805         0       256    0.6527    0.9643    0.9284    0.5909   0.02978   0.01751         0
    45/219     2.47G   0.02256  0.007101         0   0.02966         0       256    0.5783    0.9643    0.9297    0.5418   0.03023   0.01802         0
    46/219     2.47G   0.02387  0.006593         0   0.03046         0       256    0.6338    0.9643    0.9395    0.5942   0.02961   0.01785         0
    47/219     2.47G   0.02433  0.006742         0   0.03107         0       256    0.5947    0.9643    0.9265    0.5899   0.03053   0.01814         0
    48/219     2.47G    0.0242  0.007219         0   0.03142         0       256    0.6687    0.9286    0.9317    0.6196   0.02945   0.01907         0
    49/219     2.47G   0.01933  0.006635         0   0.02596         0       256    0.7025    0.9286    0.9313    0.6251   0.02929   0.01928         0
    50/219     2.47G   0.02064  0.006117         0   0.02676         0       256    0.4806    0.9286    0.8479    0.4691   0.03243   0.01898         0
    51/219     2.47G   0.02358   0.00622         0    0.0298         0       256    0.6134    0.9286    0.9055    0.5767    0.0313   0.01985         0
    52/219     2.47G   0.02308  0.006494         0   0.02957         0       256    0.7458    0.8929    0.9285     0.608     0.031   0.02015         0
    53/219     2.47G   0.02298  0.006488         0   0.02947         0       256    0.6641    0.9286       0.9    0.6173   0.02949   0.01946         0
    54/219     2.47G   0.02178  0.006358         0   0.02814         0       256    0.6235    0.9643    0.9328    0.6034   0.02834   0.01867         0
    55/219     2.47G   0.02012  0.006087         0   0.02621         0       256    0.7138    0.9643    0.9387    0.6514   0.03056   0.01876         0
    56/219     2.47G   0.02253  0.006852         0   0.02938         0       256    0.6357    0.9643    0.9141    0.6487   0.02854   0.01938         0
    57/219     2.47G   0.01843  0.006303         0   0.02473         0       256    0.6638    0.9643    0.9206    0.6292   0.02798    0.0192         0
    58/219     2.47G   0.01881  0.005855         0   0.02466         0       256     0.632    0.9643    0.9201    0.6043   0.02656   0.01792         0
    59/219     2.47G   0.01646  0.005231         0   0.02169         0       256    0.5723    0.9643    0.9237    0.6189   0.02965   0.01782         0
    60/219     2.47G   0.02405  0.006193         0   0.03025         0       256    0.6185    0.9643    0.9301    0.6433    0.0299    0.0185         0
    61/219     2.47G   0.02347  0.006331         0    0.0298         0       256     0.772    0.9643    0.9155    0.6608   0.02809   0.01962         0
    62/219     2.47G   0.01751  0.006144         0   0.02365         0       256    0.7475    0.9643     0.938    0.6538   0.02677   0.01831         0
    63/219     2.47G   0.01602  0.005337         0   0.02136         0       256    0.7635    0.9643    0.9296    0.6913   0.02705   0.01811         0
    64/219     2.47G   0.01858  0.005665         0   0.02425         0       256    0.7415    0.9643    0.9263    0.6679   0.02787   0.01831         0
    65/219     2.47G   0.02033  0.005951         0   0.02628         0       256    0.8238    0.9643    0.9471    0.6691    0.0271   0.01946         0
    66/219     2.47G   0.01531  0.005669         0   0.02098         0       256    0.8013    0.9643    0.9446    0.6406   0.02663   0.01907         0
    67/219     2.47G   0.01781  0.005628         0   0.02343         0       256    0.8186    0.9643    0.9418    0.6607   0.02811   0.01937         0
    68/219     2.47G   0.01992  0.005856         0   0.02578         0       256    0.7007    0.9643     0.938     0.627   0.02852   0.01923         0
    69/219     2.47G   0.01892   0.00567         0   0.02459         0       256    0.7469    0.9643    0.9462    0.6759   0.02675   0.01972         0
    70/219     2.47G   0.01397  0.005132         0    0.0191         0       256    0.7307    0.9643    0.9418    0.6769   0.02549   0.01814         0
    71/219     2.47G   0.01531  0.005364         0   0.02068         0       256    0.6931    0.9643    0.9403    0.6793   0.02566   0.01766         0
    72/219     2.47G   0.01573  0.005178         0   0.02091         0       256    0.7413    0.9643    0.9444    0.6553   0.02664   0.01743         0
    73/219     2.47G   0.01497  0.004905         0   0.01988         0       256    0.7223    0.9643    0.9366     0.684   0.02666   0.01758         0
    74/219     2.47G   0.01471  0.004817         0   0.01953         0       256    0.7319    0.9643    0.9402    0.6027   0.02631   0.01843         0
    75/219     2.47G   0.01495  0.004841         0   0.01979         0       256     0.707    0.9643    0.9331    0.6363   0.02671   0.01847         0
    76/219     2.47G   0.01632  0.005289         0    0.0216         0       256    0.7453    0.9643    0.9395    0.7012   0.02609   0.01848         0
    77/219     2.47G   0.01885  0.005303         0   0.02415         0       256    0.7476    0.9643     0.935    0.6728   0.02773   0.01912         0
    78/219     2.47G   0.01544  0.005339         0   0.02078         0       256    0.7875    0.9643    0.9325    0.6796   0.02596   0.01866         0
    79/219     2.47G    0.0148  0.005155         0   0.01996         0       256    0.7663    0.9643    0.9444    0.6648   0.02514   0.01801         0
    80/219     2.47G   0.01518  0.005128         0   0.02031         0       256    0.7026    0.9643    0.9481    0.6265   0.02673    0.0178         0
    81/219     2.47G   0.01587  0.005082         0   0.02095         0       256    0.7319    0.9643    0.9511    0.6824   0.02556   0.01799         0
    82/219     2.47G    0.0132  0.004771         0   0.01797         0       256    0.7811    0.9643    0.9517    0.6872   0.02591   0.01837         0
    83/219     2.47G   0.01366  0.004734         0    0.0184         0       256    0.7569    0.9643    0.9476    0.6907   0.02565   0.01844         0
    84/219     2.47G   0.01425  0.004805         0   0.01905         0       256     0.738    0.9643    0.9462    0.6906   0.02668   0.01889         0
    85/219     2.47G   0.01566  0.004884         0   0.02055         0       256    0.7315    0.9643     0.947    0.6711   0.02655   0.01952         0
    86/219     2.47G   0.01336  0.004605         0   0.01797         0       256    0.7543    0.9643    0.9423    0.6797   0.02558   0.01911         0
    87/219     2.47G   0.01493  0.004844         0   0.01977         0       256    0.7686    0.9643    0.9451       0.7   0.02582    0.0194         0
    88/219     2.47G   0.01386  0.004811         0   0.01867         0       256    0.7583    0.9643    0.9528    0.6621   0.02565   0.01976         0
    89/219     2.47G   0.01456  0.004901         0   0.01946         0       256    0.7832    0.9643    0.9438    0.6733   0.02533   0.01984         0
    90/219     2.47G   0.01241  0.004511         0   0.01692         0       256    0.7746    0.9643    0.9386    0.6708   0.02532   0.01897         0
    91/219     2.47G   0.01251  0.004521         0   0.01703         0       256    0.7539    0.9643    0.9432    0.6593   0.02545   0.01857         0
    92/219     2.47G   0.01461  0.004804         0   0.01942         0       256    0.7352    0.9643    0.9462    0.6718   0.02636   0.01861         0
    93/219     2.47G   0.01286   0.00454         0    0.0174         0       256    0.8024    0.9643    0.9508    0.6864   0.02582   0.01907         0
    94/219     2.47G   0.01243   0.00445         0   0.01688         0       256    0.7839    0.9643     0.949     0.697   0.02585   0.01895         0
    95/219     2.47G   0.01223  0.004477         0   0.01671         0       256    0.7654    0.9643    0.9492     0.672   0.02587   0.01874         0
    96/219     2.47G   0.01355  0.004657         0   0.01821         0       256    0.8042    0.9643    0.9537    0.6835   0.02614   0.01842         0
    97/219     2.47G   0.01415  0.004565         0   0.01871         0       256    0.7615    0.9643    0.9518     0.694   0.02548   0.01856         0
    98/219     2.47G   0.01175    0.0043         0   0.01605         0       256    0.8179    0.9643    0.9531    0.6885   0.02518   0.01824         0
    99/219     2.47G   0.01179  0.004286         0   0.01607         0       256    0.8222    0.9643    0.9531    0.6714   0.02548    0.0185         0
   100/219     2.47G   0.01255  0.004498         0   0.01705         0       256    0.8192    0.9643    0.9532    0.6888   0.02675    0.0189         0
   101/219     2.47G   0.01191   0.00421         0   0.01612         0       256    0.7919    0.9643    0.9471    0.6495   0.02636   0.01979         0
   102/219     2.47G   0.01127  0.004084         0   0.01536         0       256    0.8037    0.9643    0.9436    0.6739   0.02618   0.01943         0
   103/219     2.47G   0.01162  0.004179         0   0.01579         0       256    0.7859    0.9643    0.9459    0.6801   0.02659   0.01935         0
   104/219     2.47G   0.01397  0.004518         0   0.01849         0       256    0.7822    0.9643    0.9449    0.6741   0.02646   0.02002         0
   105/219     2.47G   0.01207   0.00436         0   0.01643         0       256    0.7684    0.9484    0.9414    0.6548   0.02771   0.02052         0
   106/219     2.47G   0.01361  0.004467         0   0.01808         0       256     0.802    0.9643    0.9441    0.6854   0.02609   0.01993         0
   107/219     2.47G    0.0114  0.004213         0   0.01561         0       256    0.7981    0.9643    0.9435    0.6823   0.02592   0.02003         0
   108/219     2.47G   0.01196  0.004448         0   0.01641         0       256    0.7725    0.9643    0.9382    0.6782   0.02562   0.01979         0
   109/219     2.47G   0.01067  0.004061         0   0.01474         0       256    0.7364    0.9643    0.9274    0.6594   0.02601   0.02015         0
   110/219     2.47G   0.01198  0.004201         0   0.01618         0       256    0.7235    0.9643    0.9267    0.6747   0.02554   0.02056         0
   111/219     2.47G  0.009258  0.003939         0    0.0132         0       256    0.7961    0.9643    0.9275    0.6674   0.02513   0.02048         0
   112/219     2.47G   0.01027  0.004079         0   0.01435         0       256    0.8052    0.9643    0.9263    0.6694   0.02507   0.02041         0
   113/219     2.47G   0.01154  0.004138         0   0.01568         0       256    0.7762    0.9643    0.9272    0.6677   0.02488   0.02075         0
   114/219     2.47G   0.01002  0.003794         0   0.01382         0       256     0.775    0.9643    0.9325    0.6817   0.02534   0.02036         0
   115/219     2.47G  0.009066  0.003832         0    0.0129         0       256    0.7797    0.9643    0.9337    0.6755   0.02557   0.02051         0
   116/219     2.47G   0.01203  0.004301         0   0.01634         0       256    0.8194    0.9643    0.9337     0.667   0.02558   0.02075         0
   117/219     2.47G   0.01006  0.003843         0    0.0139         0       256    0.8316    0.9643     0.939    0.6613   0.02607   0.02117         0
   118/219     2.47G   0.01043  0.003973         0   0.01441         0       256    0.8278    0.9643    0.9453    0.6791   0.02527   0.01997         0
   119/219     2.47G  0.009824  0.003912         0   0.01374         0       256    0.8043    0.9643     0.947    0.6953   0.02519   0.01967         0
   120/219     2.47G   0.01016  0.003905         0   0.01407         0       256     0.771    0.9643     0.947     0.701   0.02508    0.0194         0
   121/219     2.47G   0.00948  0.003759         0   0.01324         0       256    0.7554    0.9643     0.947    0.6675   0.02597   0.01936         0
   122/219     2.47G  0.009428  0.003669         0    0.0131         0       256    0.7683    0.9643     0.947    0.6862   0.02543   0.01911         0
   123/219     2.47G   0.01126  0.003958         0   0.01522         0       256    0.7942    0.9643    0.9482    0.6868   0.02543   0.01924         0
   124/219     2.47G  0.008958   0.00374         0    0.0127         0       256    0.7925    0.9643    0.9481    0.6783   0.02527    0.0191         0
   125/219     2.47G  0.009785  0.003769         0   0.01355         0       256    0.7927    0.9643    0.9435    0.6801   0.02509   0.01955         0
   126/219     2.47G  0.009494  0.003687         0   0.01318         0       256    0.8325    0.9643    0.9435    0.6797   0.02511    0.0195         0
   127/219     2.47G   0.00933  0.003687         0   0.01302         0       256    0.8423    0.9643    0.9435    0.6905   0.02496    0.0194         0
   128/219     2.47G   0.01113  0.004131         0   0.01526         0       256    0.8196    0.9643    0.9435    0.6715   0.02513   0.01975         0
   129/219     2.47G  0.009331  0.003782         0   0.01311         0       256    0.8185    0.9643    0.9435    0.6763   0.02539   0.02043         0
   130/219     2.47G  0.008273   0.00358         0   0.01185         0       256    0.7953    0.9643    0.9435    0.6956     0.025   0.02009         0
   131/219     2.47G  0.008265  0.003519         0   0.01178         0       256    0.7533    0.9643    0.9438    0.6747    0.0255   0.01984         0
   132/219     2.47G   0.01006  0.003833         0   0.01389         0       256    0.7331    0.9643    0.9408    0.6734   0.02545   0.02013         0
   133/219     2.47G  0.008881  0.003525         0   0.01241         0       256    0.7828    0.9643     0.942     0.671   0.02563   0.02033         0
   134/219     2.47G  0.008015  0.003419         0   0.01143         0       256    0.7599    0.9643    0.9441    0.7039   0.02553   0.01979         0
   135/219     2.47G  0.009096  0.003567         0   0.01266         0       256    0.7835    0.9643    0.9426     0.709   0.02563   0.02002         0
   136/219     2.47G   0.01137  0.004048         0   0.01542         0       256    0.7846    0.9643     0.942    0.6778   0.02576   0.02018         0
   137/219     2.47G  0.008631  0.003592         0   0.01222         0       256    0.7653    0.9643    0.9371    0.6719   0.02628   0.02081         0
   138/219     2.47G  0.008765  0.003568         0   0.01233         0       256    0.7938    0.9643    0.9389    0.7023   0.02514   0.02016         0
   139/219     2.47G  0.006844  0.003223         0   0.01007         0       256    0.8074    0.9643    0.9324    0.6824   0.02525   0.01988         0
   140/219     2.47G  0.009175  0.003634         0   0.01281         0       256    0.8001    0.9643    0.9324    0.6828   0.02459   0.01957         0
   141/219     2.47G  0.007768  0.003268         0   0.01104         0       256    0.7605    0.9643    0.9313    0.6898   0.02473   0.01962         0
   142/219     2.47G  0.007625  0.003315         0   0.01094         0       256    0.7284    0.9643    0.9332     0.688   0.02443   0.01958         0
   143/219     2.47G  0.007803  0.003319         0   0.01112         0       256    0.7768    0.9643    0.9359    0.6717   0.02476   0.01966         0
   144/219     2.47G  0.008527  0.003549         0   0.01208         0       256     0.766    0.9643    0.9332    0.6782   0.02464   0.02014         0
   145/219     2.47G  0.006882  0.003157         0   0.01004         0       256    0.7799    0.9643     0.937    0.6693   0.02514   0.02038         0
   146/219     2.47G  0.007433  0.003181         0   0.01061         0       256    0.8031    0.9643    0.9378    0.6765   0.02423   0.01993         0
   147/219     2.47G  0.007172  0.003174         0   0.01035         0       256    0.7784    0.9643    0.9361    0.6789   0.02469   0.01998         0
   148/219     2.47G  0.008878  0.003599         0   0.01248         0       256    0.8035    0.9643    0.9441    0.6714   0.02503   0.02019         0
   149/219     2.47G  0.007471  0.003102         0   0.01057         0       256    0.7763    0.9643    0.9398    0.6762   0.02529   0.02041         0
   150/219     2.47G  0.007279  0.003098         0   0.01038         0       256    0.7499    0.9643    0.9457    0.6911    0.0253   0.02002         0
   151/219     2.47G  0.006699  0.003027         0  0.009726         0       256    0.8023    0.9643     0.947    0.6993   0.02515   0.02002         0
   152/219     2.47G  0.007537  0.003312         0   0.01085         0       256     0.793    0.9643    0.9482    0.7056   0.02554   0.01999         0
   153/219     2.47G  0.007783  0.003224         0   0.01101         0       256    0.8107    0.9643    0.9482    0.7055     0.025   0.02008         0
   154/219     2.47G  0.007058  0.003059         0   0.01012         0       256    0.8054    0.9643    0.9466    0.6963   0.02466   0.02013         0
   155/219     2.47G  0.006569  0.002964         0  0.009533         0       256    0.8004    0.9643    0.9466     0.689   0.02513    0.0203         0
   156/219     2.47G  0.007934  0.003318         0   0.01125         0       256    0.7689    0.9643     0.947    0.6931    0.0248   0.02054         0
   157/219     2.47G  0.007383  0.003164         0   0.01055         0       256    0.7951    0.9643    0.9438    0.6755   0.02555   0.02093         0
   158/219     2.47G  0.007529  0.003189         0   0.01072         0       256    0.7945    0.9643    0.9411    0.7045   0.02513   0.02053         0
   159/219     2.47G  0.006762   0.00303         0  0.009792         0       256    0.8036    0.9643    0.9394    0.7054   0.02491   0.02051         0
   160/219     2.47G  0.008375  0.003433         0   0.01181         0       256    0.8028    0.9643    0.9423    0.7014   0.02472   0.02033         0
   161/219     2.47G  0.006853  0.003081         0  0.009933         0       256    0.7804    0.9643    0.9371    0.7041   0.02489   0.02049         0
   162/219     2.47G   0.00598  0.002924         0  0.008905         0       256    0.7773    0.9643    0.9404    0.6974   0.02465   0.02011         0
   163/219     2.47G  0.007093  0.003091         0   0.01018         0       256    0.7523    0.9643    0.9404    0.7052   0.02499   0.02019         0
   164/219     2.47G  0.007531  0.003358         0   0.01089         0       256    0.7518    0.9643    0.9364    0.7004    0.0247   0.02014         0
   165/219     2.47G  0.006316  0.003011         0  0.009328         0       256    0.7992    0.9643    0.9357    0.7154   0.02449   0.02025         0
   166/219     2.47G  0.006949  0.003072         0   0.01002         0       256    0.7767    0.9643    0.9371     0.695   0.02445   0.01982         0
   167/219     2.47G  0.006339  0.002969         0  0.009308         0       256    0.8014    0.9643     0.939    0.6979   0.02459   0.01992         0
   168/219     2.47G  0.006139  0.002997         0  0.009136         0       256    0.8003    0.9643    0.9406    0.7055   0.02464   0.02001         0
   169/219     2.47G  0.005172  0.002746         0  0.007918         0       256    0.8023    0.9643      0.94    0.6814   0.02467   0.01994         0
   170/219     2.47G  0.005978  0.002823         0  0.008801         0       256    0.8022    0.9643    0.9375     0.689   0.02433   0.01957         0
   171/219     2.47G  0.005878  0.002809         0  0.008687         0       256    0.7808    0.9643    0.9412    0.6856   0.02464   0.01964         0
   172/219     2.47G  0.007028  0.003235         0   0.01026         0       256    0.8044    0.9643    0.9395    0.6962   0.02439   0.01968         0
   173/219     2.47G   0.00574  0.002772         0  0.008512         0       256    0.7813    0.9643     0.941    0.6771    0.0249   0.01987         0
   174/219     2.47G  0.005766  0.002735         0  0.008502         0       256    0.7802    0.9643    0.9394     0.699   0.02483   0.01971         0
   175/219     2.47G  0.005768  0.002809         0  0.008577         0       256    0.7541    0.9643     0.941    0.7056   0.02499   0.01974         0
   176/219     2.47G  0.005955  0.002825         0   0.00878         0       256    0.7762    0.9643    0.9406    0.6987   0.02511   0.01978         0
   177/219     2.47G  0.006457  0.002979         0  0.009436         0       256    0.8053    0.9643    0.9389    0.6981   0.02508   0.02017         0
   178/219     2.47G  0.004921  0.002638         0  0.007558         0       256    0.8074    0.9643    0.9389    0.6998   0.02475   0.02018         0
   179/219     2.47G  0.005142  0.002673         0  0.007815         0       256    0.8094    0.9643    0.9366    0.6924   0.02472   0.02023         0
   180/219     2.47G  0.007479  0.003133         0   0.01061         0       256    0.8057    0.9643    0.9358    0.6889   0.02466   0.02042         0
   181/219     2.47G  0.005523  0.002698         0  0.008222         0       256    0.7767    0.9643    0.9387     0.689    0.0247   0.02049         0
   182/219     2.47G  0.005233  0.002651         0  0.007884         0       256     0.795    0.9643    0.9404     0.679   0.02482   0.02028         0
   183/219     2.47G  0.005418  0.002765         0  0.008184         0       256      0.77    0.9643     0.939    0.6976   0.02495   0.02024         0
   184/219     2.47G  0.005242  0.002713         0  0.007955         0       256    0.7727    0.9643    0.9416    0.7003   0.02484   0.02016         0
   185/219     2.47G   0.00633  0.002976         0  0.009306         0       256    0.7793    0.9643    0.9433    0.6897   0.02467   0.02023         0
   186/219     2.47G  0.004434  0.002501         0  0.006936         0       256    0.7679    0.9643    0.9406    0.6849   0.02458   0.02002         0
   187/219     2.47G  0.004779  0.002551         0  0.007331         0       256    0.7488    0.9643    0.9377    0.6866   0.02456   0.02009         0
   188/219     2.47G  0.006198  0.002919         0  0.009117         0       256    0.7471    0.9643    0.9388    0.6852   0.02444   0.02015         0
   189/219     2.47G  0.004894  0.002576         0   0.00747         0       256    0.7702    0.9643    0.9371     0.681   0.02488   0.02048         0
   190/219     2.47G  0.005072  0.002595         0  0.007667         0       256    0.7892    0.9643    0.9423    0.7036   0.02468   0.02015         0
   191/219     2.47G  0.004248  0.002392         0   0.00664         0       256    0.7811    0.9643    0.9424    0.6974    0.0249   0.02027         0
   192/219     2.47G  0.006063  0.002921         0  0.008984         0       256    0.7879    0.9643    0.9423    0.6925   0.02475   0.02026         0
   193/219     2.47G  0.004877  0.002527         0  0.007404         0       256    0.7761    0.9643    0.9377    0.6865   0.02494   0.02062         0
   194/219     2.47G  0.004983  0.002539         0  0.007521         0       256    0.7767    0.9643    0.9384    0.6971    0.0246   0.02039         0
   195/219     2.47G  0.004821  0.002578         0  0.007399         0       256    0.7752    0.9643    0.9384    0.6957   0.02462   0.02047         0
   196/219     2.47G  0.004774  0.002651         0  0.007425         0       256    0.7696    0.9643    0.9371    0.6835   0.02486   0.02065         0
   197/219     2.47G  0.003942  0.002361         0  0.006304         0       256    0.7908    0.9643    0.9404    0.6733   0.02497   0.02084         0
   198/219     2.47G  0.004148  0.002399         0  0.006547         0       256    0.7842    0.9643    0.9399    0.6865   0.02476   0.02052         0
   199/219     2.47G  0.004671  0.002471         0  0.007142         0       256    0.7844    0.9643    0.9399    0.6881   0.02465   0.02061         0
   200/219     2.47G  0.005066  0.002608         0  0.007675         0       256    0.7817    0.9643    0.9424    0.6796   0.02475   0.02064         0
   201/219     2.47G  0.005366  0.002583         0  0.007949         0       256    0.7654    0.9643    0.9404    0.6832   0.02471   0.02084         0
   202/219     2.47G  0.004231  0.002371         0  0.006602         0       256    0.7721    0.9643      0.94    0.6898   0.02472   0.02054         0
   203/219     2.47G  0.004514  0.002412         0  0.006926         0       256    0.7757    0.9643      0.94    0.6893   0.02467   0.02058         0
   204/219     2.47G  0.004589   0.00257         0   0.00716         0       256    0.7744    0.9643    0.9412    0.6793    0.0248   0.02048         0
   205/219     2.47G  0.004444  0.002422         0  0.006866         0       256     0.777    0.9643    0.9377     0.687     0.025   0.02058         0
   206/219     2.47G   0.00417  0.002343         0  0.006514         0       256    0.7756    0.9643      0.94    0.6916   0.02471   0.02031         0
   207/219     2.47G  0.004268  0.002364         0  0.006633         0       256    0.7923    0.9643    0.9452    0.6962   0.02473    0.0203         0
   208/219     2.47G  0.004728  0.002594         0  0.007322         0       256    0.7942    0.9643    0.9452    0.6916   0.02466   0.02031         0
   209/219     2.47G  0.005099  0.002521         0   0.00762         0       256    0.7624    0.9643      0.94    0.6873    0.0249   0.02061         0
   210/219     2.47G  0.003901  0.002296         0  0.006197         0       256    0.7798    0.9643    0.9354    0.6824   0.02481   0.02057         0
   211/219     2.47G  0.004312  0.002381         0  0.006692         0       256     0.762    0.9643    0.9383    0.6944    0.0248   0.02071         0
   212/219     2.47G  0.004855  0.002585         0   0.00744         0       256    0.7895    0.9643    0.9411    0.6936   0.02478   0.02082         0
   213/219     2.47G  0.004827  0.002459         0  0.007287         0       256    0.7933    0.9643    0.9404    0.6988   0.02485   0.02101         0
   214/219     2.47G  0.003982  0.002242         0  0.006225         0       256    0.8009    0.9643    0.9387    0.6936   0.02463   0.02073         0
   215/219     2.47G  0.003784  0.002221         0  0.006005         0       256    0.7959    0.9643     0.939     0.687   0.02475    0.0207         0
   216/219     2.47G  0.004316   0.00241         0  0.006726         0       256    0.7928    0.9643    0.9399    0.6944   0.02467   0.02068         0
   217/219     2.47G  0.004879  0.002545         0  0.007424         0       256    0.7744    0.9643    0.9371    0.6967   0.02466   0.02085         0
   218/219     2.47G   0.00477  0.002377         0  0.007147         0       256    0.7942    0.9643    0.9399    0.6778   0.02478   0.02061         0
   219/219     2.47G  0.004045    0.0023         0  0.006346         0       256    0.7922    0.9643    0.9411    0.6955   0.02482    0.0206         0
