     0/219     2.47G   0.08933   0.03258         0    0.1219         0       256         0         0 0.0001297 1.838e-05   0.09795   0.03556         0
     1/219     2.47G   0.07677   0.03388         0    0.1107         0       256         0         0  0.001944 0.0003135   0.09044   0.03544         0
     2/219     2.47G   0.07087   0.03397         0    0.1048         0       256         0         0  0.007203   0.00119   0.08189   0.03745         0
     3/219     2.47G    0.0627   0.03457         0   0.09727         0       256         0         0   0.01554  0.004209    0.0817    0.0349         0
     4/219     2.47G   0.06018   0.03104         0   0.09122         0       256     0.627    0.5714    0.5866    0.1637   0.06445   0.03119         0
     5/219     2.47G   0.05608   0.02607         0   0.08215         0       256    0.4279    0.9085    0.6876    0.3289    0.0517   0.02939         0
     6/219     2.47G   0.05369   0.02292         0   0.07661         0       256    0.3525    0.9286    0.5666    0.1745   0.05845   0.02519         0
     7/219     2.47G   0.05628   0.01935         0   0.07563         0       256    0.2388    0.8571     0.324   0.04941   0.06503    0.0231         0
     8/219     2.47G   0.05647   0.01701         0   0.07348         0       256    0.3187    0.7857    0.4264    0.1293     0.064   0.02269         0
     9/219     2.47G    0.0564   0.01783         0   0.07423         0       256    0.0978    0.9286    0.3464   0.08493   0.07556   0.01845         0
    10/219     2.47G   0.06276   0.01526         0   0.07802         0       256    0.2444    0.8571    0.4309    0.2354   0.06113   0.02099         0
    11/219     2.47G    0.0575   0.01588         0   0.07338         0       256    0.1712    0.9286    0.5351    0.1393   0.05233   0.02088         0
    12/219     2.47G   0.05476   0.01687         0   0.07163         0       256    0.1759    0.8571    0.7359    0.3654     0.059   0.02126         0
    13/219     2.47G    0.0563   0.01459         0   0.07089         0       256    0.2209    0.8214    0.4692    0.1682   0.06657   0.02119         0
    14/219     2.47G   0.05879   0.01439         0   0.07317         0       256    0.2155    0.9286    0.4982    0.1048   0.05624   0.02005         0
    15/219     2.47G   0.05233   0.01273         0   0.06506         0       256    0.1508    0.9286    0.5542    0.1244   0.06197   0.01709         0
    16/219     2.47G   0.05292   0.01421         0   0.06712         0       256    0.1911    0.9286    0.2966     0.111   0.05801   0.02125         0
    17/219     2.47G   0.05777   0.01316         0   0.07093         0       256    0.1648    0.9286    0.6608    0.3168   0.05633   0.01796         0
    18/219     2.47G   0.05552   0.01088         0   0.06639         0       256    0.1908    0.8929     0.641     0.273   0.06257   0.01712         0
    19/219     2.47G   0.04988   0.01139         0   0.06127         0       256    0.2418    0.9286    0.7207     0.256   0.05304    0.0158         0
    20/219     2.47G   0.04786   0.01063         0   0.05849         0       256    0.1745    0.9286    0.6746    0.2776   0.05986    0.0158         0
    21/219     2.47G   0.05139   0.01084         0   0.06223         0       256    0.2414    0.9286    0.6164    0.2216   0.05352   0.01697         0
    22/219     2.47G   0.04464   0.01115         0   0.05579         0       256    0.2412    0.9286    0.8476    0.3825   0.04613   0.01582         0
    23/219     2.47G   0.04269  0.009652         0   0.05234         0       256    0.1966    0.9286    0.6531    0.1972   0.05155   0.01604         0
    24/219     2.47G    0.0459  0.009788         0   0.05569         0       256    0.2405    0.9286    0.7953    0.3503   0.04847   0.01833         0
    25/219     2.47G   0.04454  0.009715         0   0.05426         0       256    0.3008    0.8929    0.7674    0.4217   0.05119   0.01823         0
    26/219     2.47G   0.03857   0.01025         0   0.04882         0       256    0.3371    0.9286    0.8426    0.4399   0.04534   0.01763         0
    27/219     2.47G   0.03493  0.008782         0   0.04371         0       256    0.2944    0.9286    0.8389    0.4063   0.04221     0.016         0
    28/219     2.47G   0.03639  0.008977         0   0.04537         0       256    0.2734    0.9286    0.7403    0.3748   0.04774   0.01552         0
    29/219     2.47G   0.03941  0.008357         0   0.04776         0       256     0.241    0.8929    0.6844    0.4007   0.05185   0.01596         0
    30/219     2.47G   0.03871  0.008976         0   0.04769         0       256    0.4214    0.9286     0.842    0.4788   0.03987   0.01731         0
    31/219     2.47G   0.03126  0.008527         0   0.03979         0       256    0.3251    0.9286    0.7651    0.3753   0.04093   0.01625         0
    32/219     2.47G    0.0355  0.008536         0   0.04403         0       256    0.3644    0.9286    0.8925    0.5733   0.03826   0.01616         0
    33/219     2.47G    0.0324  0.007746         0   0.04014         0       256    0.2716    0.9286    0.7578    0.3521   0.04818   0.01622         0
    34/219     2.47G   0.03786  0.008184         0   0.04604         0       256     0.409    0.8929    0.8017    0.4964    0.0387   0.01801         0
    35/219     2.47G   0.02797  0.008157         0   0.03613         0       256    0.3472    0.9286    0.8738    0.5651   0.03672   0.01623         0
    36/219     2.47G   0.03015  0.008138         0   0.03829         0       256    0.2558    0.9286    0.8487    0.5003   0.03982   0.01595         0
    37/219     2.47G   0.03519  0.007666         0   0.04285         0       256    0.3625    0.9286     0.871     0.616    0.0403   0.01829         0
    38/219     2.47G   0.02779  0.007946         0   0.03574         0       256    0.3507    0.9286    0.9222    0.6409   0.03898   0.01616         0
    39/219     2.47G   0.03017  0.007097         0   0.03726         0       256    0.4224    0.9286       0.9    0.5975   0.03851   0.01637         0
    40/219     2.47G   0.02968  0.007258         0   0.03694         0       256    0.3607    0.8929    0.8692    0.5241   0.04319   0.01773         0
    41/219     2.47G   0.02975  0.007376         0   0.03713         0       256    0.4966    0.8929    0.8716    0.5387   0.04229   0.01829         0
    42/219     2.47G   0.02677  0.007343         0   0.03411         0       256    0.4194    0.8772    0.8669    0.5706     0.041   0.01838         0
    43/219     2.47G    0.0286  0.007046         0   0.03564         0       256    0.4864    0.9286    0.8695    0.4656   0.03978   0.01841         0
    44/219     2.47G   0.02829  0.007364         0   0.03565         0       256    0.4001    0.9286     0.847    0.5236   0.04058   0.01693         0
    45/219     2.47G   0.02916   0.00729         0   0.03645         0       256    0.3373    0.9286    0.6612    0.3558   0.04178   0.01753         0
    46/219     2.47G   0.02852  0.007032         0   0.03555         0       256    0.4976    0.9286    0.8677    0.5586   0.03539   0.01652         0
    47/219     2.47G   0.02479  0.006623         0   0.03141         0       256     0.449    0.9286    0.9012    0.5844   0.03765   0.01638         0
    48/219     2.47G   0.02961   0.00668         0   0.03629         0       256    0.3668    0.9286    0.9107    0.6046   0.03925   0.01638         0
    49/219     2.47G   0.02922  0.006663         0   0.03589         0       256    0.4766    0.9286    0.8912    0.6078   0.03686   0.01714         0
    50/219     2.47G   0.02667  0.006638         0   0.03331         0       256     0.467    0.9286    0.8946      0.63   0.03376    0.0171         0
    51/219     2.47G    0.0237  0.006313         0   0.03001         0       256    0.4293    0.9286     0.897    0.6189   0.03529   0.01641         0
    52/219     2.47G   0.02578  0.006366         0   0.03215         0       256    0.4918    0.9286    0.8945    0.6069   0.03401   0.01678         0
    53/219     2.47G   0.02643  0.006436         0   0.03287         0       256    0.5109    0.9286    0.8863    0.6067   0.03503   0.01643         0
    54/219     2.47G   0.02125  0.006217         0   0.02747         0       256     0.479    0.9286    0.9106    0.6098   0.03445   0.01614         0
    55/219     2.47G    0.0236  0.006433         0   0.03004         0       256    0.5362    0.9286     0.912    0.5594   0.03852   0.01629         0
    56/219     2.47G   0.03013  0.006444         0   0.03657         0       256    0.4464    0.9286    0.8928    0.5221   0.03587   0.01752         0
    57/219     2.47G    0.0281  0.006574         0   0.03468         0       256    0.6283    0.9286    0.9012    0.6056   0.03424   0.01822         0
    58/219     2.47G   0.02375  0.006527         0   0.03028         0       256    0.5897    0.9286    0.9108    0.6448   0.03128   0.01594         0
    59/219     2.47G   0.02368  0.006427         0    0.0301         0       256    0.4677    0.9286    0.9249    0.6574   0.03398   0.01569         0
    60/219     2.47G   0.02588  0.006535         0   0.03242         0       256    0.3555    0.9286    0.8675     0.565   0.03854    0.0165         0
    61/219     2.47G   0.02978  0.006997         0   0.03678         0       256    0.3985    0.9286    0.9152    0.6374   0.03686   0.01735         0
    62/219     2.47G     0.022  0.006597         0    0.0286         0       256    0.6606    0.9286    0.9239    0.6473   0.03009   0.01632         0
    63/219     2.47G   0.02089  0.006126         0   0.02702         0       256    0.6551    0.9286    0.9198    0.6556   0.03169   0.01646         0
    64/219     2.47G   0.02158  0.006353         0   0.02794         0       256     0.586    0.9286    0.9224    0.6015   0.03392   0.01657         0
    65/219     2.47G   0.02168  0.006057         0   0.02774         0       256    0.6788    0.9286    0.9213      0.64   0.03095   0.01651         0
    66/219     2.47G   0.01809  0.005767         0   0.02385         0       256    0.5266    0.9286    0.9229    0.6351   0.03287   0.01616         0
    67/219     2.47G   0.01848  0.005525         0   0.02401         0       256     0.465    0.9286    0.9229    0.6139   0.03248    0.0163         0
    68/219     2.47G   0.02016  0.005673         0   0.02583         0       256    0.5393    0.9286    0.9157    0.6559   0.03225   0.01615         0
    69/219     2.47G   0.02063   0.00554         0   0.02617         0       256    0.6343    0.9286    0.8985    0.6459     0.033   0.01606         0
    70/219     2.47G    0.0207  0.005396         0    0.0261         0       256    0.7254    0.9286    0.9131    0.6419    0.0304   0.01615         0
    71/219     2.47G   0.01802  0.005515         0   0.02353         0       256    0.6987    0.9286    0.9091    0.6505   0.03009   0.01626         0
    72/219     2.47G   0.01796  0.005598         0   0.02356         0       256    0.5938    0.9286    0.9091    0.6394   0.03259    0.0164         0
    73/219     2.47G   0.01975  0.005569         0   0.02532         0       256    0.6246    0.9286    0.9079    0.6307   0.03236   0.01705         0
    74/219     2.47G   0.01736  0.005287         0   0.02265         0       256    0.6786    0.9286    0.9052    0.5962   0.03233   0.01699         0
    75/219     2.47G   0.01868  0.005554         0   0.02423         0       256    0.6906    0.9286    0.9054    0.6436   0.03137   0.01711         0
    76/219     2.47G   0.01638  0.005171         0   0.02156         0       256    0.6804    0.9286    0.9081    0.6124    0.0314   0.01717         0
    77/219     2.47G   0.02028  0.005294         0   0.02558         0       256    0.6313    0.9286    0.9107    0.5879   0.03205   0.01733         0
    78/219     2.47G   0.01682  0.005086         0   0.02191         0       256    0.7703    0.9286    0.9198    0.6724   0.03037   0.01712         0
    79/219     2.47G   0.01714  0.005177         0   0.02231         0       256    0.7014    0.9286    0.9213    0.6477    0.0311   0.01723         0
    80/219     2.47G   0.01722   0.00509         0   0.02231         0       256      0.66    0.9286    0.8983    0.6213   0.03183   0.01737         0
    81/219     2.47G    0.0182  0.005117         0   0.02332         0       256    0.6544    0.9286    0.8662    0.5488   0.03176   0.01723         0
    82/219     2.47G   0.01691  0.005022         0   0.02193         0       256     0.759    0.9286    0.9239    0.6529   0.03019   0.01661         0
    83/219     2.47G   0.01639  0.005082         0   0.02147         0       256    0.8126    0.9286    0.9224    0.6278   0.03012   0.01659         0
    84/219     2.47G   0.01633  0.005074         0    0.0214         0       256    0.6914    0.9286    0.9186    0.6389   0.03128   0.01701         0
    85/219     2.47G   0.01597  0.004814         0   0.02078         0       256     0.668    0.9286    0.9172    0.6503    0.0329   0.01773         0
    86/219     2.47G   0.01761  0.005148         0   0.02276         0       256    0.6812    0.9286    0.9186    0.6484   0.03066   0.01731         0
    87/219     2.47G   0.01603  0.005011         0   0.02104         0       256    0.6632    0.9286    0.9183     0.652    0.0298   0.01708         0
    88/219     2.47G   0.01459  0.004867         0   0.01946         0       256    0.6417    0.9286    0.9198    0.6478   0.02977   0.01668         0
    89/219     2.47G   0.01396  0.004666         0   0.01863         0       256    0.6704    0.9286    0.9186     0.648   0.02991   0.01663         0
    90/219     2.47G   0.01487  0.004541         0   0.01941         0       256    0.6368    0.9286    0.9224    0.6709   0.02968   0.01659         0
    91/219     2.47G   0.01279  0.004274         0   0.01706         0       256    0.7278    0.9286    0.9186    0.6842   0.03109   0.01708         0
    92/219     2.47G   0.01601  0.004762         0   0.02077         0       256    0.7093    0.9286    0.9172    0.6689   0.03135   0.01727         0
    93/219     2.47G   0.01574  0.004776         0   0.02051         0       256    0.7969    0.9286    0.9146    0.6493    0.0305    0.0173         0
    94/219     2.47G   0.01293  0.004481         0   0.01741         0       256    0.6795    0.9286    0.9172    0.6639   0.02974    0.0162         0
    95/219     2.47G    0.0143  0.004454         0   0.01875         0       256    0.7359    0.9286    0.9157    0.6495   0.03015   0.01637         0
    96/219     2.47G   0.01636  0.004664         0   0.02103         0       256    0.7044    0.9286    0.9157    0.6363   0.02975   0.01646         0
    97/219     2.47G   0.01247  0.004304         0   0.01678         0       256    0.7003    0.9286    0.9146     0.623   0.02972     0.017         0
    98/219     2.47G   0.01251  0.004237         0   0.01675         0       256    0.7301    0.9286    0.9157    0.6263   0.02985     0.017         0
    99/219     2.47G   0.01211  0.004149         0   0.01626         0       256    0.7816    0.9286    0.9186    0.6081   0.03021   0.01731         0
   100/219     2.47G   0.01738  0.004853         0   0.02223         0       256    0.7528    0.9286    0.9172     0.625   0.03007   0.01762         0
   101/219     2.47G   0.01349  0.004419         0   0.01791         0       256    0.7926    0.9286    0.9146    0.5651    0.0308   0.01784         0
   102/219     2.47G   0.01371  0.004495         0   0.01821         0       256    0.8001    0.9286    0.9157    0.6257   0.02953   0.01696         0
   103/219     2.47G   0.01229  0.004178         0   0.01647         0       256    0.7718    0.9286    0.9157    0.5789    0.0302   0.01735         0
   104/219     2.47G   0.01565  0.004767         0   0.02042         0       256    0.7144    0.9286    0.9198    0.5907    0.0306    0.0174         0
   105/219     2.47G   0.01223   0.00415         0   0.01638         0       256     0.754    0.9286    0.9183    0.6431   0.02924   0.01714         0
   106/219     2.47G   0.01172  0.004081         0    0.0158         0       256    0.7527    0.9286    0.9213    0.6646     0.028   0.01664         0
   107/219     2.47G   0.01143  0.004016         0   0.01545         0       256    0.6942    0.9286    0.9172    0.6409   0.02879   0.01684         0
   108/219     2.47G   0.01425  0.004304         0   0.01855         0       256    0.6837    0.9286    0.9157    0.6567   0.02874   0.01699         0
   109/219     2.47G   0.01385  0.004083         0   0.01793         0       256    0.7557    0.9286    0.9239    0.6451   0.02977   0.01733         0
   110/219     2.47G   0.01279  0.004114         0    0.0169         0       256    0.7464    0.9286     0.925    0.6568   0.02941   0.01741         0
   111/219     2.47G   0.01183  0.004087         0   0.01591         0       256    0.8206    0.9286    0.9224    0.6326   0.02953   0.01768         0
   112/219     2.47G   0.01299  0.004123         0   0.01712         0       256    0.7932    0.9286    0.9239    0.5992   0.03007   0.01769         0
   113/219     2.47G   0.01548  0.004505         0   0.01998         0       256    0.7791    0.9286    0.9224     0.626   0.03026   0.01742         0
   114/219     2.47G    0.0118  0.004129         0   0.01593         0       256    0.7938    0.9286    0.9224    0.6354   0.02989   0.01731         0
   115/219     2.47G   0.01109  0.003989         0   0.01508         0       256    0.7889    0.9286    0.9224    0.6313   0.02935   0.01739         0
   116/219     2.47G   0.01146  0.003981         0   0.01544         0       256    0.6663    0.9286    0.9134    0.5908   0.02992   0.01747         0
   117/219     2.47G   0.01275  0.003959         0   0.01671         0       256    0.6855    0.9286    0.9178     0.605   0.03025   0.01803         0
   118/219     2.47G   0.01173  0.004047         0   0.01578         0       256    0.7455    0.9286      0.92    0.6341   0.02935   0.01766         0
   119/219     2.47G   0.01135  0.003799         0   0.01514         0       256    0.7457    0.9286    0.9188    0.6291   0.02992   0.01783         0
   120/219     2.47G   0.01307   0.00443         0    0.0175         0       256    0.7713    0.9286    0.9144    0.6294   0.02977   0.01776         0
   121/219     2.47G   0.01081  0.003874         0   0.01469         0       256    0.7635    0.9286    0.9144    0.6516   0.02948   0.01798         0
   122/219     2.47G  0.009898  0.003694         0   0.01359         0       256    0.7583    0.9286    0.9172    0.6254   0.02829   0.01799         0
   123/219     2.47G   0.01013  0.003689         0   0.01382         0       256    0.7786    0.9286    0.9179    0.6144   0.02885   0.01836         0
   124/219     2.47G   0.01185  0.003937         0   0.01578         0       256    0.7605    0.9286    0.9162    0.5695   0.02965   0.01859         0
   125/219     2.47G   0.01335  0.003981         0   0.01733         0       256    0.8783    0.9286    0.9179    0.5961   0.02919   0.01853         0
   126/219     2.47G   0.01048  0.003695         0   0.01417         0       256    0.8162    0.9286    0.9188    0.6173   0.02898   0.01798         0
   127/219     2.47G  0.009553  0.003623         0   0.01318         0       256     0.688    0.9286    0.9202    0.6222   0.03007    0.0179         0
   128/219     2.47G   0.01183  0.003997         0   0.01583         0       256    0.7544    0.9286    0.9171     0.654   0.02942   0.01778         0
   129/219     2.47G   0.01111  0.003846         0   0.01495         0       256     0.773    0.9286    0.9171    0.6476   0.02908   0.01772         0
   130/219     2.47G  0.009333   0.00352         0   0.01285         0       256    0.7579    0.9286    0.9183    0.6409   0.02838   0.01725         0
   131/219     2.47G   0.01094  0.003824         0   0.01476         0       256    0.7938    0.9286    0.9183    0.6092   0.02874    0.0173         0
   132/219     2.47G   0.01045  0.003851         0    0.0143         0       256    0.7433    0.9286    0.9157    0.6191   0.02855   0.01735         0
   133/219     2.47G   0.01013  0.003731         0   0.01386         0       256    0.7422    0.9286    0.9172    0.6236   0.02987   0.01743         0
   134/219     2.47G   0.01023  0.003523         0   0.01375         0       256    0.7246    0.9286    0.9213    0.6416   0.02823   0.01753         0
   135/219     2.47G  0.009412  0.003467         0   0.01288         0       256    0.6854    0.9286    0.9213    0.6429   0.02874   0.01767         0
   136/219     2.47G  0.008649  0.003498         0   0.01215         0       256    0.7367    0.9286    0.9183    0.6424   0.02857   0.01737         0
   137/219     2.47G  0.009146  0.003482         0   0.01263         0       256    0.7417    0.9286    0.9198    0.6295   0.02858   0.01707         0
   138/219     2.47G  0.009795  0.003544         0   0.01334         0       256    0.7145    0.9286    0.9198    0.6541   0.02848   0.01695         0
   139/219     2.47G  0.009271  0.003511         0   0.01278         0       256    0.7563    0.9286    0.9213    0.6565   0.02884   0.01696         0
   140/219     2.47G    0.0104  0.003667         0   0.01407         0       256    0.7042    0.9286    0.9183    0.6422   0.02847   0.01715         0
   141/219     2.47G  0.008475  0.003279         0   0.01175         0       256    0.7947    0.9286    0.9183    0.6409   0.02872   0.01726         0
   142/219     2.47G  0.008254  0.003227         0   0.01148         0       256    0.7632    0.9286     0.925    0.6236   0.02841   0.01732         0
   143/219     2.47G  0.008035   0.00323         0   0.01127         0       256    0.7417    0.9286    0.9224    0.6275   0.02879   0.01769         0
   144/219     2.47G  0.009334   0.00346         0   0.01279         0       256    0.7034    0.9286    0.9213    0.6326   0.02857     0.018         0
   145/219     2.47G  0.009031  0.003338         0   0.01237         0       256    0.6959    0.9286    0.9213    0.6117    0.0296   0.01805         0
   146/219     2.47G  0.009108  0.003297         0    0.0124         0       256    0.7685    0.9286    0.9213    0.6484   0.02879   0.01781         0
   147/219     2.47G  0.008897  0.003197         0   0.01209         0       256    0.7224    0.9286    0.9213    0.6128   0.02939   0.01823         0
   148/219     2.47G  0.008598  0.003264         0   0.01186         0       256    0.7552    0.9286    0.9224     0.629   0.02954   0.01825         0
   149/219     2.47G  0.009142  0.003277         0   0.01242         0       256    0.6526    0.9286      0.92    0.6201   0.02975   0.01824         0
   150/219     2.47G  0.007527  0.003054         0   0.01058         0       256    0.7097    0.9286    0.9229    0.6378   0.02937   0.01801         0
   151/219     2.47G  0.006908  0.003009         0  0.009917         0       256    0.7271    0.9286    0.9229    0.6306   0.02919   0.01809         0
   152/219     2.47G  0.008086  0.003233         0   0.01132         0       256    0.7244    0.9286    0.9188     0.614   0.02892   0.01817         0
   153/219     2.47G   0.00857  0.003161         0   0.01173         0       256    0.7082    0.9286      0.92    0.6327   0.02878   0.01798         0
   154/219     2.47G  0.007345  0.002924         0   0.01027         0       256    0.7145    0.9286    0.9229    0.6231   0.02864   0.01777         0
   155/219     2.47G  0.007999  0.003026         0   0.01103         0       256    0.6776    0.9286    0.9224    0.6108   0.02893   0.01792         0
   156/219     2.47G  0.007932  0.003161         0   0.01109         0       256    0.7653    0.9286    0.9229    0.6321   0.02854   0.01787         0
   157/219     2.47G  0.006658  0.002884         0  0.009542         0       256    0.7444    0.9286    0.9229    0.6173   0.02841   0.01777         0
   158/219     2.47G  0.006683  0.002863         0  0.009546         0       256    0.7805    0.9286    0.9213    0.6228   0.02853   0.01759         0
   159/219     2.47G  0.006822  0.002871         0  0.009693         0       256    0.7619    0.9286      0.92    0.6105   0.02856   0.01766         0
   160/219     2.47G  0.006548  0.002834         0  0.009383         0       256    0.7829    0.9286    0.9171    0.6296   0.02827   0.01769         0
   161/219     2.47G  0.007423  0.002949         0   0.01037         0       256    0.7302    0.9286    0.9186    0.6357   0.02791    0.0179         0
   162/219     2.47G  0.006582  0.002776         0  0.009358         0       256    0.7202    0.9286    0.9183    0.6495   0.02793   0.01786         0
   163/219     2.47G  0.006232  0.002685         0  0.008917         0       256    0.7651    0.9286    0.9202    0.6469   0.02866   0.01803         0
   164/219     2.47G  0.008208  0.003201         0   0.01141         0       256    0.7243    0.9286    0.9202    0.6529   0.02849   0.01811         0
   165/219     2.47G  0.007978  0.003029         0   0.01101         0       256    0.7261    0.9286      0.92    0.6321   0.02846   0.01822         0
   166/219     2.47G  0.006239  0.002731         0   0.00897         0       256    0.7438    0.9286    0.9239     0.639   0.02838   0.01817         0
   167/219     2.47G  0.006013  0.002645         0  0.008658         0       256    0.7126    0.9286    0.9224    0.6477    0.0286   0.01822         0
   168/219     2.47G  0.007082  0.003003         0   0.01008         0       256    0.7651    0.9286    0.9224     0.652   0.02876   0.01818         0
   169/219     2.47G  0.007326  0.002839         0   0.01016         0       256      0.73    0.9286    0.9224    0.6387    0.0283   0.01812         0
   170/219     2.47G  0.005649  0.002575         0  0.008223         0       256     0.678    0.9286     0.925    0.6296   0.02838   0.01788         0
   171/219     2.47G  0.006111  0.002714         0  0.008826         0       256    0.7285    0.9286    0.9224    0.6099   0.02865   0.01792         0
   172/219     2.47G  0.008239  0.003116         0   0.01136         0       256     0.737    0.9286    0.9239    0.6275   0.02861   0.01795         0
   173/219     2.47G  0.007531  0.002964         0   0.01049         0       256    0.7032    0.9286    0.9229    0.6175   0.02889   0.01787         0
   174/219     2.47G  0.006905  0.002739         0  0.009645         0       256    0.7231    0.9286    0.9229     0.619    0.0287   0.01774         0
   175/219     2.47G  0.005191  0.002532         0  0.007723         0       256    0.7027    0.9286    0.9229     0.624    0.0287   0.01787         0
   176/219     2.47G  0.005707  0.002661         0  0.008369         0       256    0.7423    0.9286    0.9224    0.6114    0.0283   0.01784         0
   177/219     2.47G  0.006141  0.002659         0    0.0088         0       256    0.7425    0.9286    0.9213    0.6402   0.02828   0.01789         0
   178/219     2.47G  0.006352  0.002626         0  0.008978         0       256    0.7333    0.9286    0.9224    0.6523   0.02798   0.01778         0
   179/219     2.47G  0.005955  0.002667         0  0.008622         0       256    0.6928    0.9286    0.9229    0.6254   0.02831   0.01806         0
   180/219     2.47G   0.00683   0.00289         0   0.00972         0       256    0.7489    0.9286    0.9202    0.6282   0.02844   0.01816         0
   181/219     2.47G  0.005978  0.002582         0   0.00856         0       256    0.7706    0.9286    0.9198    0.6261   0.02833   0.01813         0
   182/219     2.47G  0.005759  0.002562         0  0.008321         0       256    0.7725    0.9286    0.9213    0.6445   0.02835   0.01807         0
   183/219     2.47G  0.005889  0.002603         0  0.008492         0       256    0.7092    0.9286    0.9213    0.6337   0.02884   0.01821         0
   184/219     2.47G  0.006868  0.002927         0  0.009795         0       256     0.693    0.9286    0.9202    0.6493   0.02898   0.01829         0
   185/219     2.47G  0.006894  0.002705         0  0.009599         0       256    0.7198    0.9286    0.9202    0.6502   0.02875   0.01824         0
   186/219     2.47G  0.005585  0.002459         0  0.008044         0       256     0.707    0.9286    0.9213    0.6444   0.02874   0.01806         0
   187/219     2.47G  0.004705  0.002377         0  0.007082         0       256    0.7654    0.9286      0.92    0.6494   0.02884   0.01825         0
   188/219     2.47G  0.006518  0.002844         0  0.009362         0       256    0.7809    0.9286      0.92    0.6493   0.02857   0.01825         0
   189/219     2.47G  0.005534  0.002494         0  0.008028         0       256    0.7697    0.9286    0.9188    0.6365   0.02932   0.01833         0
   190/219     2.47G  0.005498  0.002486         0  0.007984         0       256     0.737    0.9286    0.9213    0.6339   0.02869    0.0181         0
   191/219     2.47G  0.005108  0.002381         0  0.007489         0       256    0.7233    0.9286    0.9213    0.6269   0.02903   0.01826         0
   192/219     2.47G  0.005635  0.002607         0  0.008241         0       256    0.7968    0.9286    0.9188    0.6338   0.02867    0.0181         0
   193/219     2.47G  0.005383  0.002353         0  0.007737         0       256    0.7644    0.9286    0.9188    0.6233   0.02877   0.01816         0
   194/219     2.47G  0.005126  0.002324         0  0.007449         0       256    0.7338    0.9286      0.92    0.6349   0.02844   0.01803         0
   195/219     2.47G  0.005017  0.002405         0  0.007422         0       256    0.7232    0.9286      0.92    0.6097   0.02883   0.01847         0
   196/219     2.47G  0.006338  0.002729         0  0.009066         0       256    0.7663    0.9286      0.92    0.6359   0.02899   0.01852         0
   197/219     2.47G  0.005738  0.002355         0  0.008092         0       256    0.7658    0.9286      0.92     0.617     0.029   0.01859         0
   198/219     2.47G  0.005478  0.002426         0  0.007904         0       256    0.7496    0.9286      0.92    0.6206   0.02882   0.01828         0
   199/219     2.47G  0.004173  0.002181         0  0.006355         0       256    0.7883    0.9286      0.92    0.6225    0.0288   0.01853         0
   200/219     2.47G   0.00516  0.002458         0  0.007619         0       256    0.7271    0.9286    0.9188    0.6221   0.02866   0.01852         0
   201/219     2.47G  0.005308  0.002465         0  0.007773         0       256    0.7519    0.9286    0.9172    0.6289   0.02836    0.0185         0
   202/219     2.47G  0.004967  0.002284         0   0.00725         0       256    0.7067    0.9286    0.9198    0.6301   0.02822   0.01833         0
   203/219     2.47G  0.004814  0.002333         0  0.007147         0       256    0.7316    0.9286    0.9172     0.631   0.02857   0.01848         0
   204/219     2.47G  0.004708  0.002364         0  0.007072         0       256    0.7551    0.9286    0.9186    0.6567   0.02845   0.01865         0
   205/219     2.47G  0.005334  0.002497         0  0.007832         0       256    0.7518    0.9286    0.9198    0.6356   0.02829   0.01869         0
   206/219     2.47G  0.004531  0.002273         0  0.006804         0       256    0.7739    0.9286    0.9198    0.6364   0.02816   0.01854         0
   207/219     2.47G  0.003767  0.002128         0  0.005895         0       256    0.7559    0.9286    0.9198    0.6354   0.02854   0.01864         0
   208/219     2.47G  0.005355  0.002501         0  0.007856         0       256    0.7269    0.9286    0.9183    0.6362   0.02883   0.01874         0
   209/219     2.47G  0.006467  0.002583         0  0.009051         0       256    0.7537    0.9286    0.9159    0.6214   0.02867   0.01857         0
   210/219     2.47G  0.004881  0.002275         0  0.007156         0       256     0.727    0.9286    0.9213     0.633    0.0284   0.01838         0
   211/219     2.47G  0.004466  0.002254         0   0.00672         0       256    0.7625    0.9286    0.9202     0.637   0.02873   0.01844         0
   212/219     2.47G  0.005306  0.002503         0   0.00781         0       256    0.7478    0.9286    0.9188     0.618   0.02855   0.01842         0
   213/219     2.47G   0.00438  0.002141         0  0.006522         0       256    0.7403    0.9286    0.9188    0.6451   0.02855   0.01829         0
   214/219     2.47G  0.004505  0.002191         0  0.006695         0       256     0.769    0.9286    0.9213    0.6415   0.02822   0.01812         0
   215/219     2.47G  0.004131  0.002156         0  0.006287         0       256     0.713    0.9286    0.9202    0.6297   0.02849   0.01824         0
   216/219     2.47G  0.005028  0.002363         0  0.007391         0       256    0.7081    0.9286    0.9186    0.6319   0.02844   0.01822         0
   217/219     2.47G  0.005203  0.002332         0  0.007535         0       256     0.716    0.9286    0.9186    0.6235   0.02857   0.01822         0
   218/219     2.47G  0.004009  0.002043         0  0.006051         0       256    0.6915    0.9286    0.9202      0.64   0.02852   0.01813         0
   219/219     2.47G  0.004115  0.002177         0  0.006292         0       256    0.7627    0.9286    0.9213    0.6319   0.02865   0.01827         0
