     0/219     1.37G    0.0646   0.03124         0   0.09584         0       256         0         0 0.0001199 2.173e-05   0.07954   0.03257         0
     1/219     1.37G   0.05749   0.02953         0   0.08702         0       256         0         0 0.0004604 9.422e-05   0.06977   0.03351         0
     2/219     1.37G   0.04865   0.03141         0   0.08007         0       256         0         0   0.03757   0.00783   0.06057   0.03446         0
     3/219     1.37G   0.04121    0.0288         0   0.07001         0       256    0.2778    0.6071     0.353   0.05715   0.05859   0.02545         0
     4/219     1.37G   0.04286   0.02136         0   0.06422         0       256    0.1933    0.6786    0.2667   0.05331   0.06386   0.02106         0
     5/219     1.37G   0.04905   0.01662         0   0.06566         0       256    0.1915     0.736    0.3075   0.07923   0.06198   0.02147         0
     6/219     1.37G   0.04639   0.01679         0   0.06318         0       256    0.2733    0.6786    0.4178    0.1698   0.05825   0.02081         0
     7/219     1.37G   0.04543   0.01541         0   0.06084         0       256    0.1184    0.7857    0.4314    0.2071    0.0601   0.01983         0
     8/219     1.37G   0.04524   0.01523         0   0.06047         0       256   0.05391    0.9286    0.4535    0.1764   0.06049   0.01998         0
     9/219     1.37G   0.04543   0.01756         0   0.06298         0       256     0.182    0.8214    0.5275    0.1802    0.0456   0.02597         0
    10/219     1.37G   0.03413   0.01769         0   0.05183         0       256    0.1368    0.6786     0.206   0.03825   0.05257   0.02193         0
    11/219     1.37G   0.03825   0.01482         0   0.05307         0       256   0.09458    0.8571    0.3252   0.05551   0.05361   0.01816         0
    12/219     1.37G   0.03958   0.01307         0   0.05266         0       256    0.1394    0.9286    0.6091    0.1448   0.05189   0.01763         0
    13/219     1.37G   0.04028   0.01303         0   0.05331         0       256    0.1443    0.8571    0.4766    0.2226    0.0477   0.02081         0
    14/219     1.37G   0.02958   0.01297         0   0.04255         0       256    0.2107    0.8929     0.636    0.2444   0.04045   0.01929         0
    15/219     1.37G   0.02757   0.01156         0   0.03912         0       256     0.266    0.7767    0.5315    0.2565   0.04262   0.02292         0
    16/219     1.37G   0.03309   0.01298         0   0.04607         0       256    0.1351    0.9286    0.6542    0.1805   0.04167   0.01766         0
    17/219     1.37G   0.02837   0.01117         0   0.03954         0       256    0.1677    0.8929    0.7014    0.3686   0.04051   0.01782         0
    18/219     1.37G   0.02698   0.01001         0   0.03699         0       256    0.3411    0.8571    0.6335    0.2885   0.03514   0.01912         0
    19/219     1.37G   0.02416  0.009591         0   0.03375         0       256    0.2475    0.8214    0.5662    0.2176   0.04169   0.01961         0
    20/219     1.37G   0.02999   0.01048         0   0.04047         0       256    0.2297    0.9286    0.5715    0.1608   0.03851   0.02072         0
    21/219     1.37G    0.0265   0.01141         0   0.03791         0       256     0.245    0.9286    0.7886    0.3513   0.03438   0.01794         0
    22/219     1.37G   0.02396  0.009023         0   0.03299         0       256    0.3377    0.8929    0.6743    0.2945   0.03498   0.01836         0
    23/219     1.37G   0.02202  0.009209         0   0.03123         0       256    0.4673    0.9286    0.8622    0.5248    0.0284   0.01785         0
    24/219     1.37G   0.02166  0.008745         0    0.0304         0       256    0.2827    0.9643    0.7648    0.2076   0.03559   0.01716         0
    25/219     1.37G   0.02866  0.009783         0   0.03845         0       256    0.4415    0.9601    0.8311    0.4912     0.031   0.01972         0
    26/219     1.37G   0.02081  0.008892         0   0.02971         0       256    0.3512    0.9643    0.8426    0.3942   0.03179   0.01609         0
    27/219     1.37G   0.02135  0.008074         0   0.02943         0       256    0.3783    0.9643    0.8035    0.4268   0.03344   0.01648         0
    28/219     1.37G   0.02336  0.007944         0   0.03131         0       256    0.5336    0.8571    0.8183    0.4673   0.03175     0.021         0
    29/219     1.37G   0.01923  0.007685         0   0.02692         0       256    0.5361    0.8929    0.7851    0.5196   0.02968   0.02015         0
    30/219     1.37G     0.017  0.006954         0   0.02396         0       256    0.4667    0.9065    0.8421    0.5316   0.02939   0.01848         0
    31/219     1.37G   0.01675  0.006786         0   0.02354         0       256    0.3755    0.8571    0.7622    0.4367   0.03177   0.01948         0
    32/219     1.37G   0.01996  0.007183         0   0.02714         0       256     0.416    0.8929    0.7107    0.3472   0.03093   0.02075         0
    33/219     1.37G   0.01969  0.007399         0   0.02709         0       256     0.503    0.8214    0.7838    0.5269   0.03078    0.0213         0
    34/219     1.37G   0.01849  0.006827         0   0.02532         0       256    0.5214    0.8929    0.8648    0.4998   0.03002   0.02006         0
    35/219     1.37G   0.01679  0.006846         0   0.02363         0       256    0.7121    0.8571    0.9031    0.5696   0.02797   0.02015         0
    36/219     1.37G   0.01629  0.006415         0    0.0227         0       256    0.6062    0.8929    0.8872    0.5459   0.02891   0.01952         0
    37/219     1.37G   0.01627  0.006412         0   0.02268         0       256     0.533    0.9286    0.8475    0.5539   0.02869   0.01858         0
    38/219     1.37G   0.01587  0.006257         0   0.02213         0       256    0.5763    0.9643    0.9221    0.5293   0.02934   0.01745         0
    39/219     1.37G   0.01431  0.006053         0   0.02036         0       256    0.6196    0.9286    0.9134    0.6116   0.02735   0.01728         0
    40/219     1.37G   0.01526  0.006157         0   0.02142         0       256    0.4828    0.9286    0.8354     0.456   0.02893   0.01749         0
    41/219     1.37G   0.01637  0.006475         0   0.02284         0       256     0.545    0.9286    0.8469    0.5312   0.02975   0.01812         0
    42/219     1.37G   0.01808  0.006507         0   0.02459         0       256    0.6286    0.9286    0.9129    0.5219   0.02933   0.01876         0
    43/219     1.37G   0.01521   0.00661         0   0.02182         0       256    0.6288    0.9286    0.9127     0.492   0.02939    0.0182         0
    44/219     1.37G   0.01554  0.006233         0   0.02177         0       256     0.663    0.9286    0.9054     0.494   0.02905   0.01887         0
    45/219     1.37G   0.01777  0.006339         0   0.02411         0       256    0.6204    0.9286    0.8943    0.5004   0.03109   0.02046         0
    46/219     1.37G   0.01315   0.00584         0   0.01899         0       256    0.6425    0.9286    0.8873    0.5806   0.02654   0.01957         0
    47/219     1.37G   0.01409  0.005936         0   0.02003         0       256    0.6141    0.9286    0.8662    0.5222   0.02815    0.0197         0
    48/219     1.37G   0.01678  0.006235         0   0.02302         0       256    0.6546    0.8929    0.8684    0.5434   0.02914   0.02035         0
    49/219     1.37G   0.01388  0.005857         0   0.01974         0       256    0.5938    0.8929    0.8545    0.4719   0.03074    0.0226         0
    50/219     1.37G   0.01657   0.00614         0   0.02271         0       256    0.6401    0.8929     0.839    0.5117   0.02894   0.02313         0
    51/219     1.37G   0.01243  0.005625         0   0.01805         0       256    0.6453    0.8571     0.836    0.5394   0.02906   0.02313         0
    52/219     1.37G   0.01518  0.005678         0   0.02086         0       256    0.6049    0.7857    0.8457    0.5857   0.03025   0.02298         0
    53/219     1.37G    0.0141  0.005713         0   0.01981         0       256    0.6359    0.7857    0.8639    0.5231   0.03061   0.02312         0
    54/219     1.37G   0.01173  0.005267         0     0.017         0       256    0.5315    0.8571    0.8625     0.581   0.02858   0.02087         0
    55/219     1.37G   0.01269   0.00523         0   0.01792         0       256    0.5154    0.8571    0.8137     0.528   0.03044   0.02134         0
    56/219     1.37G   0.01487  0.005559         0   0.02043         0       256    0.7084    0.8571    0.8863    0.6088   0.02817   0.02075         0
    57/219     1.37G   0.01365   0.00541         0   0.01906         0       256    0.6399    0.8929    0.8828    0.5425   0.02762   0.02042         0
    58/219     1.37G   0.01102  0.005112         0   0.01613         0       256    0.7252    0.9286     0.905    0.6314   0.02591   0.01972         0
    59/219     1.37G   0.01076  0.004988         0   0.01575         0       256    0.6569    0.9286    0.8932    0.5198   0.02629   0.01951         0
    60/219     1.37G   0.01268  0.005319         0     0.018         0       256     0.541    0.8929    0.8582    0.3644   0.02766   0.02041         0
    61/219     1.37G   0.01402  0.005711         0   0.01973         0       256    0.6108    0.8929    0.8835    0.4962   0.02701   0.02103         0
    62/219     1.37G    0.0119  0.005198         0    0.0171         0       256    0.6185    0.8929    0.8721    0.5547   0.02927   0.02113         0
    63/219     1.37G   0.01357  0.005315         0   0.01888         0       256    0.5673    0.8571    0.8833    0.5045    0.0307   0.02099         0
    64/219     1.37G   0.01452   0.00565         0   0.02017         0       256    0.7113    0.8929    0.9053    0.5896   0.02814   0.02164         0
    65/219     1.37G   0.01282  0.005189         0   0.01801         0       256    0.7568    0.8894    0.8859    0.5573   0.02966   0.02253         0
    66/219     1.37G   0.01022  0.004907         0   0.01513         0       256     0.719    0.9286    0.8784    0.5738   0.02846   0.02178         0
    67/219     1.37G   0.01194  0.004984         0   0.01692         0       256    0.6704    0.8721     0.869    0.5461     0.028   0.02215         0
    68/219     1.37G   0.01068  0.004862         0   0.01554         0       256     0.687    0.8929    0.8856    0.5591   0.02724   0.02108         0
    69/219     1.37G   0.01243  0.005087         0   0.01752         0       256    0.6136    0.9076    0.8889    0.5416   0.02754    0.0209         0
    70/219     1.37G  0.009333  0.004599         0   0.01393         0       256    0.6415    0.9588    0.8991    0.5996   0.02657   0.02022         0
    71/219     1.37G   0.01028  0.004603         0   0.01489         0       256    0.6836    0.9643    0.9152    0.5971   0.02633   0.02029         0
    72/219     1.37G   0.01082  0.004789         0   0.01561         0       256    0.6629    0.9643    0.9008    0.5501   0.02853   0.02093         0
    73/219     1.37G   0.01157   0.00492         0   0.01649         0       256    0.7747    0.9286    0.9163    0.5919   0.02814   0.02203         0
    74/219     1.37G   0.01147  0.004764         0   0.01623         0       256     0.655    0.9286    0.9066    0.5829   0.02833   0.02143         0
    75/219     1.37G   0.01095  0.004678         0   0.01563         0       256    0.7277    0.8929    0.9065    0.5676   0.02891   0.02153         0
    76/219     1.37G     0.011  0.004827         0   0.01582         0       256    0.7733    0.9286    0.9114    0.6328   0.02746    0.0215         0
    77/219     1.37G   0.01055  0.004607         0   0.01515         0       256    0.7877    0.9276    0.9049    0.5744   0.02875   0.02116         0
    78/219     1.37G  0.009576  0.004392         0   0.01397         0       256    0.7046    0.8929    0.9002    0.5436   0.02771   0.02074         0
    79/219     1.37G  0.009221   0.00427         0   0.01349         0       256    0.7441    0.9286    0.9159     0.617   0.02676   0.02067         0
    80/219     1.37G     0.013  0.005244         0   0.01825         0       256    0.7174    0.8929    0.8941    0.5721   0.02868   0.02107         0
    81/219     1.37G   0.01169  0.004843         0   0.01653         0       256    0.7628    0.9286     0.901    0.6291   0.02799   0.02265         0
    82/219     1.37G  0.009939  0.004476         0   0.01441         0       256    0.7687    0.9286    0.9116    0.5935   0.02781   0.02187         0
    83/219     1.37G  0.009217  0.004425         0   0.01364         0       256    0.7832    0.8929    0.8922    0.5842   0.02777   0.02272         0
    84/219     1.37G   0.00996  0.004549         0   0.01451         0       256    0.7639    0.8929    0.8893    0.5493   0.02773   0.02336         0
    85/219     1.37G  0.009722  0.004337         0   0.01406         0       256    0.7377    0.8571    0.8802    0.5278   0.02767   0.02364         0
    86/219     1.37G  0.008713  0.004091         0    0.0128         0       256    0.7047    0.8525    0.8671    0.5134   0.02816   0.02396         0
    87/219     1.37G  0.009216  0.004222         0   0.01344         0       256    0.7735    0.8537    0.8733    0.5352   0.02895   0.02413         0
    88/219     1.37G   0.01109  0.004548         0   0.01564         0       256     0.746    0.8214     0.884     0.544   0.02889   0.02335         0
    89/219     1.37G   0.01082  0.004692         0   0.01551         0       256    0.7238    0.8425    0.8784    0.5671   0.02916   0.02386         0
    90/219     1.37G  0.009929  0.004388         0   0.01432         0       256    0.7443    0.8571     0.907    0.5915   0.02722   0.02253         0
    91/219     1.37G  0.008006  0.004082         0   0.01209         0       256    0.8091    0.9286     0.926    0.5992   0.02638    0.0215         0
    92/219     1.37G   0.01047  0.004623         0    0.0151         0       256    0.6925    0.9643    0.9254    0.5877   0.02592      0.02         0
    93/219     1.37G   0.01019  0.004426         0   0.01461         0       256    0.6663    0.9643    0.9157      0.61   0.02616   0.01985         0
    94/219     1.37G  0.009234  0.004331         0   0.01356         0       256    0.6749    0.9643    0.9183    0.6395   0.02577   0.01921         0
    95/219     1.37G  0.007933  0.004142         0   0.01208         0       256    0.7443    0.9643    0.9208    0.6072   0.02595   0.01959         0
    96/219     1.37G   0.01009  0.004478         0   0.01457         0       256    0.7244    0.9286    0.9179    0.5697   0.02604   0.01992         0
    97/219     1.37G  0.008562  0.004047         0   0.01261         0       256    0.7045    0.9286    0.9169    0.5817   0.02631   0.02026         0
    98/219     1.37G  0.008265  0.003984         0   0.01225         0       256    0.6888    0.9286    0.9197    0.5958    0.0259   0.01969         0
    99/219     1.37G    0.0084  0.004024         0   0.01242         0       256    0.7315    0.9286    0.9185     0.612   0.02648   0.02024         0
   100/219     1.37G  0.009632  0.004243         0   0.01388         0       256    0.6735    0.9286    0.9069    0.5706   0.02744   0.02065         0
   101/219     1.37G  0.008967  0.003925         0   0.01289         0       256    0.6778    0.9286     0.916    0.5781   0.02711   0.02032         0
   102/219     1.37G   0.00803  0.003862         0   0.01189         0       256    0.6501    0.9286    0.9168    0.5708    0.0259   0.01942         0
   103/219     1.37G  0.007889  0.003842         0   0.01173         0       256    0.6398    0.9286    0.9173    0.5863   0.02576   0.01997         0
   104/219     1.37G  0.009275  0.004028         0    0.0133         0       256    0.6017    0.9286    0.9028    0.5865   0.02654   0.02044         0
   105/219     1.37G  0.008892  0.003977         0   0.01287         0       256    0.6755    0.9643    0.9016    0.5691   0.02715   0.02162         0
   106/219     1.37G  0.008203  0.003957         0   0.01216         0       256    0.7236    0.9643    0.8993    0.5539   0.02693   0.02228         0
   107/219     1.37G  0.007588  0.003866         0   0.01145         0       256    0.7598    0.9643    0.9056    0.5428   0.02711   0.02299         0
   108/219     1.37G  0.007463  0.003763         0   0.01123         0       256    0.7225    0.9286    0.9008    0.5257   0.02766    0.0226         0
   109/219     1.37G  0.008183  0.003811         0   0.01199         0       256    0.7155    0.8929    0.8906    0.5473   0.02741   0.02291         0
   110/219     1.37G  0.006887  0.003483         0   0.01037         0       256    0.6933    0.9286    0.8887    0.5657   0.02757   0.02248         0
   111/219     1.37G  0.007589  0.003666         0   0.01126         0       256    0.7282    0.8929    0.8909    0.5622   0.02751    0.0229         0
   112/219     1.37G  0.008145  0.003996         0   0.01214         0       256    0.7502    0.8929    0.8897    0.5617   0.02742   0.02334         0
   113/219     1.37G  0.006843  0.003453         0    0.0103         0       256    0.7344    0.8887    0.8884    0.5365   0.02831   0.02372         0
   114/219     1.37G  0.008258  0.003802         0   0.01206         0       256    0.7274    0.8929    0.8926    0.5926   0.02715   0.02271         0
   115/219     1.37G  0.006934  0.003581         0   0.01051         0       256    0.7188    0.9286    0.9067    0.6002   0.02712   0.02225         0
   116/219     1.37G  0.007744  0.003831         0   0.01157         0       256    0.6803    0.9286    0.9207    0.5911   0.02681   0.02145         0
   117/219     1.37G  0.006549   0.00349         0   0.01004         0       256      0.67    0.9286    0.9152    0.6125   0.02665   0.02114         0
   118/219     1.37G  0.006977   0.00354         0   0.01052         0       256     0.651    0.9286    0.9113    0.6085   0.02584   0.02035         0
   119/219     1.37G  0.006892  0.003515         0   0.01041         0       256    0.7117    0.9286    0.9124    0.5759    0.0269   0.02124         0
   120/219     1.37G  0.007667   0.00373         0    0.0114         0       256    0.7312    0.9286    0.9175    0.6132   0.02627   0.02184         0
   121/219     1.37G   0.01052   0.00414         0   0.01466         0       256    0.7294    0.9286    0.9158     0.606   0.02703   0.02209         0
   122/219     1.37G  0.006138  0.003309         0  0.009447         0       256    0.7362    0.9286    0.9133    0.5886   0.02631   0.02128         0
   123/219     1.37G  0.006691  0.003459         0   0.01015         0       256     0.718    0.9286     0.908    0.5762   0.02699   0.02125         0
   124/219     1.37G   0.00673  0.003527         0   0.01026         0       256    0.6959    0.9286    0.9036    0.6034   0.02649   0.02041         0
   125/219     1.37G  0.007082  0.003575         0   0.01066         0       256    0.7008    0.9286     0.927    0.5906   0.02579   0.01996         0
   126/219     1.37G   0.00703  0.003392         0   0.01042         0       256    0.7079    0.9286    0.9268    0.5754   0.02618   0.02014         0
   127/219     1.37G    0.0067  0.003442         0   0.01014         0       256    0.7248    0.9286    0.9127    0.5714   0.02683   0.02115         0
   128/219     1.37G  0.006957  0.003546         0    0.0105         0       256    0.7263    0.9286     0.913    0.5727   0.02738   0.02191         0
   129/219     1.37G  0.006889  0.003348         0   0.01024         0       256    0.7704    0.9286    0.9158    0.5833   0.02806   0.02252         0
   130/219     1.37G  0.005484  0.003087         0  0.008571         0       256    0.7395    0.9286    0.9147    0.5863   0.02727   0.02196         0
   131/219     1.37G  0.005911  0.003188         0    0.0091         0       256    0.7503    0.9286    0.9016    0.5846   0.02734   0.02257         0
   132/219     1.37G   0.00645  0.003433         0  0.009882         0       256    0.7197    0.9286    0.8883    0.5551   0.02828   0.02252         0
   133/219     1.37G  0.007814  0.003595         0   0.01141         0       256    0.7591    0.9286    0.8969     0.565   0.02849   0.02283         0
   134/219     1.37G    0.0065   0.00322         0   0.00972         0       256    0.7319    0.9286    0.8946    0.5817   0.02783   0.02231         0
   135/219     1.37G   0.00497  0.002872         0  0.007842         0       256     0.774    0.9286    0.8907    0.5846   0.02757   0.02261         0
   136/219     1.37G  0.005585  0.003094         0   0.00868         0       256    0.7805    0.9286    0.8852    0.5566   0.02787   0.02224         0
   137/219     1.37G  0.007658  0.003835         0   0.01149         0       256    0.7396    0.8929    0.8847    0.5999   0.02784    0.0222         0
   138/219     1.37G  0.006298  0.003326         0  0.009624         0       256     0.682    0.9286    0.8908    0.5772   0.02785   0.02231         0
   139/219     1.37G  0.005211  0.002984         0  0.008196         0       256    0.6661    0.9263    0.8863    0.5424    0.0275    0.0229         0
   140/219     1.37G  0.005463   0.00309         0  0.008553         0       256    0.6894    0.9286    0.8995    0.5603   0.02713   0.02222         0
   141/219     1.37G  0.005404  0.002994         0  0.008398         0       256    0.6293    0.8929    0.8927    0.5843   0.02729   0.02227         0
   142/219     1.37G  0.005555  0.003048         0  0.008604         0       256    0.6658    0.9286    0.8971    0.5725   0.02692   0.02198         0
   143/219     1.37G  0.004902  0.002798         0    0.0077         0       256    0.6723    0.8929    0.8837    0.5783   0.02747   0.02277         0
   144/219     1.37G  0.005659  0.003019         0  0.008678         0       256    0.6942    0.8929    0.8894    0.5589   0.02837   0.02274         0
   145/219     1.37G  0.006865  0.003243         0   0.01011         0       256    0.7172    0.8929    0.8924    0.6131   0.02851   0.02305         0
   146/219     1.37G  0.005211   0.00289         0  0.008102         0       256    0.6909    0.8929    0.8913    0.5911    0.0282   0.02259         0
   147/219     1.37G  0.005702  0.003139         0  0.008841         0       256    0.7115    0.8929    0.8846    0.5714   0.02847    0.0229         0
   148/219     1.37G  0.005704  0.003124         0  0.008828         0       256    0.6947    0.8929    0.8898    0.5734   0.02766   0.02238         0
   149/219     1.37G  0.006533  0.003264         0  0.009797         0       256    0.6999    0.8929    0.9027    0.5965   0.02727   0.02194         0
   150/219     1.37G   0.00489  0.002835         0  0.007725         0       256    0.6906    0.8929     0.897    0.5903   0.02696   0.02086         0
   151/219     1.37G  0.004381  0.002733         0  0.007114         0       256    0.7115    0.9286    0.8997    0.5638   0.02681    0.0213         0
   152/219     1.37G  0.005087  0.002965         0  0.008051         0       256    0.7155    0.9286    0.9127    0.5819   0.02625    0.0211         0
   153/219     1.37G  0.005068  0.002881         0  0.007949         0       256    0.6741    0.9286    0.9045    0.5791    0.0269   0.02143         0
   154/219     1.37G  0.005594  0.003022         0  0.008615         0       256    0.6751    0.9286    0.9081    0.5729   0.02634   0.02131         0
   155/219     1.37G  0.004485  0.002741         0  0.007226         0       256    0.7141    0.9286    0.9091    0.5536   0.02658   0.02163         0
   156/219     1.37G   0.00471  0.002813         0  0.007523         0       256    0.6568    0.8929    0.8924    0.5703   0.02697   0.02171         0
   157/219     1.37G  0.004876  0.002768         0  0.007643         0       256    0.6913    0.8929    0.9057    0.5949   0.02699   0.02188         0
   158/219     1.37G   0.00476  0.002653         0  0.007413         0       256     0.698    0.9286    0.9128    0.5872   0.02656   0.02155         0
   159/219     1.37G  0.004165  0.002549         0  0.006715         0       256    0.7348    0.9286    0.9059    0.5788   0.02691   0.02204         0
   160/219     1.37G  0.004315  0.002638         0  0.006953         0       256    0.7349    0.9286    0.9118    0.6029   0.02694   0.02202         0
   161/219     1.37G  0.004724  0.002722         0  0.007447         0       256    0.7257    0.9286    0.9087    0.5982   0.02751   0.02212         0
   162/219     1.37G  0.004148   0.00252         0  0.006667         0       256    0.6957    0.9286    0.9075    0.5869   0.02691   0.02178         0
   163/219     1.37G  0.003918  0.002439         0  0.006357         0       256    0.7074    0.9286    0.8973    0.5792   0.02707   0.02228         0
   164/219     1.37G  0.004275  0.002674         0   0.00695         0       256    0.7126    0.9286    0.8997    0.5806    0.0273   0.02208         0
   165/219     1.37G   0.00482  0.002704         0  0.007524         0       256    0.6745    0.8929    0.8947    0.5841   0.02741    0.0221         0
   166/219     1.37G  0.004479  0.002627         0  0.007106         0       256    0.7231    0.9286    0.9006    0.5778   0.02703    0.0216         0
   167/219     1.37G  0.003709  0.002414         0  0.006123         0       256    0.7325    0.9286    0.8884    0.5595   0.02719   0.02223         0
   168/219     1.37G  0.003968  0.002468         0  0.006436         0       256    0.7266    0.9286    0.8931     0.567   0.02739   0.02203         0
   169/219     1.37G  0.004339  0.002564         0  0.006904         0       256    0.7017    0.8929    0.8957    0.5827   0.02763   0.02196         0
   170/219     1.37G  0.003718  0.002338         0  0.006057         0       256    0.7304    0.9286    0.8968    0.5668   0.02752   0.02176         0
   171/219     1.37G   0.00396   0.00247         0  0.006431         0       256    0.7044    0.8929    0.8832     0.569   0.02815   0.02248         0
   172/219     1.37G   0.00483  0.002739         0   0.00757         0       256    0.7055    0.8929    0.8867    0.5827   0.02848   0.02275         0
   173/219     1.37G  0.004978  0.002558         0  0.007536         0       256    0.7288    0.8929    0.8985    0.5926   0.02851   0.02305         0
   174/219     1.37G  0.004063  0.002475         0  0.006538         0       256    0.7373    0.9286    0.8984    0.5694   0.02795   0.02255         0
   175/219     1.37G  0.004165  0.002467         0  0.006632         0       256    0.7303    0.8929     0.891    0.5727   0.02784   0.02314         0
   176/219     1.37G  0.004196  0.002554         0   0.00675         0       256    0.7581    0.8929    0.8903    0.5873    0.0279   0.02299         0
   177/219     1.37G  0.005149  0.002764         0  0.007914         0       256    0.7534    0.8929    0.8945    0.5948   0.02799   0.02324         0
   178/219     1.37G  0.003955   0.00243         0  0.006385         0       256     0.747    0.9286    0.9003    0.6074   0.02764   0.02305         0
   179/219     1.37G  0.003241  0.002235         0  0.005475         0       256    0.7483    0.9286    0.8969    0.5744   0.02779   0.02356         0
   180/219     1.37G  0.004124  0.002614         0  0.006738         0       256    0.7347    0.9286    0.8981    0.5777   0.02779   0.02315         0
   181/219     1.37G  0.003239  0.002262         0  0.005501         0       256    0.7004    0.9286    0.9012    0.5871   0.02736   0.02295         0
   182/219     1.37G  0.004212  0.002551         0  0.006762         0       256    0.6758    0.9286    0.9009    0.5823    0.0267   0.02234         0
   183/219     1.37G  0.003652  0.002396         0  0.006048         0       256    0.6963    0.9286    0.8928    0.5651   0.02687   0.02266         0
   184/219     1.37G  0.004278  0.002517         0  0.006795         0       256     0.687    0.9286    0.8937     0.574    0.0267   0.02249         0
   185/219     1.37G  0.004148  0.002496         0  0.006645         0       256    0.6577    0.8929    0.8954    0.5833   0.02688   0.02242         0
   186/219     1.37G  0.003913  0.002437         0   0.00635         0       256    0.6726    0.9286    0.8976    0.5815   0.02672   0.02198         0
   187/219     1.37G  0.003311  0.002222         0  0.005533         0       256    0.7048    0.9286    0.8904    0.5704   0.02693   0.02237         0
   188/219     1.37G  0.003474  0.002305         0  0.005779         0       256    0.7019    0.9286    0.8896    0.5699   0.02703   0.02237         0
   189/219     1.37G  0.003434  0.002236         0   0.00567         0       256    0.6976    0.8929    0.8864    0.5572   0.02709   0.02261         0
   190/219     1.37G  0.002996  0.002114         0  0.005109         0       256    0.6775    0.8929    0.8843    0.5783   0.02678   0.02223         0
   191/219     1.37G  0.003321   0.00216         0   0.00548         0       256    0.6741    0.8929    0.8757    0.5546   0.02727    0.0227         0
   192/219     1.37G  0.004546  0.002632         0  0.007178         0       256    0.7003    0.9286    0.8855    0.5597   0.02708   0.02274         0
   193/219     1.37G  0.003352    0.0022         0  0.005552         0       256    0.7057    0.8929    0.8835    0.5881   0.02759   0.02292         0
   194/219     1.37G  0.003638  0.002243         0  0.005881         0       256    0.7072    0.9286    0.8915    0.5917   0.02724    0.0227         0
   195/219     1.37G  0.002608  0.001938         0  0.004546         0       256    0.7067    0.9286     0.885    0.5505   0.02743   0.02329         0
   196/219     1.37G   0.00361    0.0023         0   0.00591         0       256    0.7062    0.9286    0.8893    0.5656   0.02741   0.02309         0
   197/219     1.37G  0.003087   0.00206         0  0.005147         0       256    0.7056    0.9286    0.8902    0.5777   0.02728   0.02292         0
   198/219     1.37G   0.00334  0.002204         0  0.005544         0       256    0.7232    0.9286    0.8926    0.5755   0.02706    0.0223         0
   199/219     1.37G  0.003145  0.002143         0  0.005288         0       256    0.7208    0.9286     0.892    0.5652   0.02699   0.02272         0
   200/219     1.37G  0.004093  0.002519         0  0.006613         0       256    0.7178    0.9286    0.8956    0.5896     0.027   0.02273         0
   201/219     1.37G  0.005339   0.00275         0  0.008089         0       256    0.7077    0.9286    0.8991    0.5735   0.02733   0.02303         0
   202/219     1.37G  0.002985  0.002069         0  0.005053         0       256    0.7249    0.9286    0.9068    0.5802   0.02722   0.02271         0
   203/219     1.37G   0.00273  0.001986         0  0.004716         0       256    0.7325    0.9286    0.9001    0.5846   0.02726   0.02323         0
   204/219     1.37G  0.003117  0.002127         0  0.005244         0       256    0.7342    0.9286    0.9043    0.5879   0.02741   0.02307         0
   205/219     1.37G   0.00293  0.002063         0  0.004993         0       256    0.7038    0.8929    0.9039    0.6103   0.02722   0.02306         0
   206/219     1.37G  0.003036   0.00207         0  0.005107         0       256    0.6999    0.9286    0.9053    0.5909   0.02716   0.02261         0
   207/219     1.37G  0.003183  0.002133         0  0.005316         0       256    0.6977    0.8929    0.8971    0.5804   0.02733   0.02303         0
   208/219     1.37G  0.003241  0.002146         0  0.005387         0       256     0.677    0.8929    0.8979    0.5741    0.0275   0.02303         0
   209/219     1.37G  0.002991  0.002029         0   0.00502         0       256    0.6988    0.8929    0.9026    0.5879   0.02767   0.02304         0
   210/219     1.37G  0.002814  0.001906         0   0.00472         0       256    0.7236    0.9286    0.9012     0.587   0.02732   0.02271         0
   211/219     1.37G  0.002851  0.001972         0  0.004823         0       256    0.6793    0.8929    0.9002    0.5816   0.02762    0.0232         0
   212/219     1.37G  0.003051  0.002087         0  0.005138         0       256    0.6796    0.8929    0.8999    0.5913   0.02775   0.02321         0
   213/219     1.37G  0.002771  0.001976         0  0.004747         0       256    0.7062    0.8929    0.9026    0.5977   0.02794    0.0235         0
   214/219     1.37G  0.002703  0.001955         0  0.004659         0       256     0.687    0.8929    0.9004    0.5977   0.02756   0.02323         0
   215/219     1.37G  0.003071  0.002055         0  0.005126         0       256    0.6803    0.8929    0.8905    0.5874   0.02764    0.0238         0
   216/219     1.37G   0.00378  0.002377         0  0.006157         0       256    0.6878    0.9286    0.8943    0.5703   0.02786   0.02372         0
   217/219     1.37G  0.003128  0.002034         0  0.005162         0       256    0.6985    0.8929    0.8964    0.5926   0.02782   0.02389         0
   218/219     1.37G  0.003266  0.002155         0  0.005421         0       256    0.7044    0.9286    0.9017    0.5957   0.02748   0.02336         0
   219/219     1.37G  0.003127   0.00204         0  0.005168         0       256    0.7248    0.9286     0.895    0.5694    0.0276   0.02373         0
