     0/219     2.47G   0.08928   0.03258         0    0.1219         0       256         0         0 0.0001643 2.762e-05   0.09788   0.03548         0
     1/219     2.47G   0.07687     0.034         0    0.1109         0       256         0         0  0.001853  0.000237   0.08849   0.03679         0
     2/219     2.47G   0.07017   0.03386         0     0.104         0       256         0         0  0.001388 0.0002541   0.08724   0.03652         0
     3/219     2.47G   0.06387   0.03419         0   0.09806         0       256         0         0   0.02146  0.003855   0.07135   0.03771         0
     4/219     2.47G   0.05467   0.03206         0   0.08673         0       256    0.6108    0.4489    0.5191    0.2049   0.06372    0.0328         0
     5/219     2.47G   0.05308   0.02711         0    0.0802         0       256    0.4119    0.8506    0.6273    0.2225   0.04904   0.03062         0
     6/219     2.47G   0.05197   0.02329         0   0.07525         0       256    0.3718    0.6786    0.4577    0.1371   0.05902   0.02626         0
     7/219     2.47G   0.05807   0.01921         0   0.07729         0       256    0.2046    0.4643     0.347   0.06917   0.06993   0.02233         0
     8/219     2.47G   0.05648   0.01877         0   0.07526         0       256     0.127    0.8571    0.2287    0.1308   0.07489   0.01849         0
     9/219     2.47G   0.06544   0.01685         0   0.08229         0       256    0.2868    0.6786     0.524    0.2111   0.06109   0.02404         0
    10/219     2.47G   0.05452   0.01843         0   0.07295         0       256    0.1619    0.9286    0.3528    0.1324   0.06015   0.02123         0
    11/219     2.47G   0.05392   0.01534         0   0.06926         0       256    0.2348    0.7143    0.4694    0.1313   0.06244   0.02103         0
    12/219     2.47G   0.06003   0.01395         0   0.07398         0       256    0.1667    0.9643    0.3771    0.0875    0.0618   0.01923         0
    13/219     2.47G   0.05319   0.01398         0   0.06716         0       256    0.1203    0.9286       0.5     0.184   0.06547   0.01809         0
    14/219     2.47G   0.05976   0.01205         0   0.07181         0       256    0.3055    0.8214    0.4799    0.1988   0.06616   0.02132         0
    15/219     2.47G   0.05373   0.01602         0   0.06975         0       256     0.243    0.9286    0.6994    0.2329   0.05528   0.01908         0
    16/219     2.47G   0.05523    0.0141         0   0.06933         0       256    0.1127    0.9643    0.5406    0.1358   0.06668   0.01704         0
    17/219     2.47G   0.05741   0.01398         0   0.07139         0       256    0.2031    0.9286    0.6891    0.3569   0.06393   0.01978         0
    18/219     2.47G   0.06058   0.01148         0   0.07206         0       256    0.2969    0.8929    0.6393    0.2806   0.06398   0.01923         0
    19/219     2.47G   0.05414   0.01186         0     0.066         0       256    0.2024    0.9643    0.6428    0.1461   0.06235   0.01786         0
    20/219     2.47G   0.05184   0.01394         0   0.06578         0       256    0.2296    0.9286    0.7135     0.392   0.05138   0.02037         0
    21/219     2.47G   0.04798   0.01251         0   0.06049         0       256     0.263    0.9286    0.6007    0.2418   0.05795    0.0174         0
    22/219     2.47G   0.05071   0.01138         0   0.06209         0       256    0.1715    0.9643    0.8358    0.3346   0.05115   0.01806         0
    23/219     2.47G   0.04093   0.01244         0   0.05337         0       256    0.1841    0.9643    0.4315    0.1195   0.04948   0.01857         0
    24/219     2.47G   0.04564   0.01296         0    0.0586         0       256    0.1442    0.9643    0.5167     0.125   0.05249   0.01834         0
    25/219     2.47G   0.04847   0.01287         0   0.06135         0       256     0.195    0.8571    0.5431    0.2825   0.05406   0.02226         0
    26/219     2.47G   0.04082   0.01205         0   0.05287         0       256    0.2652    0.9643    0.8561    0.4568   0.04108   0.01864         0
    27/219     2.47G   0.03433   0.01063         0   0.04496         0       256    0.3257    0.9643    0.7593     0.347   0.04255   0.01759         0
    28/219     2.47G      0.04  0.009772         0   0.04977         0       256    0.2561    0.9643    0.7407    0.2701   0.04567   0.01704         0
    29/219     2.47G   0.04137   0.00964         0   0.05101         0       256     0.316    0.9643    0.7621    0.4278   0.04397   0.01781         0
    30/219     2.47G   0.03324  0.008981         0   0.04222         0       256    0.4253    0.9286    0.9093    0.5897   0.03966   0.01898         0
    31/219     2.47G    0.0319  0.008605         0   0.04051         0       256    0.3897    0.9286    0.7636    0.5095   0.04245     0.018         0
    32/219     2.47G   0.03703  0.008567         0    0.0456         0       256    0.3481    0.9286    0.8223    0.4629    0.0415   0.01761         0
    33/219     2.47G   0.03669  0.008307         0   0.04499         0       256    0.2706    0.9286    0.8111    0.4242   0.04467    0.0176         0
    34/219     2.47G   0.03248  0.008423         0   0.04091         0       256    0.5215    0.8929    0.8276    0.5102   0.03794    0.0194         0
    35/219     2.47G   0.02914  0.007947         0   0.03709         0       256    0.5258    0.8929    0.8764    0.5746    0.0371   0.01726         0
    36/219     2.47G   0.02949   0.00764         0   0.03713         0       256    0.5717    0.9286    0.9253    0.4655   0.03804   0.01622         0
    37/219     2.47G   0.03068  0.007774         0   0.03846         0       256    0.4389    0.8929    0.8435    0.4606   0.03895   0.01745         0
    38/219     2.47G   0.02952  0.007165         0   0.03668         0       256    0.5458    0.9643    0.9198    0.5938   0.03539   0.01624         0
    39/219     2.47G   0.02637  0.007461         0   0.03383         0       256    0.5802    0.9643    0.9566    0.5202   0.03928   0.01626         0
    40/219     2.47G   0.03492  0.007893         0   0.04281         0       256     0.562    0.9643    0.9423    0.5864   0.03421   0.01747         0
    41/219     2.47G   0.02366   0.00794         0    0.0316         0       256    0.5068    0.9643    0.9389    0.4937   0.04042   0.01658         0
    42/219     2.47G    0.0278   0.00725         0   0.03505         0       256    0.6841    0.9643    0.9517     0.636   0.03335   0.01586         0
    43/219     2.47G   0.02693  0.006984         0   0.03391         0       256    0.7416    0.9643    0.9499    0.6495   0.03202   0.01573         0
    44/219     2.47G   0.02686  0.006786         0   0.03365         0       256    0.6254    0.9286    0.9192    0.5532   0.03313     0.017         0
    45/219     2.47G   0.02699  0.007269         0   0.03426         0       256    0.5601    0.9286    0.9277    0.5006   0.03565    0.0182         0
    46/219     2.47G   0.02307  0.006696         0   0.02976         0       256    0.6928    0.9286    0.9244    0.6438     0.031   0.01743         0
    47/219     2.47G    0.0225  0.006367         0   0.02886         0       256    0.6282    0.9286    0.9264    0.5835   0.03201   0.01759         0
    48/219     2.47G   0.02794    0.0068         0   0.03474         0       256    0.4634    0.9286    0.8522    0.4943   0.03535   0.01869         0
    49/219     2.47G   0.02629  0.006938         0   0.03323         0       256    0.5208    0.9286    0.9194     0.573   0.03427   0.01907         0
    50/219     2.47G   0.02271  0.006636         0   0.02935         0       256    0.7379    0.9286    0.9354    0.6467   0.03175   0.01704         0
    51/219     2.47G   0.02193  0.006376         0   0.02831         0       256    0.6261    0.9286    0.9364    0.6609   0.03044   0.01649         0
    52/219     2.47G   0.02389  0.006396         0   0.03029         0       256    0.4735    0.9286    0.9018    0.5257   0.03607   0.01681         0
    53/219     2.47G   0.02771   0.00721         0   0.03492         0       256    0.5994    0.9286    0.8906    0.5526   0.03339    0.0189         0
    54/219     2.47G   0.02077  0.006845         0   0.02761         0       256    0.7908    0.9286    0.9444    0.6797   0.02965   0.01784         0
    55/219     2.47G    0.0204  0.005959         0   0.02636         0       256    0.8184    0.9286     0.952    0.6669   0.03061   0.01688         0
    56/219     2.47G   0.02254  0.006105         0   0.02864         0       256    0.6482    0.9643     0.926    0.5602   0.03239   0.01683         0
    57/219     2.47G   0.02158   0.00592         0    0.0275         0       256    0.6664    0.9286    0.9428    0.6612   0.03345   0.01698         0
    58/219     2.47G   0.01965   0.00605         0    0.0257         0       256    0.7907    0.9286    0.9442    0.6607   0.02979   0.01758         0
    59/219     2.47G   0.02082  0.006035         0   0.02686         0       256    0.6605    0.9643    0.9432    0.6606   0.03171   0.01708         0
    60/219     2.47G   0.02344  0.006031         0   0.02947         0       256    0.7881    0.9643    0.9529    0.6862   0.02996   0.01737         0
    61/219     2.47G   0.01846  0.005931         0   0.02439         0       256    0.6825    0.9643    0.9414    0.5093   0.03159   0.01744         0
    62/219     2.47G    0.0205  0.005977         0   0.02648         0       256    0.6486    0.9643    0.9502    0.6597   0.03077   0.01739         0
    63/219     2.47G   0.01832  0.005515         0   0.02383         0       256    0.6167    0.9643    0.9472    0.6971   0.03132   0.01707         0
    64/219     2.47G   0.02076  0.005833         0   0.02659         0       256    0.5619    0.9643    0.9298    0.6531   0.03332   0.01722         0
    65/219     2.47G    0.0209  0.005828         0   0.02672         0       256    0.7198    0.9643    0.9495    0.6952   0.03219   0.01713         0
    66/219     2.47G    0.0173  0.005577         0   0.02288         0       256    0.6505    0.9643    0.9435    0.6164   0.03428   0.01718         0
    67/219     2.47G   0.02049  0.005848         0   0.02634         0       256    0.7289    0.9286    0.9427    0.6773   0.03119   0.01762         0
    68/219     2.47G   0.01959  0.005612         0   0.02521         0       256     0.541    0.9643    0.9275    0.6852   0.03362   0.01771         0
    69/219     2.47G    0.0219  0.005744         0   0.02765         0       256    0.5789    0.9643    0.9362     0.649   0.03318     0.018         0
    70/219     2.47G   0.01942  0.005856         0   0.02528         0       256    0.7265    0.9286    0.9495    0.7025   0.02933   0.01818         0
    71/219     2.47G   0.01725  0.005449         0    0.0227         0       256    0.7794    0.9286     0.951    0.6494   0.02973    0.0178         0
    72/219     2.47G   0.02389  0.005921         0   0.02981         0       256    0.6676    0.8929    0.9269    0.6747   0.03275   0.01815         0
    73/219     2.47G   0.01992  0.005539         0   0.02545         0       256    0.7281    0.8929    0.9308    0.6756   0.03052   0.01877         0
    74/219     2.47G   0.01439  0.005118         0   0.01951         0       256    0.7813    0.9286    0.9416    0.6683   0.03031    0.0177         0
    75/219     2.47G   0.01684   0.00519         0   0.02203         0       256    0.7259    0.9286    0.9438    0.6643   0.02895   0.01756         0
    76/219     2.47G   0.01774  0.005338         0   0.02307         0       256    0.6791    0.9286    0.9387    0.6753   0.02886   0.01793         0
    77/219     2.47G   0.01763  0.005267         0   0.02289         0       256    0.6466    0.9286    0.9332    0.6168   0.02961   0.01853         0
    78/219     2.47G   0.01504  0.005107         0   0.02014         0       256    0.6965    0.9286    0.9356    0.6757    0.0286   0.01871         0
    79/219     2.47G   0.01661  0.005039         0   0.02165         0       256    0.7066    0.9286    0.9381    0.6857   0.03023   0.01881         0
    80/219     2.47G   0.01642  0.005278         0    0.0217         0       256    0.7263    0.9286    0.9455     0.704   0.02922   0.01862         0
    81/219     2.47G   0.01495  0.004722         0   0.01967         0       256    0.6626    0.9286    0.9411    0.6812   0.03012   0.01871         0
    82/219     2.47G   0.01473  0.004828         0   0.01956         0       256    0.6764    0.9286    0.9464    0.7203   0.02787   0.01754         0
    83/219     2.47G   0.01284   0.00462         0   0.01746         0       256      0.65    0.9286    0.9426    0.6991   0.02865   0.01738         0
    84/219     2.47G   0.01535  0.004805         0   0.02015         0       256    0.6608    0.9286    0.9437     0.705   0.02803   0.01727         0
    85/219     2.47G   0.01321  0.004487         0    0.0177         0       256    0.6871    0.9286    0.9396      0.69   0.03058   0.01808         0
    86/219     2.47G   0.01643   0.00477         0    0.0212         0       256    0.7056    0.9286    0.9408    0.7075   0.02905   0.01854         0
    87/219     2.47G   0.01476  0.004722         0   0.01948         0       256    0.7016    0.9286    0.9411    0.6997   0.03027   0.01891         0
    88/219     2.47G   0.01777  0.005272         0   0.02304         0       256    0.7147    0.9286    0.9394    0.6713   0.03058    0.0188         0
    89/219     2.47G   0.01566  0.004764         0   0.02042         0       256    0.7256    0.9286    0.9403    0.6731    0.0307    0.0187         0
    90/219     2.47G   0.01458  0.004692         0   0.01927         0       256    0.7078    0.9286    0.9427    0.7038   0.02807   0.01777         0
    91/219     2.47G   0.01368  0.004523         0    0.0182         0       256    0.7225    0.9286    0.9461    0.7058   0.02845   0.01753         0
    92/219     2.47G    0.0159  0.004937         0   0.02084         0       256     0.656    0.9643    0.9456    0.7094   0.02847    0.0176         0
    93/219     2.47G   0.01443  0.004671         0    0.0191         0       256    0.6391    0.9643    0.9401    0.6873   0.03039   0.01778         0
    94/219     2.47G   0.01501  0.004696         0   0.01971         0       256     0.698    0.9643    0.9444    0.7034    0.0286   0.01772         0
    95/219     2.47G    0.0137  0.004578         0   0.01828         0       256    0.6709    0.9643    0.9441    0.7182   0.02885    0.0177         0
    96/219     2.47G   0.01363  0.004615         0   0.01824         0       256    0.6927    0.9643    0.9457    0.7086   0.02929   0.01783         0
    97/219     2.47G   0.01333  0.004502         0   0.01783         0       256    0.6944    0.9643    0.9455    0.6876   0.02892   0.01781         0
    98/219     2.47G    0.0131  0.004316         0   0.01741         0       256    0.6745    0.9643    0.9471    0.7264   0.02831   0.01761         0
    99/219     2.47G   0.01265  0.004262         0   0.01691         0       256    0.7085    0.9286    0.9455      0.72    0.0286   0.01764         0
   100/219     2.47G   0.01468  0.004644         0   0.01933         0       256    0.7075    0.9286    0.9407    0.7006   0.02908   0.01807         0
   101/219     2.47G   0.01247  0.004257         0   0.01672         0       256    0.7637    0.9643    0.9427    0.7097   0.02969   0.01819         0
   102/219     2.47G   0.01296  0.004299         0   0.01726         0       256    0.7293    0.9623    0.9418    0.7012   0.02977   0.01818         0
   103/219     2.47G   0.01307  0.004274         0   0.01734         0       256    0.7454    0.9415     0.945    0.6981    0.0291   0.01809         0
   104/219     2.47G    0.0119  0.004158         0   0.01606         0       256    0.7282    0.9569    0.9404    0.7119   0.02877   0.01809         0
   105/219     2.47G   0.01458  0.004464         0   0.01905         0       256    0.6621    0.9099    0.9304    0.6928   0.03024   0.01891         0
   106/219     2.47G   0.01267  0.004081         0   0.01675         0       256    0.7369    0.9286    0.9327    0.7033   0.02908   0.01849         0
   107/219     2.47G   0.01289  0.004417         0   0.01731         0       256    0.6981    0.9286    0.9312    0.7059   0.02921   0.01839         0
   108/219     2.47G   0.01283  0.004372         0    0.0172         0       256     0.675    0.9286    0.9349    0.7245   0.02922   0.01861         0
   109/219     2.47G   0.01147  0.004062         0   0.01553         0       256     0.749    0.9594    0.9446    0.6915    0.0294   0.01848         0
   110/219     2.47G   0.01254  0.004132         0   0.01668         0       256    0.7172    0.9643     0.944    0.7138   0.02813    0.0183         0
   111/219     2.47G   0.01111  0.003889         0     0.015         0       256     0.668    0.9643    0.9427     0.703   0.02863   0.01816         0
   112/219     2.47G   0.01165  0.004259         0    0.0159         0       256    0.7324    0.9643    0.9451    0.6771   0.02802   0.01792         0
   113/219     2.47G   0.01126  0.003976         0   0.01524         0       256    0.7122    0.9643    0.9469     0.702   0.02775   0.01774         0
   114/219     2.47G   0.01018   0.00379         0   0.01397         0       256    0.7183    0.9643    0.9456    0.7121    0.0272   0.01759         0
   115/219     2.47G    0.0104  0.003832         0   0.01424         0       256    0.6931    0.9643    0.9428    0.7162   0.02828   0.01782         0
   116/219     2.47G   0.01171  0.004156         0   0.01587         0       256    0.6947    0.9643     0.941    0.6868   0.02865   0.01819         0
   117/219     2.47G   0.01261  0.004131         0   0.01674         0       256    0.6711    0.9476    0.9372    0.6816   0.02826   0.01837         0
   118/219     2.47G   0.01035  0.003699         0   0.01405         0       256    0.7245    0.9286    0.9384    0.6791   0.02851    0.0183         0
   119/219     2.47G   0.01241  0.004157         0   0.01656         0       256    0.6913    0.9286    0.9366    0.7034   0.02903   0.01824         0
   120/219     2.47G   0.01266  0.004169         0   0.01683         0       256    0.6838    0.9286    0.9354    0.7036     0.029   0.01837         0
   121/219     2.47G    0.0095  0.003739         0   0.01324         0       256    0.6428    0.9286    0.9303     0.667     0.029   0.01832         0
   122/219     2.47G   0.01036  0.003805         0   0.01416         0       256    0.6604    0.9286    0.9367    0.7133    0.0273   0.01781         0
   123/219     2.47G  0.009738  0.003596         0   0.01333         0       256    0.6624    0.9286    0.9336    0.6937   0.02792    0.0179         0
   124/219     2.47G  0.009807  0.003705         0   0.01351         0       256    0.6571    0.9286    0.9399    0.6889   0.02822   0.01794         0
   125/219     2.47G  0.009794  0.003642         0   0.01344         0       256    0.6828    0.9286    0.9404    0.7068   0.02812   0.01805         0
   126/219     2.47G   0.01019  0.003532         0   0.01372         0       256    0.6526    0.9286    0.9407    0.7179   0.02835   0.01802         0
   127/219     2.47G  0.009688  0.003536         0   0.01322         0       256    0.6654    0.9286    0.9407    0.7209   0.02798   0.01793         0
   128/219     2.47G  0.009916  0.003677         0   0.01359         0       256    0.6501    0.9288    0.9407    0.7068   0.02919   0.01816         0
   129/219     2.47G   0.01175  0.003919         0   0.01567         0       256    0.7127    0.9286    0.9428    0.7195   0.02852   0.01833         0
   130/219     2.47G  0.009318  0.003534         0   0.01285         0       256    0.7049    0.9286    0.9401     0.713   0.02799   0.01841         0
   131/219     2.47G  0.008233  0.003367         0    0.0116         0       256    0.6732    0.9286    0.9369     0.712   0.02813   0.01867         0
   132/219     2.47G  0.009949  0.003762         0   0.01371         0       256    0.6947    0.9286    0.9382    0.7158   0.02849   0.01889         0
   133/219     2.47G  0.008278  0.003261         0   0.01154         0       256    0.6995    0.9286    0.9371    0.6997   0.02967   0.01866         0
   134/219     2.47G  0.009959   0.00349         0   0.01345         0       256    0.6801    0.9286    0.9407    0.7061   0.02818   0.01834         0
   135/219     2.47G  0.008166  0.003237         0    0.0114         0       256    0.7214    0.9286    0.9441     0.719   0.02824   0.01829         0
   136/219     2.47G  0.009978  0.003599         0   0.01358         0       256    0.7237    0.9286    0.9448    0.7068   0.02844   0.01819         0
   137/219     2.47G  0.008751  0.003368         0   0.01212         0       256    0.7236    0.9286     0.942    0.7226   0.02838   0.01851         0
   138/219     2.47G  0.009074  0.003332         0   0.01241         0       256    0.7225    0.9286    0.9407    0.7093   0.02798   0.01834         0
   139/219     2.47G  0.007351    0.0031         0   0.01045         0       256     0.665    0.9286    0.9382    0.7165   0.02823   0.01843         0
   140/219     2.47G  0.009572  0.003521         0   0.01309         0       256    0.6499    0.9286    0.9375    0.7057   0.02851    0.0185         0
   141/219     2.47G  0.008226  0.003251         0   0.01148         0       256    0.7031    0.9286    0.9358    0.7181   0.02817   0.01873         0
   142/219     2.47G  0.007564  0.003104         0   0.01067         0       256    0.6818    0.9286    0.9362    0.7224   0.02786   0.01857         0
   143/219     2.47G  0.007464   0.00307         0   0.01053         0       256    0.6826    0.9286    0.9387    0.6971   0.02831   0.01881         0
   144/219     2.47G  0.008396  0.003291         0   0.01169         0       256    0.6854    0.9286     0.939    0.7092   0.02822    0.0189         0
   145/219     2.47G  0.008228    0.0032         0   0.01143         0       256    0.6883    0.9286    0.9381    0.7115   0.02842   0.01899         0
   146/219     2.47G  0.008077  0.003134         0   0.01121         0       256    0.7234    0.9286    0.9401    0.6999   0.02802   0.01881         0
   147/219     2.47G  0.007645  0.003149         0   0.01079         0       256    0.6859    0.9286    0.9365    0.7051   0.02799   0.01862         0
   148/219     2.47G  0.008177  0.003321         0    0.0115         0       256    0.6969    0.9643    0.9408    0.6949   0.02822   0.01839         0
   149/219     2.47G   0.00844  0.003227         0   0.01167         0       256    0.6984    0.9643    0.9405    0.6898   0.02762   0.01832         0
   150/219     2.47G  0.007935  0.003059         0   0.01099         0       256    0.6955    0.9643    0.9408    0.7069    0.0273    0.0182         0
   151/219     2.47G  0.007634  0.003045         0   0.01068         0       256    0.6513    0.9341    0.9381    0.7265   0.02802   0.01841         0
   152/219     2.47G  0.007258  0.003076         0   0.01033         0       256    0.6495    0.9286    0.9369    0.7137   0.02816   0.01866         0
   153/219     2.47G  0.009445  0.003263         0   0.01271         0       256    0.7292    0.9286    0.9407    0.7276   0.02791   0.01876         0
   154/219     2.47G  0.006735  0.002862         0  0.009598         0       256    0.7013    0.9286    0.9371    0.7092   0.02831   0.01865         0
   155/219     2.47G  0.007312  0.003055         0   0.01037         0       256     0.714    0.9286    0.9359    0.7206   0.02839    0.0186         0
   156/219     2.47G  0.007277  0.003056         0   0.01033         0       256    0.7144    0.9286    0.9366    0.7008   0.02844   0.01858         0
   157/219     2.47G  0.008101   0.00312         0   0.01122         0       256    0.6845    0.9286    0.9338    0.7221   0.02816   0.01861         0
   158/219     2.47G  0.006579  0.002775         0  0.009353         0       256    0.6749    0.9286    0.9364    0.7225   0.02846   0.01856         0
   159/219     2.47G  0.007572  0.002859         0   0.01043         0       256    0.6724    0.9286    0.9364     0.715    0.0288   0.01872         0
   160/219     2.47G  0.006516  0.002886         0  0.009403         0       256    0.6693    0.9286    0.9395    0.7196    0.0283   0.01854         0
   161/219     2.47G  0.007185  0.002914         0    0.0101         0       256    0.6594    0.9286    0.9407    0.7279   0.02814   0.01852         0
   162/219     2.47G  0.006181  0.002676         0  0.008857         0       256    0.7281    0.9567    0.9435    0.7261   0.02782   0.01836         0
   163/219     2.47G  0.007358  0.002931         0   0.01029         0       256    0.6859    0.9286    0.9407    0.7371   0.02811   0.01841         0
   164/219     2.47G  0.006698  0.002986         0  0.009684         0       256     0.669    0.9286    0.9393    0.7109   0.02806   0.01853         0
   165/219     2.47G  0.006226  0.002799         0  0.009025         0       256    0.6591    0.9286      0.94    0.7163   0.02768   0.01863         0
   166/219     2.47G  0.006312  0.002698         0  0.009011         0       256    0.6581    0.9643    0.9383    0.7066   0.02782   0.01861         0
   167/219     2.47G  0.006395  0.002761         0  0.009156         0       256    0.6412    0.9286    0.9341    0.7045   0.02855   0.01886         0
   168/219     2.47G  0.006688  0.002926         0  0.009614         0       256    0.6953    0.9286    0.9353    0.7063    0.0283   0.01882         0
   169/219     2.47G  0.005539    0.0026         0  0.008139         0       256    0.6796    0.9286    0.9324    0.6953   0.02814   0.01897         0
   170/219     2.47G   0.00579  0.002612         0  0.008403         0       256    0.6871    0.9286    0.9365    0.7004    0.0278    0.0187         0
   171/219     2.47G  0.005945  0.002578         0  0.008523         0       256    0.6907    0.9286    0.9346    0.7212   0.02799   0.01877         0
   172/219     2.47G  0.006987   0.00291         0  0.009897         0       256    0.6888    0.9286    0.9357    0.7252    0.0279   0.01877         0
   173/219     2.47G  0.006592  0.002802         0  0.009395         0       256    0.6907    0.9286    0.9369    0.7229   0.02799   0.01875         0
   174/219     2.47G  0.005561  0.002545         0  0.008107         0       256    0.6646    0.9286      0.94      0.72   0.02737   0.01853         0
   175/219     2.47G  0.005168  0.002448         0  0.007615         0       256    0.7002    0.9286    0.9381    0.7149   0.02791   0.01872         0
   176/219     2.47G  0.006029  0.002638         0  0.008667         0       256    0.7229    0.9286    0.9394    0.7044   0.02794   0.01876         0
   177/219     2.47G  0.005955  0.002583         0  0.008537         0       256    0.7099    0.9286    0.9401    0.7112   0.02754   0.01873         0
   178/219     2.47G  0.005494  0.002459         0  0.007953         0       256    0.7068    0.9286     0.939    0.7131   0.02776    0.0187         0
   179/219     2.47G  0.005127  0.002421         0  0.007548         0       256    0.7232    0.9286     0.938    0.7088   0.02807   0.01873         0
   180/219     2.47G  0.005467  0.002551         0  0.008018         0       256    0.7148    0.9286    0.9382    0.7153   0.02804   0.01875         0
   181/219     2.47G  0.005489  0.002475         0  0.007964         0       256    0.6934    0.9286     0.937    0.6991   0.02806   0.01882         0
   182/219     2.47G  0.006466  0.002634         0    0.0091         0       256    0.6626    0.9286    0.9394    0.7058   0.02762   0.01878         0
   183/219     2.47G  0.004817  0.002393         0  0.007209         0       256     0.665    0.9286     0.937    0.7075   0.02837   0.01897         0
   184/219     2.47G  0.006517  0.002714         0  0.009231         0       256    0.6502    0.9286    0.9364    0.7011   0.02806   0.01901         0
   185/219     2.47G  0.005221  0.002394         0  0.007615         0       256    0.6594    0.9286    0.9359    0.6996   0.02828   0.01901         0
   186/219     2.47G  0.005985  0.002544         0  0.008529         0       256    0.6343    0.9286    0.9363    0.7077   0.02791   0.01878         0
   187/219     2.47G  0.005489   0.00246         0  0.007949         0       256    0.6505    0.9286    0.9369    0.7137   0.02846   0.01904         0
   188/219     2.47G  0.005212  0.002468         0  0.007681         0       256    0.6388    0.9286    0.9354    0.7104   0.02852   0.01911         0
   189/219     2.47G  0.005991  0.002536         0  0.008527         0       256    0.6852    0.9286    0.9363    0.7158   0.02806   0.01912         0
   190/219     2.47G  0.004347  0.002285         0  0.006632         0       256    0.6636    0.9286    0.9357    0.7186   0.02778   0.01904         0
   191/219     2.47G  0.004712  0.002313         0  0.007025         0       256    0.6598    0.9286    0.9351    0.7275   0.02804   0.01905         0
   192/219     2.47G  0.005763  0.002657         0  0.008419         0       256    0.6885    0.9286    0.9369     0.713   0.02797   0.01906         0
   193/219     2.47G  0.004807  0.002309         0  0.007116         0       256    0.6809    0.9286    0.9388    0.7253    0.0275   0.01906         0
   194/219     2.47G  0.004657  0.002243         0    0.0069         0       256    0.6684     0.936    0.9376    0.7141   0.02739   0.01891         0
   195/219     2.47G  0.004693  0.002256         0  0.006949         0       256    0.6795    0.9286    0.9358    0.7022   0.02802    0.0191         0
   196/219     2.47G  0.006063  0.002547         0   0.00861         0       256    0.6892    0.9286    0.9393    0.6939   0.02768   0.01907         0
   197/219     2.47G  0.004459  0.002242         0  0.006701         0       256    0.6739    0.9286    0.9387    0.6983   0.02789    0.0192         0
   198/219     2.47G  0.004614  0.002222         0  0.006835         0       256    0.7241    0.9377    0.9423    0.7054    0.0276   0.01912         0
   199/219     2.47G  0.004372  0.002162         0  0.006534         0       256    0.6919    0.9286    0.9387     0.702   0.02804   0.01918         0
   200/219     2.47G  0.005402  0.002469         0  0.007872         0       256     0.667    0.9286    0.9363    0.7209    0.0278   0.01925         0
   201/219     2.47G  0.004725  0.002294         0  0.007019         0       256    0.6677    0.9286    0.9357    0.7088    0.0279   0.01936         0
   202/219     2.47G  0.004484  0.002164         0  0.006648         0       256    0.7031    0.9286    0.9381    0.7259   0.02745   0.01904         0
   203/219     2.47G   0.00415  0.002085         0  0.006235         0       256    0.6719    0.9286    0.9359    0.7175     0.028   0.01909         0
   204/219     2.47G  0.005522  0.002445         0  0.007967         0       256    0.6893    0.9286     0.937    0.7084   0.02813   0.01919         0
   205/219     2.47G  0.004976  0.002271         0  0.007247         0       256    0.6754    0.9286     0.937     0.724    0.0277   0.01917         0
   206/219     2.47G  0.004911   0.00227         0  0.007181         0       256     0.669    0.9286    0.9375    0.7129   0.02762   0.01905         0
   207/219     2.47G  0.003961  0.002085         0  0.006046         0       256    0.6536    0.9286    0.9354    0.7236   0.02803   0.01917         0
   208/219     2.47G  0.004526  0.002279         0  0.006805         0       256    0.6725    0.9286    0.9369     0.719   0.02806   0.01925         0
   209/219     2.47G  0.004114  0.002094         0  0.006209         0       256    0.6753    0.9286    0.9364    0.7117    0.0281   0.01929         0
   210/219     2.47G  0.004995  0.002307         0  0.007302         0       256    0.6712    0.9286    0.9369    0.7053   0.02785   0.01925         0
   211/219     2.47G  0.004495  0.002162         0  0.006657         0       256    0.6739    0.9286    0.9341    0.7096   0.02836   0.01944         0
   212/219     2.47G   0.00494   0.00238         0   0.00732         0       256    0.6825    0.9286    0.9346    0.7116    0.0285   0.01943         0
   213/219     2.47G    0.0045  0.002207         0  0.006707         0       256     0.671    0.9286    0.9345    0.7222   0.02814   0.01941         0
   214/219     2.47G  0.003493  0.001948         0  0.005441         0       256    0.6747     0.963    0.9381    0.7276   0.02815   0.01921         0
   215/219     2.47G  0.005018  0.002239         0  0.007256         0       256    0.6705    0.9286    0.9381    0.7167   0.02829   0.01922         0
   216/219     2.47G  0.005086  0.002421         0  0.007508         0       256    0.6919    0.9623    0.9388    0.7003   0.02813   0.01919         0
   217/219     2.47G  0.004732  0.002163         0  0.006895         0       256    0.6524    0.9643    0.9381    0.7091   0.02802    0.0192         0
   218/219     2.47G  0.004449  0.002127         0  0.006576         0       256    0.6669    0.9643    0.9381    0.7156   0.02785   0.01921         0
   219/219     2.47G  0.004595  0.002186         0  0.006781         0       256    0.6688    0.9286    0.9394    0.7175    0.0281   0.01931         0
