     0/219     2.05G   0.05874   0.03373         0   0.09248         0       256         0         0 0.0004131 7.144e-05   0.07137   0.03768         0
     1/219     2.05G   0.05033   0.03417         0    0.0845         0       256         0         0   0.00234 0.0002808   0.06595   0.03695         0
     2/219     2.05G   0.04441   0.03375         0   0.07816         0       256         0         0  0.005831  0.001088    0.0584   0.03742         0
     3/219     2.05G   0.03987   0.03019         0   0.07007         0       256    0.1386    0.5357    0.1446   0.02548   0.06093   0.02599         0
     4/219     2.05G   0.04623   0.02121         0   0.06743         0       256    0.1786      0.75    0.5758    0.1398   0.05236   0.02451         0
     5/219     2.05G   0.04438   0.01758         0   0.06195         0       256    0.1839    0.7857    0.5448    0.2395   0.05266     0.022         0
     6/219     2.05G   0.04617   0.01439         0   0.06056         0       256    0.1925    0.5357     0.177   0.07232   0.06082      0.02         0
     7/219     2.05G   0.04773    0.0136         0   0.06133         0       256    0.1094    0.8929     0.332    0.1737   0.06262   0.01537         0
     8/219     2.05G    0.0511   0.01134         0   0.06244         0       256     0.129    0.6786    0.4506    0.2461   0.06413   0.01703         0
     9/219     2.05G   0.04717   0.01275         0   0.05993         0       256    0.2255    0.5357     0.465    0.2051   0.05623   0.02278         0
    10/219     2.05G   0.04035   0.01276         0   0.05312         0       256    0.1378    0.9286    0.4466    0.2155   0.05303   0.01645         0
    11/219     2.05G   0.03946   0.01034         0    0.0498         0       256    0.1255    0.9279    0.4256    0.1488   0.04976   0.01554         0
    12/219     2.05G   0.04219   0.01009         0   0.05228         0       256    0.1748    0.9286    0.5796    0.2129   0.05079   0.01521         0
    13/219     2.05G   0.03757   0.00982         0   0.04739         0       256    0.1712    0.8571    0.5964    0.1932   0.04576    0.0155         0
    14/219     2.05G   0.03459  0.009832         0   0.04443         0       256    0.2154    0.9286    0.7364    0.3688   0.04202   0.01529         0
    15/219     2.05G   0.03219  0.009639         0   0.04183         0       256    0.1962    0.9286    0.7129    0.3505   0.04072   0.01417         0
    16/219     2.05G   0.03184  0.009056         0    0.0409         0       256    0.2596    0.7857    0.6268    0.3747   0.04723   0.01844         0
    17/219     2.05G   0.03758  0.008654         0   0.04624         0       256    0.2266    0.8929    0.6396    0.2638   0.04348   0.01652         0
    18/219     2.05G   0.02835  0.009771         0   0.03812         0       256    0.2717    0.8929    0.6301    0.1925   0.03783   0.01733         0
    19/219     2.05G   0.02811  0.008869         0   0.03698         0       256    0.2676    0.8929    0.7497    0.3404   0.03941   0.01705         0
    20/219     2.05G   0.02929   0.00888         0   0.03817         0       256    0.1958    0.8571    0.5282    0.2384   0.04053   0.01726         0
    21/219     2.05G   0.03033  0.009159         0   0.03949         0       256    0.2777    0.8929    0.6885    0.2799   0.03502   0.01789         0
    22/219     2.05G   0.02465  0.009056         0   0.03371         0       256    0.3137    0.9286    0.8717    0.5066   0.03004   0.01577         0
    23/219     2.05G   0.02209  0.007781         0   0.02987         0       256    0.3063    0.8929    0.8119    0.3758   0.03307   0.01606         0
    24/219     2.05G    0.0241  0.008045         0   0.03214         0       256    0.2691    0.8929    0.6889    0.2291   0.03802   0.01669         0
    25/219     2.05G   0.02842  0.009549         0   0.03797         0       256    0.3377    0.8929    0.8178    0.3451   0.03374   0.01814         0
    26/219     2.05G   0.02096  0.008516         0   0.02948         0       256    0.4294    0.9286    0.8787    0.4884   0.02642   0.01553         0
    27/219     2.05G   0.01888  0.007644         0   0.02652         0       256    0.2998    0.9286    0.7529    0.3878   0.03143   0.01577         0
    28/219     2.05G   0.02345  0.007679         0   0.03113         0       256    0.3053    0.9286    0.8356    0.4567   0.03215   0.01539         0
    29/219     2.05G   0.02621  0.007877         0   0.03409         0       256    0.3379    0.9286    0.9001    0.5881   0.03027   0.01642         0
    30/219     2.05G   0.01973  0.007404         0   0.02714         0       256    0.4193    0.9286     0.889    0.5536   0.02792   0.01553         0
    31/219     2.05G   0.01804  0.006836         0   0.02487         0       256    0.3651    0.9286    0.8232    0.4671   0.02826   0.01603         0
    32/219     2.05G   0.02242  0.007298         0   0.02972         0       256    0.3122    0.9286    0.6244    0.2573   0.03288   0.01698         0
    33/219     2.05G   0.02373  0.007188         0   0.03092         0       256    0.4402    0.8987    0.8277    0.5248   0.02761   0.01621         0
    34/219     2.05G   0.01778  0.006791         0   0.02457         0       256    0.4582    0.9364     0.928    0.6223   0.02612   0.01494         0
    35/219     2.05G   0.01515   0.00638         0   0.02153         0       256    0.4568    0.9643    0.9404    0.6244   0.02578   0.01434         0
    36/219     2.05G   0.01717  0.006408         0   0.02358         0       256    0.4575    0.9643    0.9369    0.5793   0.02678   0.01416         0
    37/219     2.05G   0.01784  0.006594         0   0.02444         0       256    0.5091    0.9643    0.8885    0.4144   0.02821   0.01446         0
    38/219     2.05G   0.01661   0.00635         0   0.02296         0       256    0.6671    0.9643     0.955    0.6443   0.02434    0.0136         0
    39/219     2.05G   0.01409  0.005878         0   0.01997         0       256    0.5804    0.9643     0.955    0.6738   0.02476   0.01344         0
    40/219     2.05G   0.01662  0.006256         0   0.02288         0       256    0.3988    0.9643    0.8936    0.4892   0.03044   0.01417         0
    41/219     2.05G   0.02234  0.006752         0   0.02909         0       256    0.5916    0.9643    0.9568    0.6282   0.02364   0.01391         0
    42/219     2.05G   0.01408  0.006196         0   0.02028         0       256    0.6864    0.9643    0.9534    0.6222   0.02241   0.01428         0
    43/219     2.05G   0.01332  0.005843         0   0.01916         0       256    0.5902    0.9643     0.949     0.641   0.02463   0.01402         0
    44/219     2.05G   0.01625  0.005949         0    0.0222         0       256    0.4836    0.9286    0.9436    0.5841   0.02582   0.01393         0
    45/219     2.05G   0.01706  0.006029         0   0.02309         0       256    0.6543    0.9286     0.941    0.5854   0.02725   0.01451         0
    46/219     2.05G   0.01456  0.005796         0   0.02035         0       256     0.801    0.9286    0.9416    0.6553   0.02371   0.01495         0
    47/219     2.05G   0.01249  0.005464         0   0.01796         0       256     0.609    0.9286    0.9384    0.5674    0.0251   0.01454         0
    48/219     2.05G   0.01602  0.005933         0   0.02196         0       256    0.5795    0.9286    0.9439    0.5777   0.02674    0.0149         0
    49/219     2.05G   0.01739  0.006005         0    0.0234         0       256    0.6093    0.9286    0.9421    0.5941   0.02532   0.01532         0
    50/219     2.05G   0.01525  0.005821         0   0.02107         0       256    0.6838    0.9286    0.9414    0.6515   0.02285   0.01509         0
    51/219     2.05G   0.01221  0.005526         0   0.01774         0       256    0.5924    0.9286    0.9427    0.6227   0.02444   0.01473         0
    52/219     2.05G   0.01474  0.005691         0   0.02043         0       256    0.6307    0.9286    0.9414    0.5664   0.02437   0.01445         0
    53/219     2.05G    0.0148  0.005783         0   0.02058         0       256    0.5902    0.9286    0.9377    0.6419   0.02459   0.01429         0
    54/219     2.05G   0.01141  0.005073         0   0.01648         0       256    0.7302    0.9286    0.9343    0.6178   0.02328   0.01385         0
    55/219     2.05G   0.01128  0.004917         0   0.01619         0       256    0.6144    0.9286    0.9341    0.6552   0.02358   0.01368         0
    56/219     2.05G   0.01257  0.004949         0   0.01752         0       256    0.6277    0.9286    0.9307      0.58   0.02573   0.01396         0
    57/219     2.05G    0.0148  0.005448         0   0.02025         0       256    0.6889    0.9286    0.9311    0.6395   0.02452   0.01423         0
    58/219     2.05G   0.01184  0.004962         0    0.0168         0       256    0.6675    0.9286    0.9296    0.6416   0.02283   0.01409         0
    59/219     2.05G   0.01094  0.004911         0   0.01585         0       256    0.6497    0.9286    0.9321    0.6618   0.02318   0.01429         0
    60/219     2.05G   0.01161  0.004961         0   0.01657         0       256    0.5547    0.9286    0.9317    0.6317   0.02487   0.01427         0
    61/219     2.05G   0.01359  0.005391         0   0.01898         0       256    0.6429    0.9286    0.9313    0.6623    0.0233    0.0143         0
    62/219     2.05G   0.01054  0.004773         0   0.01532         0       256    0.6626    0.9286    0.9325    0.5343   0.02348   0.01444         0
    63/219     2.05G   0.01102  0.005048         0   0.01607         0       256    0.6598    0.9286    0.9336    0.6283   0.02307   0.01407         0
    64/219     2.05G   0.01102  0.004806         0   0.01583         0       256    0.5707    0.9286    0.9328    0.6352   0.02423   0.01417         0
    65/219     2.05G   0.01399  0.005195         0   0.01919         0       256    0.5758    0.9286    0.9322    0.5907   0.02473   0.01431         0
    66/219     2.05G   0.01195  0.005018         0   0.01697         0       256    0.7016    0.9286    0.9343    0.6836   0.02204   0.01403         0
    67/219     2.05G   0.01038  0.004919         0    0.0153         0       256    0.6648    0.9286    0.9342    0.6158   0.02329   0.01498         0
    68/219     2.05G   0.01314  0.005443         0   0.01859         0       256    0.5996    0.9286    0.9332    0.6478   0.02351   0.01514         0
    69/219     2.05G   0.01213  0.004902         0   0.01704         0       256    0.5583    0.9286    0.9335    0.6491   0.02313   0.01531         0
    70/219     2.05G   0.01151  0.004925         0   0.01643         0       256    0.6174    0.9286    0.9343    0.6788   0.02236   0.01464         0
    71/219     2.05G   0.01014  0.004679         0   0.01482         0       256    0.5826    0.9286    0.9352    0.6236    0.0229   0.01442         0
    72/219     2.05G   0.01164  0.005027         0   0.01667         0       256    0.5499    0.9286    0.9379    0.6514   0.02343   0.01461         0
    73/219     2.05G   0.01103   0.00474         0   0.01577         0       256    0.5736    0.9286    0.9361    0.6454    0.0237   0.01458         0
    74/219     2.05G   0.01003  0.004568         0    0.0146         0       256    0.6001    0.9286     0.938    0.6658   0.02255   0.01459         0
    75/219     2.05G   0.01077  0.004793         0   0.01557         0       256    0.6102    0.9286     0.937    0.6567   0.02401   0.01491         0
    76/219     2.05G   0.01132  0.004795         0   0.01612         0       256    0.6777    0.9286    0.9377    0.6805   0.02219    0.0149         0
    77/219     2.05G  0.009452   0.00452         0   0.01397         0       256    0.6754    0.9286    0.9309    0.6126   0.02448   0.01487         0
    78/219     2.05G  0.009926  0.004358         0   0.01428         0       256    0.6293    0.9286    0.9169    0.6685    0.0213   0.01474         0
    79/219     2.05G  0.009383  0.004412         0    0.0138         0       256    0.6448    0.9286     0.914     0.647   0.02197    0.0151         0
    80/219     2.05G   0.01185  0.004973         0   0.01682         0       256    0.6262    0.9286    0.9181    0.6171   0.02299   0.01533         0
    81/219     2.05G   0.01184  0.004962         0   0.01681         0       256     0.637    0.9286    0.9185    0.6651   0.02242   0.01547         0
    82/219     2.05G  0.009516   0.00449         0   0.01401         0       256    0.6493    0.9286    0.9174    0.6526   0.02159   0.01512         0
    83/219     2.05G  0.009475  0.004485         0   0.01396         0       256    0.6354    0.9286    0.9271    0.6871   0.02276   0.01508         0
    84/219     2.05G  0.009909  0.004509         0   0.01442         0       256    0.6433    0.9286     0.928    0.6627   0.02164   0.01483         0
    85/219     2.05G  0.009248   0.00435         0    0.0136         0       256    0.6432    0.9286    0.9233    0.6554    0.0219   0.01507         0
    86/219     2.05G  0.008784    0.0042         0   0.01298         0       256    0.6136    0.9286    0.9235    0.6889   0.02176   0.01482         0
    87/219     2.05G   0.00932  0.004388         0   0.01371         0       256    0.6157    0.9286    0.9327    0.6052    0.0242   0.01535         0
    88/219     2.05G   0.01324  0.005224         0   0.01847         0       256    0.6587    0.9286    0.9334     0.698   0.02206   0.01491         0
    89/219     2.05G  0.009324  0.004338         0   0.01366         0       256      0.68    0.9286    0.9342    0.6692   0.02295    0.0148         0
    90/219     2.05G   0.00858  0.004194         0   0.01277         0       256    0.5883    0.9286    0.9196    0.6693   0.02188   0.01434         0
    91/219     2.05G  0.008381  0.004131         0   0.01251         0       256    0.5522    0.9286    0.9255    0.6698   0.02253   0.01445         0
    92/219     2.05G    0.0101  0.004436         0   0.01453         0       256    0.6695    0.9286    0.9346    0.6652   0.02227   0.01426         0
    93/219     2.05G  0.008636   0.00412         0   0.01276         0       256    0.6913    0.9286    0.9336    0.6579   0.02282    0.0145         0
    94/219     2.05G  0.009885  0.004357         0   0.01424         0       256    0.7266    0.9286    0.9323    0.6583   0.02184   0.01447         0
    95/219     2.05G  0.007324  0.003815         0   0.01114         0       256    0.6312    0.9286    0.9336    0.6911   0.02157   0.01469         0
    96/219     2.05G  0.008566  0.004003         0   0.01257         0       256    0.5986    0.9286    0.9324    0.6829   0.02198   0.01468         0
    97/219     2.05G      0.01  0.004108         0   0.01411         0       256      0.59    0.9286    0.9293    0.6628   0.02338   0.01519         0
    98/219     2.05G  0.009924  0.004343         0   0.01427         0       256    0.6493    0.9286    0.9328    0.6622   0.02143   0.01442         0
    99/219     2.05G  0.008685  0.004013         0    0.0127         0       256    0.6324    0.9286    0.9336    0.6896   0.02231   0.01457         0
   100/219     2.05G  0.009173  0.004078         0   0.01325         0       256    0.6392    0.9286    0.9327    0.6498   0.02183   0.01468         0
   101/219     2.05G  0.007946  0.003836         0   0.01178         0       256    0.6581    0.9286    0.9306    0.6843   0.02169   0.01486         0
   102/219     2.05G  0.007213  0.003626         0   0.01084         0       256      0.64    0.9286    0.9305    0.6739   0.02185    0.0147         0
   103/219     2.05G  0.006153  0.003339         0  0.009492         0       256    0.6212    0.9286    0.9322    0.6769   0.02137   0.01464         0
   104/219     2.05G   0.00702   0.00364         0   0.01066         0       256    0.5736    0.9286    0.9323    0.6295   0.02231   0.01469         0
   105/219     2.05G  0.009637  0.004355         0   0.01399         0       256    0.6599    0.9286    0.9327    0.6555   0.02263   0.01471         0
   106/219     2.05G  0.007425  0.003675         0    0.0111         0       256    0.6778    0.9286     0.933    0.6654   0.02179   0.01451         0
   107/219     2.05G  0.006804  0.003573         0   0.01038         0       256    0.6881    0.9286    0.9334    0.6956    0.0216   0.01466         0
   108/219     2.05G   0.00798  0.003898         0   0.01188         0       256    0.6902    0.9286    0.9322     0.636   0.02191   0.01464         0
   109/219     2.05G     0.008  0.003811         0   0.01181         0       256    0.6493    0.9286    0.9331    0.6894   0.02198   0.01489         0
   110/219     2.05G  0.008596  0.003857         0   0.01245         0       256    0.6552    0.9286     0.935    0.6913   0.02193   0.01499         0
   111/219     2.05G  0.007085  0.003764         0   0.01085         0       256    0.6681    0.9286    0.9351    0.6851   0.02195   0.01491         0
   112/219     2.05G  0.006783  0.003764         0   0.01055         0       256    0.6316    0.9286    0.9354    0.6876   0.02212   0.01497         0
   113/219     2.05G  0.007205  0.003807         0   0.01101         0       256    0.5451    0.9286    0.9343    0.6934   0.02136   0.01516         0
   114/219     2.05G  0.007045  0.003679         0   0.01072         0       256    0.5695    0.9286    0.9346    0.6809   0.02196   0.01475         0
   115/219     2.05G  0.007189  0.003678         0   0.01087         0       256    0.5836    0.9286    0.9318    0.6896   0.02233   0.01486         0
   116/219     2.05G  0.008256  0.003901         0   0.01216         0       256     0.587    0.9286    0.9347    0.6921    0.0218   0.01476         0
   117/219     2.05G  0.006869  0.003683         0   0.01055         0       256    0.6232    0.9286    0.9367    0.6765    0.0218   0.01469         0
   118/219     2.05G  0.006186  0.003472         0  0.009658         0       256    0.5525    0.9286    0.9364    0.6533   0.02193   0.01477         0
   119/219     2.05G  0.007299  0.003839         0   0.01114         0       256    0.5576    0.9286     0.936     0.669   0.02115   0.01465         0
   120/219     2.05G  0.007289   0.00369         0   0.01098         0       256    0.5277    0.9286    0.9352    0.6817   0.02239   0.01475         0
   121/219     2.05G  0.008783  0.003801         0   0.01258         0       256    0.5772    0.9286     0.935    0.6715    0.0216   0.01479         0
   122/219     2.05G  0.007472  0.003668         0   0.01114         0       256    0.7671    0.9286    0.9358    0.7041   0.02144   0.01459         0
   123/219     2.05G  0.005565  0.003344         0  0.008909         0       256    0.7348    0.9286    0.9352     0.664   0.02205   0.01471         0
   124/219     2.05G  0.006658  0.003523         0   0.01018         0       256    0.6619    0.9286    0.9347    0.6747   0.02168   0.01494         0
   125/219     2.05G  0.007609  0.003892         0    0.0115         0       256    0.6376    0.9286    0.9347    0.6908   0.02148   0.01485         0
   126/219     2.05G  0.006496  0.003503         0      0.01         0       256     0.628    0.9286    0.9342    0.6658   0.02115   0.01476         0
   127/219     2.05G  0.006751  0.003524         0   0.01028         0       256    0.6347    0.9286    0.9346    0.6814   0.02114   0.01485         0
   128/219     2.05G  0.006448  0.003497         0  0.009944         0       256    0.6796    0.9286    0.9355     0.677   0.02172    0.0148         0
   129/219     2.05G  0.005939  0.003328         0  0.009267         0       256    0.6522    0.9286    0.9352    0.6848   0.02161   0.01502         0
   130/219     2.05G  0.005492  0.003244         0  0.008736         0       256    0.6624    0.9286    0.9351    0.6907   0.02125   0.01501         0
   131/219     2.05G  0.006064  0.003375         0  0.009439         0       256    0.6445    0.9286    0.9353    0.6777   0.02264   0.01531         0
   132/219     2.05G   0.00854  0.003802         0   0.01234         0       256    0.6888    0.9286    0.9358    0.6935   0.02163   0.01514         0
   133/219     2.05G  0.005846  0.003293         0  0.009139         0       256    0.6918    0.9286    0.9358     0.676   0.02194   0.01516         0
   134/219     2.05G  0.006264  0.003286         0   0.00955         0       256    0.7181    0.9286    0.9356    0.6967   0.02197   0.01497         0
   135/219     2.05G  0.006017   0.00322         0  0.009237         0       256    0.7896    0.9286    0.9357    0.6657   0.02181   0.01511         0
   136/219     2.05G   0.00713  0.003765         0    0.0109         0       256    0.6446    0.9286    0.9352    0.6769   0.02156   0.01489         0
   137/219     2.05G  0.006184  0.003382         0  0.009565         0       256    0.6764    0.9286    0.9336    0.6621   0.02219   0.01496         0
   138/219     2.05G  0.006554    0.0034         0  0.009954         0       256    0.7647    0.9286    0.9342    0.6713   0.02211   0.01475         0
   139/219     2.05G  0.005086  0.003056         0  0.008142         0       256    0.7453    0.9286    0.9333    0.6701   0.02185    0.0148         0
   140/219     2.05G  0.005218  0.003014         0  0.008232         0       256    0.7074    0.9286    0.9345    0.6774   0.02207   0.01473         0
   141/219     2.05G  0.005729  0.003099         0  0.008828         0       256    0.7228    0.9286    0.9352    0.6943   0.02195   0.01473         0
   142/219     2.05G  0.005569  0.003075         0  0.008644         0       256      0.79    0.9286    0.9355    0.6767   0.02114   0.01461         0
   143/219     2.05G  0.004726  0.002896         0  0.007622         0       256    0.7532    0.9286    0.9352    0.6667   0.02116    0.0148         0
   144/219     2.05G  0.006641  0.003501         0   0.01014         0       256    0.6773    0.9286    0.9353    0.6855   0.02149   0.01492         0
   145/219     2.05G  0.006838  0.003475         0   0.01031         0       256    0.7042    0.9286    0.9347    0.6859   0.02161   0.01498         0
   146/219     2.05G  0.005628  0.003087         0  0.008716         0       256    0.7316    0.9286    0.9355    0.6854   0.02137   0.01497         0
   147/219     2.05G  0.005344   0.00314         0  0.008484         0       256    0.7145    0.9286    0.9356    0.6892   0.02136   0.01505         0
   148/219     2.05G  0.006101  0.003335         0  0.009437         0       256    0.6386    0.9286    0.9355    0.6908   0.02166   0.01512         0
   149/219     2.05G  0.005974  0.003193         0  0.009166         0       256    0.6309    0.9286    0.9353    0.6942   0.02143    0.0151         0
   150/219     2.05G  0.005543  0.003151         0  0.008694         0       256    0.6009    0.9286    0.9362    0.6903   0.02098   0.01498         0
   151/219     2.05G  0.004036  0.002741         0  0.006776         0       256    0.6225    0.9286    0.9374    0.7034   0.02072   0.01496         0
   152/219     2.05G  0.004749  0.002954         0  0.007703         0       256    0.5626    0.9286    0.9376    0.6982   0.02097   0.01509         0
   153/219     2.05G  0.005399  0.003055         0  0.008454         0       256    0.6121    0.9286    0.9379    0.6911   0.02129   0.01503         0
   154/219     2.05G  0.004961  0.002918         0  0.007879         0       256    0.6554    0.9286    0.9383    0.7067   0.02111   0.01492         0
   155/219     2.05G   0.00435  0.002785         0  0.007135         0       256    0.6604    0.9286    0.9388     0.705   0.02132   0.01491         0
   156/219     2.05G  0.004724  0.002861         0  0.007585         0       256    0.6673    0.9286    0.9387    0.7019   0.02133   0.01493         0
   157/219     2.05G  0.005214  0.002817         0  0.008032         0       256    0.6841    0.9286    0.9387    0.6926   0.02182   0.01499         0
   158/219     2.05G  0.004845  0.002837         0  0.007682         0       256    0.7173    0.9286    0.9373    0.6836   0.02146   0.01486         0
   159/219     2.05G  0.004332   0.00273         0  0.007062         0       256    0.7433    0.9286    0.9365    0.6891   0.02196   0.01494         0
   160/219     2.05G  0.004801  0.002908         0  0.007709         0       256    0.7652    0.9286    0.9361    0.6956   0.02161   0.01481         0
   161/219     2.05G  0.005399  0.002871         0  0.008269         0       256    0.7827    0.9286    0.9365    0.6849   0.02186   0.01494         0
   162/219     2.05G  0.004503   0.00265         0  0.007154         0       256    0.7663    0.9286    0.9364    0.6832   0.02181   0.01488         0
   163/219     2.05G  0.003712  0.002453         0  0.006165         0       256    0.7533    0.9286     0.936    0.6744   0.02168   0.01494         0
   164/219     2.05G  0.005202  0.002973         0  0.008175         0       256     0.728    0.9286    0.9367    0.6782   0.02213   0.01505         0
   165/219     2.05G  0.005078  0.002842         0   0.00792         0       256    0.6905    0.9286     0.936    0.6802   0.02143   0.01496         0
   166/219     2.05G  0.004948   0.00286         0  0.007807         0       256    0.7234    0.9286    0.9361    0.6863   0.02174   0.01487         0
   167/219     2.05G   0.00441  0.002736         0  0.007146         0       256    0.6966    0.9286    0.9359    0.6823   0.02179    0.0149         0
   168/219     2.05G  0.004063  0.002655         0  0.006718         0       256    0.6621    0.9286     0.935    0.6865   0.02141   0.01488         0
   169/219     2.05G   0.00471  0.002814         0  0.007523         0       256    0.6637    0.9286    0.9356    0.6871   0.02153   0.01497         0
   170/219     2.05G  0.003961  0.002588         0  0.006549         0       256    0.6914    0.9286    0.9361    0.6794   0.02146   0.01501         0
   171/219     2.05G  0.003016  0.002303         0  0.005318         0       256    0.7203    0.9286     0.936    0.6887   0.02178   0.01503         0
   172/219     2.05G  0.004273  0.002709         0  0.006981         0       256    0.6896    0.9286    0.9345    0.6778   0.02183   0.01508         0
   173/219     2.05G  0.005323  0.002895         0  0.008218         0       256    0.6912    0.9286    0.9356    0.6884   0.02143   0.01504         0
   174/219     2.05G  0.003911  0.002532         0  0.006443         0       256    0.7347    0.9286    0.9356    0.6791   0.02146    0.0151         0
   175/219     2.05G  0.003988  0.002521         0  0.006508         0       256    0.7041    0.9286    0.9355    0.6827   0.02177   0.01517         0
   176/219     2.05G  0.004193  0.002741         0  0.006934         0       256    0.6929    0.9286    0.9359    0.6885   0.02172   0.01521         0
   177/219     2.05G  0.003792  0.002537         0  0.006328         0       256    0.6815    0.9286    0.9374    0.6903   0.02217   0.01531         0
   178/219     2.05G  0.004132  0.002575         0  0.006707         0       256     0.722    0.9286     0.937    0.6916   0.02149   0.01525         0
   179/219     2.05G  0.002979  0.002239         0  0.005218         0       256    0.7022    0.9286    0.9363     0.693   0.02132    0.0153         0
   180/219     2.05G  0.004371  0.002731         0  0.007103         0       256    0.7161    0.9286    0.9364    0.6801   0.02139    0.0154         0
   181/219     2.05G  0.004578   0.00265         0  0.007228         0       256     0.724    0.9286    0.9359    0.6896   0.02161    0.0155         0
   182/219     2.05G  0.004417  0.002616         0  0.007033         0       256    0.7444    0.9286    0.9358     0.683   0.02178   0.01545         0
   183/219     2.05G  0.003551    0.0024         0  0.005951         0       256    0.7333    0.9286    0.9346    0.6811   0.02181   0.01539         0
   184/219     2.05G  0.003685   0.00248         0  0.006165         0       256    0.6894    0.9286    0.9361    0.6935   0.02157   0.01529         0
   185/219     2.05G  0.003277  0.002297         0  0.005574         0       256    0.6717    0.9286     0.936    0.6847   0.02169   0.01531         0
   186/219     2.05G  0.003828    0.0025         0  0.006329         0       256    0.6899    0.9286    0.9361    0.6852   0.02156   0.01526         0
   187/219     2.05G  0.002749   0.00215         0  0.004899         0       256     0.723    0.9286    0.9363     0.685   0.02158   0.01529         0
   188/219     2.05G  0.003123  0.002328         0  0.005451         0       256    0.6696    0.9286    0.9358    0.6882   0.02133   0.01537         0
   189/219     2.05G  0.003359  0.002358         0  0.005717         0       256    0.6658    0.9286    0.9358    0.6959    0.0213   0.01544         0
   190/219     2.05G  0.003288  0.002321         0  0.005609         0       256     0.648    0.9286     0.936    0.6903    0.0212   0.01542         0
   191/219     2.05G   0.00322  0.002277         0  0.005498         0       256     0.677    0.9286    0.9356    0.6881   0.02145   0.01541         0
   192/219     2.05G  0.004031  0.002612         0  0.006642         0       256    0.6606    0.9286     0.936    0.6886   0.02192    0.0155         0
   193/219     2.05G  0.005101  0.002812         0  0.007913         0       256    0.7028    0.9286    0.9361    0.6882   0.02169   0.01531         0
   194/219     2.05G  0.003273  0.002249         0  0.005523         0       256    0.7294    0.9286    0.9359    0.6844   0.02139   0.01525         0
   195/219     2.05G  0.003105  0.002246         0  0.005351         0       256    0.6962    0.9286    0.9357     0.673   0.02186    0.0153         0
   196/219     2.05G   0.00356   0.00247         0   0.00603         0       256    0.7121    0.9286     0.936    0.6804   0.02172   0.01534         0
   197/219     2.05G  0.003277  0.002362         0  0.005639         0       256    0.7013    0.9286    0.9361    0.6942   0.02164   0.01543         0
   198/219     2.05G  0.003092  0.002231         0  0.005323         0       256    0.7171    0.9286    0.9363      0.69   0.02143   0.01542         0
   199/219     2.05G   0.00309  0.002194         0  0.005284         0       256    0.7106    0.9286    0.9358    0.6908   0.02141   0.01545         0
   200/219     2.05G  0.003008  0.002196         0  0.005204         0       256    0.6902    0.9286    0.9364    0.6953   0.02139   0.01547         0
   201/219     2.05G  0.003117  0.002249         0  0.005367         0       256    0.7045    0.9286    0.9361    0.6918    0.0214    0.0155         0
   202/219     2.05G   0.00379  0.002408         0  0.006198         0       256    0.7226    0.9286     0.936    0.7024   0.02145   0.01546         0
   203/219     2.05G  0.003052  0.002174         0  0.005226         0       256    0.7106    0.9286    0.9347     0.694   0.02154   0.01545         0
   204/219     2.05G  0.003245   0.00233         0  0.005576         0       256    0.7198    0.9286     0.936    0.6957   0.02131   0.01537         0
   205/219     2.05G  0.003046  0.002194         0   0.00524         0       256    0.7109    0.9286     0.936    0.6875   0.02157    0.0154         0
   206/219     2.05G  0.002818  0.002092         0   0.00491         0       256    0.7211    0.9286    0.9363    0.6805   0.02119   0.01534         0
   207/219     2.05G    0.0031  0.002161         0  0.005261         0       256    0.7102    0.9286    0.9358    0.6811   0.02122   0.01532         0
   208/219     2.05G  0.003143  0.002229         0  0.005372         0       256    0.7061    0.9286    0.9359    0.6851    0.0214    0.0153         0
   209/219     2.05G  0.003316  0.002266         0  0.005582         0       256    0.6932    0.9286    0.9355    0.6958   0.02118   0.01527         0
   210/219     2.05G  0.002872  0.002095         0  0.004968         0       256    0.7045    0.9286    0.9353    0.6872    0.0211   0.01525         0
   211/219     2.05G  0.002759  0.002126         0  0.004885         0       256    0.7103    0.9286    0.9355    0.6992    0.0212   0.01529         0
   212/219     2.05G  0.003754  0.002472         0  0.006225         0       256    0.7147    0.9286    0.9355    0.6878   0.02132   0.01536         0
   213/219     2.05G  0.003028  0.002183         0  0.005211         0       256    0.7092    0.9286    0.9357    0.6998   0.02107   0.01536         0
   214/219     2.05G  0.002907  0.002125         0  0.005032         0       256     0.717    0.9286    0.9356    0.6921    0.0213   0.01538         0
   215/219     2.05G  0.003041  0.002238         0  0.005278         0       256    0.7139    0.9286    0.9359    0.6796   0.02162   0.01537         0
   216/219     2.05G  0.003446  0.002473         0  0.005919         0       256    0.6943    0.9286    0.9359    0.6895   0.02154   0.01543         0
   217/219     2.05G  0.003024  0.002151         0  0.005176         0       256    0.7009    0.9286     0.936    0.6862   0.02134   0.01549         0
   218/219     2.05G  0.002879  0.002168         0  0.005047         0       256    0.7108    0.9286     0.936    0.6832   0.02136   0.01544         0
   219/219     2.05G  0.002576  0.002025         0  0.004602         0       256    0.7045    0.9286    0.9358    0.6806   0.02122   0.01544         0
