     0/199     2.47G   0.08538   0.03419         0    0.1196         0       256         0         0         0         0         0         0         0
     1/199     2.47G   0.07429   0.03518         0    0.1095         0       256         0         0         0         0         0         0         0
     2/199     2.47G   0.06766   0.03513         0    0.1028         0       256         0         0         0         0         0         0         0
     3/199     2.47G   0.06007   0.03583         0    0.0959         0       256         0         0         0         0         0         0         0
     4/199     2.47G   0.05273   0.03239         0   0.08513         0       256         0         0         0         0         0         0         0
     5/199     2.47G   0.05288   0.02583         0   0.07871         0       256         0         0         0         0         0         0         0
     6/199     2.47G   0.05098   0.02169         0   0.07267         0       256         0         0         0         0         0         0         0
     7/199     2.47G   0.05991   0.01801         0   0.07792         0       256         0         0         0         0         0         0         0
     8/199     2.47G   0.05185   0.01698         0   0.06883         0       256         0         0         0         0         0         0         0
     9/199     2.47G   0.07405   0.01207         0   0.08612         0       256         0         0         0         0         0         0         0
    10/199     2.47G   0.06449   0.01589         0   0.08038         0       256         0         0         0         0         0         0         0
    11/199     2.47G   0.06703   0.01433         0   0.08136         0       256         0         0         0         0         0         0         0
    12/199     2.47G   0.05447   0.01722         0   0.07169         0       256         0         0         0         0         0         0         0
    13/199     2.47G   0.05561   0.01418         0   0.06978         0       256         0         0         0         0         0         0         0
    14/199     2.47G   0.05653   0.01295         0   0.06948         0       256         0         0         0         0         0         0         0
    15/199     2.47G   0.04855   0.01365         0    0.0622         0       256         0         0         0         0         0         0         0
    16/199     2.47G   0.05377   0.01474         0   0.06851         0       256         0         0         0         0         0         0         0
    17/199     2.47G   0.05048    0.0131         0   0.06358         0       256         0         0         0         0         0         0         0
    18/199     2.47G   0.04513   0.01159         0   0.05672         0       256         0         0         0         0         0         0         0
    19/199     2.47G   0.04811   0.01091         0   0.05902         0       256         0         0         0         0         0         0         0
    20/199     2.47G   0.04642   0.01222         0   0.05865         0       256         0         0         0         0         0         0         0
    21/199     2.47G    0.0466   0.01245         0   0.05905         0       256         0         0         0         0         0         0         0
    22/199     2.47G   0.03897   0.01063         0    0.0496         0       256         0         0         0         0         0         0         0
    23/199     2.47G   0.03973  0.009597         0   0.04932         0       256         0         0         0         0         0         0         0
    24/199     2.47G   0.04053  0.009702         0   0.05024         0       256         0         0         0         0         0         0         0
    25/199     2.47G   0.04411  0.009931         0   0.05404         0       256         0         0         0         0         0         0         0
    26/199     2.47G   0.03353  0.008552         0   0.04209         0       256         0         0         0         0         0         0         0
    27/199     2.47G   0.03225   0.00798         0   0.04023         0       256         0         0         0         0         0         0         0
    28/199     2.47G   0.03353  0.008506         0   0.04204         0       256         0         0         0         0         0         0         0
    29/199     2.47G   0.03155  0.007794         0   0.03935         0       256         0         0         0         0         0         0         0
    30/199     2.47G   0.03333  0.007879         0    0.0412         0       256         0         0         0         0         0         0         0
    31/199     2.47G   0.02907  0.007906         0   0.03698         0       256         0         0         0         0         0         0         0
    32/199     2.47G   0.03275  0.008096         0   0.04084         0       256         0         0         0         0         0         0         0
    33/199     2.47G   0.03034   0.00747         0   0.03781         0       256         0         0         0         0         0         0         0
    34/199     2.47G   0.02456  0.007513         0   0.03207         0       256         0         0         0         0         0         0         0
    35/199     2.47G   0.02544    0.0067         0   0.03214         0       256         0         0         0         0         0         0         0
    36/199     2.47G    0.0332  0.007811         0   0.04101         0       256         0         0         0         0         0         0         0
    37/199     2.47G   0.03194  0.008129         0   0.04007         0       256         0         0         0         0         0         0         0
    38/199     2.47G   0.02987  0.007438         0   0.03731         0       256         0         0         0         0         0         0         0
    39/199     2.47G   0.02495  0.007005         0   0.03196         0       256         0         0         0         0         0         0         0
    40/199     2.47G   0.02972  0.007512         0   0.03723         0       256         0         0         0         0         0         0         0
    41/199     2.47G   0.02831  0.007756         0   0.03606         0       256         0         0         0         0         0         0         0
    42/199     2.47G   0.02389  0.006883         0   0.03078         0       256         0         0         0         0         0         0         0
    43/199     2.47G   0.02294  0.006308         0   0.02925         0       256         0         0         0         0         0         0         0
    44/199     2.47G   0.02731  0.007249         0   0.03456         0       256         0         0         0         0         0         0         0
    45/199     2.47G   0.02957   0.00733         0    0.0369         0       256         0         0         0         0         0         0         0
    46/199     2.47G   0.02359  0.006736         0   0.03032         0       256         0         0         0         0         0         0         0
    47/199     2.47G   0.02131  0.006025         0   0.02733         0       256         0         0         0         0         0         0         0
    48/199     2.47G   0.02412  0.006422         0   0.03054         0       256         0         0         0         0         0         0         0
    49/199     2.47G   0.01955  0.006323         0   0.02587         0       256         0         0         0         0         0         0         0
    50/199     2.47G   0.01915  0.005775         0   0.02492         0       256         0         0         0         0         0         0         0
    51/199     2.47G   0.02204  0.005907         0   0.02795         0       256         0         0         0         0         0         0         0
    52/199     2.47G   0.01999  0.005811         0    0.0258         0       256         0         0         0         0         0         0         0
    53/199     2.47G   0.01659  0.005498         0   0.02209         0       256         0         0         0         0         0         0         0
    54/199     2.47G    0.0229  0.006028         0   0.02893         0       256         0         0         0         0         0         0         0
    55/199     2.47G   0.02026  0.005803         0   0.02606         0       256         0         0         0         0         0         0         0
    56/199     2.47G   0.02153  0.006281         0   0.02781         0       256         0         0         0         0         0         0         0
    57/199     2.47G   0.02639  0.006287         0   0.03268         0       256         0         0         0         0         0         0         0
    58/199     2.47G   0.01747  0.005571         0   0.02304         0       256         0         0         0         0         0         0         0
    59/199     2.47G   0.02168  0.005899         0   0.02758         0       256         0         0         0         0         0         0         0
    60/199     2.47G   0.01812   0.00581         0   0.02393         0       256         0         0         0         0         0         0         0
    61/199     2.47G   0.01987  0.005725         0   0.02559         0       256         0         0         0         0         0         0         0
    62/199     2.47G   0.01621  0.005322         0   0.02153         0       256         0         0         0         0         0         0         0
    63/199     2.47G   0.02098  0.005517         0    0.0265         0       256         0         0         0         0         0         0         0
    64/199     2.47G   0.01956  0.005933         0   0.02549         0       256         0         0         0         0         0         0         0
    65/199     2.47G   0.01983  0.005845         0   0.02568         0       256         0         0         0         0         0         0         0
    66/199     2.47G   0.01669  0.005227         0   0.02192         0       256         0         0         0         0         0         0         0
    67/199     2.47G   0.01945  0.005342         0   0.02479         0       256         0         0         0         0         0         0         0
    68/199     2.47G   0.01959  0.005888         0   0.02548         0       256         0         0         0         0         0         0         0
    69/199     2.47G   0.01564  0.005375         0   0.02101         0       256         0         0         0         0         0         0         0
    70/199     2.47G    0.0161  0.005094         0   0.02119         0       256         0         0         0         0         0         0         0
    71/199     2.47G   0.01592   0.00507         0   0.02099         0       256         0         0         0         0         0         0         0
    72/199     2.47G    0.0172  0.005355         0   0.02255         0       256         0         0         0         0         0         0         0
    73/199     2.47G   0.01651  0.005091         0   0.02161         0       256         0         0         0         0         0         0         0
    74/199     2.47G   0.01466  0.004904         0   0.01957         0       256         0         0         0         0         0         0         0
    75/199     2.47G   0.01651   0.00507         0   0.02158         0       256         0         0         0         0         0         0         0
    76/199     2.47G   0.01436  0.004869         0   0.01923         0       256         0         0         0         0         0         0         0
    77/199     2.47G   0.01369  0.004608         0    0.0183         0       256         0         0         0         0         0         0         0
    78/199     2.47G   0.01475  0.004782         0   0.01953         0       256         0         0         0         0         0         0         0
    79/199     2.47G   0.01323  0.004539         0   0.01777         0       256         0         0         0         0         0         0         0
    80/199     2.47G   0.01527  0.004784         0   0.02006         0       256         0         0         0         0         0         0         0
    81/199     2.47G   0.01799  0.005028         0   0.02302         0       256         0         0         0         0         0         0         0
    82/199     2.47G   0.01174  0.004359         0    0.0161         0       256         0         0         0         0         0         0         0
    83/199     2.47G   0.01294  0.004352         0    0.0173         0       256         0         0         0         0         0         0         0
    84/199     2.47G   0.01631  0.004958         0   0.02127         0       256         0         0         0         0         0         0         0
    85/199     2.47G   0.01692  0.004711         0   0.02163         0       256         0         0         0         0         0         0         0
    86/199     2.47G   0.01217  0.004501         0   0.01668         0       256         0         0         0         0         0         0         0
    87/199     2.47G   0.01331  0.004334         0   0.01765         0       256         0         0         0         0         0         0         0
    88/199     2.47G   0.01517  0.004663         0   0.01983         0       256         0         0         0         0         0         0         0
    89/199     2.47G   0.01272  0.004237         0   0.01696         0       256         0         0         0         0         0         0         0
    90/199     2.47G   0.01324  0.004297         0   0.01754         0       256         0         0         0         0         0         0         0
    91/199     2.47G    0.0129  0.004249         0   0.01714         0       256         0         0         0         0         0         0         0
    92/199     2.47G   0.01301  0.004217         0   0.01723         0       256         0         0         0         0         0         0         0
    93/199     2.47G   0.01146  0.004078         0   0.01554         0       256         0         0         0         0         0         0         0
    94/199     2.47G   0.01284  0.004078         0   0.01691         0       256         0         0         0         0         0         0         0
    95/199     2.47G   0.01262  0.004003         0   0.01662         0       256         0         0         0         0         0         0         0
    96/199     2.47G   0.01509   0.00462         0   0.01971         0       256         0         0         0         0         0         0         0
    97/199     2.47G    0.0117  0.004239         0   0.01594         0       256         0         0         0         0         0         0         0
    98/199     2.47G   0.01221  0.004113         0   0.01632         0       256         0         0         0         0         0         0         0
    99/199     2.47G   0.01169  0.003921         0   0.01561         0       256         0         0         0         0         0         0         0
   100/199     2.47G   0.01226   0.00428         0   0.01654         0       256         0         0         0         0         0         0         0
   101/199     2.47G   0.01339  0.004645         0   0.01804         0       256         0         0         0         0         0         0         0
   102/199     2.47G   0.01001  0.003908         0   0.01392         0       256         0         0         0         0         0         0         0
   103/199     2.47G   0.01068  0.003979         0   0.01466         0       256         0         0         0         0         0         0         0
   104/199     2.47G   0.01071  0.003943         0   0.01466         0       256         0         0         0         0         0         0         0
   105/199     2.47G   0.01172  0.003986         0   0.01571         0       256         0         0         0         0         0         0         0
   106/199     2.47G   0.01015  0.003701         0   0.01385         0       256         0         0         0         0         0         0         0
   107/199     2.47G   0.01315  0.004222         0   0.01737         0       256         0         0         0         0         0         0         0
   108/199     2.47G   0.01008  0.003778         0   0.01385         0       256         0         0         0         0         0         0         0
   109/199     2.47G   0.01078  0.003901         0   0.01468         0       256         0         0         0         0         0         0         0
   110/199     2.47G   0.01024  0.003616         0   0.01386         0       256         0         0         0         0         0         0         0
   111/199     2.47G  0.009536  0.003496         0   0.01303         0       256         0         0         0         0         0         0         0
   112/199     2.47G   0.01217  0.003967         0   0.01614         0       256         0         0         0         0         0         0         0
   113/199     2.47G  0.008897  0.003409         0   0.01231         0       256         0         0         0         0         0         0         0
   114/199     2.47G  0.008552  0.003339         0   0.01189         0       256         0         0         0         0         0         0         0
   115/199     2.47G  0.009928   0.00352         0   0.01345         0       256         0         0         0         0         0         0         0
   116/199     2.47G   0.01007  0.003608         0   0.01368         0       256         0         0         0         0         0         0         0
   117/199     2.47G   0.01011  0.003475         0   0.01358         0       256         0         0         0         0         0         0         0
   118/199     2.47G   0.01051  0.003577         0   0.01408         0       256         0         0         0         0         0         0         0
   119/199     2.47G    0.0087  0.003338         0   0.01204         0       256         0         0         0         0         0         0         0
   120/199     2.47G   0.01054  0.003582         0   0.01412         0       256         0         0         0         0         0         0         0
   121/199     2.47G  0.009022  0.003512         0   0.01253         0       256         0         0         0         0         0         0         0
   122/199     2.47G  0.007184  0.003089         0   0.01027         0       256         0         0         0         0         0         0         0
   123/199     2.47G  0.008444  0.003278         0   0.01172         0       256         0         0         0         0         0         0         0
   124/199     2.47G  0.009712  0.003519         0   0.01323         0       256         0         0         0         0         0         0         0
   125/199     2.47G  0.009736   0.00336         0    0.0131         0       256         0         0         0         0         0         0         0
   126/199     2.47G  0.009246  0.003303         0   0.01255         0       256         0         0         0         0         0         0         0
   127/199     2.47G  0.007893  0.003226         0   0.01112         0       256         0         0         0         0         0         0         0
   128/199     2.47G   0.01001  0.003532         0   0.01354         0       256         0         0         0         0         0         0         0
   129/199     2.47G  0.008645  0.003231         0   0.01188         0       256         0         0         0         0         0         0         0
   130/199     2.47G  0.008086  0.003165         0   0.01125         0       256         0         0         0         0         0         0         0
   131/199     2.47G  0.007983  0.003032         0   0.01101         0       256         0         0         0         0         0         0         0
   132/199     2.47G   0.01012  0.003549         0   0.01367         0       256         0         0         0         0         0         0         0
   133/199     2.47G  0.007553  0.003007         0   0.01056         0       256         0         0         0         0         0         0         0
   134/199     2.47G  0.008849  0.003158         0   0.01201         0       256         0         0         0         0         0         0         0
   135/199     2.47G   0.00869   0.00323         0   0.01192         0       256         0         0         0         0         0         0         0
   136/199     2.47G  0.008808  0.003249         0   0.01206         0       256         0         0         0         0         0         0         0
   137/199     2.47G  0.007271  0.002924         0   0.01019         0       256         0         0         0         0         0         0         0
   138/199     2.47G  0.007131  0.002852         0  0.009984         0       256         0         0         0         0         0         0         0
   139/199     2.47G  0.007204  0.002855         0   0.01006         0       256         0         0         0         0         0         0         0
   140/199     2.47G  0.007497  0.003108         0    0.0106         0       256         0         0         0         0         0         0         0
   141/199     2.47G  0.006793  0.002804         0  0.009597         0       256         0         0         0         0         0         0         0
   142/199     2.47G  0.008171   0.00298         0   0.01115         0       256         0         0         0         0         0         0         0
   143/199     2.47G  0.005529  0.002544         0  0.008073         0       256         0         0         0         0         0         0         0
   144/199     2.47G  0.006364  0.002685         0  0.009048         0       256         0         0         0         0         0         0         0
   145/199     2.47G  0.007185  0.002792         0  0.009976         0       256         0         0         0         0         0         0         0
   146/199     2.47G  0.007895  0.002876         0   0.01077         0       256         0         0         0         0         0         0         0
   147/199     2.47G  0.006767  0.002669         0  0.009436         0       256         0         0         0         0         0         0         0
   148/199     2.47G  0.007668  0.003024         0   0.01069         0       256         0         0         0         0         0         0         0
   149/199     2.47G  0.006082  0.002581         0  0.008663         0       256         0         0         0         0         0         0         0
   150/199     2.47G  0.006031  0.002523         0  0.008554         0       256         0         0         0         0         0         0         0
   151/199     2.47G  0.006129  0.002605         0  0.008734         0       256         0         0         0         0         0         0         0
   152/199     2.47G   0.00635  0.002728         0  0.009078         0       256         0         0         0         0         0         0         0
   153/199     2.47G  0.006421   0.00262         0  0.009041         0       256         0         0         0         0         0         0         0
   154/199     2.47G  0.006153  0.002568         0  0.008721         0       256         0         0         0         0         0         0         0
   155/199     2.47G   0.00579  0.002487         0  0.008277         0       256         0         0         0         0         0         0         0
   156/199     2.47G  0.007528  0.002842         0   0.01037         0       256         0         0         0         0         0         0         0
   157/199     2.47G  0.006122  0.002567         0  0.008689         0       256         0         0         0         0         0         0         0
   158/199     2.47G  0.006246  0.002587         0  0.008833         0       256         0         0         0         0         0         0         0
   159/199     2.47G  0.005835  0.002529         0  0.008364         0       256         0         0         0         0         0         0         0
   160/199     2.47G  0.008585  0.003123         0   0.01171         0       256         0         0         0         0         0         0         0
   161/199     2.47G   0.00529  0.002427         0  0.007717         0       256         0         0         0         0         0         0         0
   162/199     2.47G  0.005974  0.002486         0   0.00846         0       256         0         0         0         0         0         0         0
   163/199     2.47G  0.005624  0.002401         0  0.008025         0       256         0         0         0         0         0         0         0
   164/199     2.47G  0.005962  0.002584         0  0.008547         0       256         0         0         0         0         0         0         0
   165/199     2.47G  0.005616  0.002403         0  0.008018         0       256         0         0         0         0         0         0         0
   166/199     2.47G  0.005252   0.00231         0  0.007562         0       256         0         0         0         0         0         0         0
   167/199     2.47G  0.004378  0.002141         0  0.006519         0       256         0         0         0         0         0         0         0
   168/199     2.47G  0.005804  0.002468         0  0.008272         0       256         0         0         0         0         0         0         0
   169/199     2.47G  0.007145  0.002525         0   0.00967         0       256         0         0         0         0         0         0         0
   170/199     2.47G  0.005972  0.002389         0   0.00836         0       256         0         0         0         0         0         0         0
   171/199     2.47G  0.005028  0.002204         0  0.007232         0       256         0         0         0         0         0         0         0
   172/199     2.47G  0.005151  0.002363         0  0.007514         0       256         0         0         0         0         0         0         0
   173/199     2.47G  0.004369  0.002196         0  0.006564         0       256         0         0         0         0         0         0         0
   174/199     2.47G  0.004834  0.002154         0  0.006989         0       256         0         0         0         0         0         0         0
   175/199     2.47G  0.005059  0.002253         0  0.007312         0       256         0         0         0         0         0         0         0
   176/199     2.47G  0.004795  0.002259         0  0.007054         0       256         0         0         0         0         0         0         0
   177/199     2.47G  0.006024  0.002572         0  0.008596         0       256         0         0         0         0         0         0         0
   178/199     2.47G   0.00502  0.002229         0  0.007249         0       256         0         0         0         0         0         0         0
   179/199     2.47G  0.005716  0.002377         0  0.008093         0       256         0         0         0         0         0         0         0
   180/199     2.47G  0.004779  0.002278         0  0.007057         0       256         0         0         0         0         0         0         0
   181/199     2.47G  0.005313  0.002341         0  0.007654         0       256         0         0         0         0         0         0         0
   182/199     2.47G  0.004608  0.002173         0  0.006782         0       256         0         0         0         0         0         0         0
   183/199     2.47G  0.003962  0.002077         0  0.006039         0       256         0         0         0         0         0         0         0
   184/199     2.47G  0.004692  0.002336         0  0.007028         0       256         0         0         0         0         0         0         0
   185/199     2.47G   0.00559  0.002433         0  0.008023         0       256         0         0         0         0         0         0         0
   186/199     2.47G  0.004769  0.002172         0  0.006941         0       256         0         0         0         0         0         0         0
   187/199     2.47G  0.004981  0.002158         0  0.007139         0       256         0         0         0         0         0         0         0
   188/199     2.47G   0.00469  0.002247         0  0.006937         0       256         0         0         0         0         0         0         0
   189/199     2.47G  0.004238  0.002043         0  0.006281         0       256         0         0         0         0         0         0         0
   190/199     2.47G  0.004697  0.002113         0   0.00681         0       256         0         0         0         0         0         0         0
   191/199     2.47G  0.003894  0.001994         0  0.005887         0       256         0         0         0         0         0         0         0
   192/199     2.47G   0.00509   0.00228         0   0.00737         0       256         0         0         0         0         0         0         0
   193/199     2.47G  0.003782  0.001892         0  0.005674         0       256         0         0         0         0         0         0         0
   194/199     2.47G  0.003826  0.001905         0  0.005731         0       256         0         0         0         0         0         0         0
   195/199     2.47G  0.004603  0.002031         0  0.006634         0       256         0         0         0         0         0         0         0
   196/199     2.47G  0.005015  0.002244         0   0.00726         0       256         0         0         0         0         0         0         0
   197/199     2.47G  0.004505  0.002036         0  0.006541         0       256         0         0         0         0         0         0         0
   198/199     2.47G  0.004573  0.002059         0  0.006632         0       256         0         0         0         0         0         0         0
   199/199     2.47G  0.004566  0.002067         0  0.006633         0       256    0.8655    0.9195    0.9139    0.6408   0.03048   0.02159         0
