     0/219     1.01G   0.09232   0.03103         0    0.1234         0       256         0         0 0.0003402 6.087e-05   0.09862   0.03418         0
     1/219     1.01G   0.07788   0.03311         0     0.111         0       256         0         0     0.001 0.0001621   0.09265   0.03531         0
     2/219     1.01G   0.07044   0.03362         0    0.1041         0       256         0         0   0.01188  0.002268   0.07505   0.03889         0
     3/219     1.01G   0.05958   0.03351         0   0.09309         0       256         0         0    0.1661   0.03623   0.06864   0.03334         0
     4/219     1.01G   0.05452   0.02839         0   0.08291         0       256    0.1961    0.9286    0.5464    0.2466   0.06951   0.02644         0
     5/219     1.01G   0.05946   0.02239         0   0.08186         0       256    0.1535    0.2527    0.2057   0.03702   0.06461   0.02627         0
     6/219     1.01G   0.05532   0.02169         0   0.07701         0       256    0.2512    0.9286     0.411    0.1372   0.06211   0.02329         0
     7/219     1.01G   0.05946   0.01883         0   0.07829         0       256    0.3448     0.639    0.4547    0.1341   0.06303   0.02449         0
     8/219     1.01G   0.05444   0.01928         0   0.07372         0       256    0.1624    0.8214    0.3579   0.06894   0.06907   0.01931         0
     9/219     1.01G   0.05935   0.01722         0   0.07657         0       256    0.2622    0.3929    0.3046    0.0907   0.06475   0.02433         0
    10/219     1.01G   0.05792   0.01832         0   0.07625         0       256   0.07655    0.9286    0.4813    0.1615   0.09809   0.01535         0
    11/219     1.01G   0.07388   0.01612         0      0.09         0       256    0.2876      0.75    0.4706    0.1348   0.07378   0.02106         0
    12/219     1.01G   0.06421   0.01786         0   0.08207         0       256     0.249    0.8214    0.5285    0.1928   0.05856   0.02389         0
    13/219     1.01G   0.05583    0.0165         0   0.07234         0       256    0.1848    0.9643    0.4196    0.1677   0.06432   0.02089         0
    14/219     1.01G   0.04967   0.01941         0   0.06908         0       256    0.2134    0.9643    0.5258    0.1443   0.05237    0.0209         0
    15/219     1.01G   0.05244   0.01713         0   0.06957         0       256    0.4808    0.6786     0.649     0.181   0.05819   0.02715         0
    16/219     1.01G   0.05513   0.02298         0   0.07811         0       256    0.1931    0.9643    0.2757   0.04316   0.05524   0.02358         0
    17/219     1.01G    0.0488     0.018         0   0.06681         0       256     0.186    0.9286    0.4607    0.1509   0.05898   0.02122         0
    18/219     1.01G   0.04811   0.01598         0   0.06409         0       256    0.1466    0.9643    0.5719    0.2584   0.04822   0.01918         0
    19/219     1.01G    0.0447   0.01275         0   0.05745         0       256    0.2068    0.9643    0.4345   0.09233   0.05557   0.01826         0
    20/219     1.02G    0.0479   0.01448         0   0.06238         0       256    0.2211    0.8929    0.5946    0.2006    0.0547   0.02005         0
    21/219     1.02G   0.05033   0.01416         0   0.06449         0       256    0.1891    0.9643     0.429    0.1726   0.05359   0.01965         0
    22/219     1.02G   0.04602    0.0135         0   0.05952         0       256    0.2387    0.9286    0.6529    0.3755   0.04528    0.0199         0
    23/219     1.02G   0.03699   0.01257         0   0.04956         0       256    0.1502    0.9643    0.6151    0.2145   0.04596   0.01851         0
    24/219     1.02G   0.04173   0.01259         0   0.05432         0       256    0.3127    0.9643    0.7847    0.3746   0.04058   0.02029         0
    25/219     1.02G   0.03926   0.01237         0   0.05162         0       256    0.2767    0.9643    0.6885    0.4048    0.0459   0.01825         0
    26/219     1.02G   0.03513   0.01191         0   0.04704         0       256    0.4521    0.9643    0.8297    0.5444   0.03815   0.01818         0
    27/219     1.02G   0.02942   0.01034         0   0.03976         0       256    0.3357    0.9286    0.7806    0.4727   0.04094   0.01753         0
    28/219     1.02G   0.03557   0.00979         0   0.04536         0       256    0.3104    0.9286    0.7868    0.4538   0.04169   0.01805         0
    29/219     1.02G    0.0358   0.01015         0   0.04596         0       256    0.4267    0.8214    0.6837    0.4139   0.04938   0.02113         0
    30/219     1.02G   0.03617   0.01003         0    0.0462         0       256    0.3223    0.9286    0.8866    0.5281   0.03831   0.01793         0
    31/219     1.02G   0.03011  0.009223         0   0.03933         0       256    0.4255    0.9286    0.8652    0.4248   0.04048   0.01787         0
    32/219     1.02G   0.03536  0.009017         0   0.04438         0       256    0.3683    0.9286    0.8302    0.4109   0.03616   0.01848         0
    33/219     1.02G   0.03133  0.008453         0   0.03979         0       256    0.5022    0.9643     0.894    0.5459   0.03471   0.01963         0
    34/219     1.02G   0.02752  0.008434         0   0.03596         0       256    0.4863    0.9643    0.8453    0.5552   0.03503   0.01921         0
    35/219     1.02G   0.02483  0.007835         0   0.03267         0       256    0.4539    0.8929    0.7983     0.434    0.0361   0.01941         0
    36/219     1.02G   0.02627  0.007639         0   0.03391         0       256    0.6537    0.8929    0.8641    0.5582    0.0366   0.02002         0
    37/219     1.02G    0.0246  0.007229         0   0.03182         0       256    0.7157    0.8571    0.8672     0.604   0.03607   0.02021         0
    38/219     1.02G   0.02623  0.007219         0   0.03345         0       256    0.6159    0.9286    0.8783     0.553   0.03442   0.01856         0
    39/219     1.02G   0.02339  0.007283         0   0.03068         0       256    0.6256    0.9643    0.9219    0.5977   0.03377   0.01755         0
    40/219     1.02G   0.02916  0.007595         0   0.03675         0       256    0.5341    0.9643    0.8552    0.5092   0.03361   0.01884         0
    41/219     1.02G   0.02332  0.007323         0   0.03065         0       256    0.6842    0.9643    0.9201    0.6344   0.03086   0.01775         0
    42/219     1.02G   0.02303  0.006861         0   0.02989         0       256    0.6271    0.9643    0.9324    0.5793   0.03109   0.01709         0
    43/219     1.02G   0.02043  0.006821         0   0.02725         0       256    0.5784    0.9643    0.9203    0.6147   0.03201   0.01724         0
    44/219     1.02G    0.0226  0.006718         0   0.02931         0       256    0.5604    0.9286    0.8728    0.5622   0.03403    0.0188         0
    45/219     1.02G   0.02321  0.006807         0   0.03001         0       256    0.6228    0.9286    0.9058    0.5414   0.03482   0.01861         0
    46/219     1.02G   0.02377  0.006818         0   0.03059         0       256    0.6656    0.9286    0.9132    0.6419   0.03251   0.01914         0
    47/219     1.02G   0.02036   0.00635         0   0.02671         0       256    0.7281    0.9286      0.93    0.5629   0.03236    0.0186         0
    48/219     1.02G   0.02122  0.006374         0   0.02759         0       256    0.7338    0.9286    0.9253    0.6023   0.03279   0.01927         0
    49/219     1.02G   0.02295  0.006369         0   0.02932         0       256    0.6795    0.8929    0.8671    0.5746   0.03649   0.01979         0
    50/219     1.02G   0.02183  0.006753         0   0.02858         0       256     0.807    0.8962    0.9221      0.63   0.03194   0.02033         0
    51/219     1.02G   0.01777  0.005963         0   0.02373         0       256    0.6937    0.9643    0.9343    0.6214   0.03344   0.01796         0
    52/219     1.02G   0.02426  0.006501         0   0.03076         0       256    0.5657    0.9643    0.9334    0.6772   0.03669   0.01792         0
    53/219     1.02G   0.02504  0.007124         0   0.03216         0       256    0.6679    0.9643    0.9394    0.6064   0.03321   0.02023         0
    54/219     1.02G   0.01726  0.006412         0   0.02368         0       256    0.5556    0.9643    0.9304    0.6513   0.03135   0.01832         0
    55/219     1.02G   0.02031   0.00601         0   0.02632         0       256    0.4125    0.9643    0.9203    0.6291   0.03324   0.01769         0
    56/219     1.02G    0.0236  0.006327         0   0.02992         0       256    0.5985    0.9643    0.9386    0.6104   0.03296   0.01782         0
    57/219     1.02G   0.02021  0.006197         0   0.02641         0       256    0.6533    0.9643    0.9358    0.6247   0.03321   0.01861         0
    58/219     1.02G   0.01992  0.005991         0   0.02591         0       256     0.686    0.9286    0.9375    0.6741   0.03115   0.01868         0
    59/219     1.02G   0.01852  0.005744         0   0.02427         0       256    0.7114    0.8929    0.9246     0.657   0.03269    0.0188         0
    60/219     1.02G   0.01779  0.005774         0   0.02357         0       256    0.7552    0.8929    0.9233    0.6276    0.0319   0.01922         0
    61/219     1.02G   0.01934  0.005746         0   0.02508         0       256     0.867    0.8929    0.8992    0.5526   0.03542   0.02084         0
    62/219     1.02G   0.01732  0.005743         0   0.02306         0       256    0.8762    0.8929    0.9012    0.6152   0.03203   0.02164         0
    63/219     1.02G    0.0173  0.005412         0   0.02272         0       256    0.8993    0.8929    0.9079      0.65   0.03311   0.02081         0
    64/219     1.02G   0.01862  0.005686         0   0.02431         0       256     0.798    0.8929     0.897    0.5603     0.034   0.02069         0
    65/219     1.02G   0.01733  0.005709         0   0.02304         0       256    0.8066    0.8929    0.8931    0.5632   0.03298   0.02104         0
    66/219     1.02G    0.0174  0.005395         0   0.02279         0       256    0.7176    0.8929    0.9203    0.5792   0.03139   0.02037         0
    67/219     1.02G   0.01649  0.005538         0   0.02203         0       256    0.7921    0.8929    0.9241    0.6345   0.03164   0.02013         0
    68/219     1.02G   0.01666  0.005604         0   0.02227         0       256    0.7922    0.8929    0.9248     0.649   0.03203    0.0208         0
    69/219     1.02G   0.01574  0.005175         0   0.02092         0       256    0.7728    0.9286    0.9132    0.5752    0.0341    0.0206         0
    70/219     1.02G   0.01966   0.00553         0   0.02519         0       256    0.8411    0.8929     0.927    0.6393   0.03239   0.02096         0
    71/219     1.02G   0.01524  0.005305         0   0.02054         0       256    0.8419    0.8929    0.9285    0.6526   0.03312   0.02132         0
    72/219     1.02G   0.01722  0.005419         0   0.02263         0       256    0.7127    0.8929    0.9075    0.6102    0.0341   0.02104         0
    73/219     1.02G   0.01546  0.004966         0   0.02043         0       256    0.7498    0.8929    0.9034    0.5279   0.03449   0.02049         0
    74/219     1.02G   0.01585  0.005048         0    0.0209         0       256    0.7943    0.8929    0.9039    0.6159   0.03139   0.02038         0
    75/219     1.02G   0.01421  0.004767         0   0.01897         0       256    0.8182    0.8929    0.9036     0.614   0.03187   0.02049         0
    76/219     1.02G   0.01664    0.0051         0   0.02174         0       256    0.8084    0.8929    0.9094    0.6411    0.0321   0.02045         0
    77/219     1.02G    0.0168  0.005204         0   0.02201         0       256    0.8078    0.8929    0.9177    0.6311   0.03188   0.02037         0
    78/219     1.02G   0.01553  0.004932         0   0.02046         0       256     0.801    0.8929    0.9257    0.6173    0.0304   0.01964         0
    79/219     1.02G    0.0178  0.005454         0   0.02325         0       256    0.7861    0.8929    0.9292    0.6491   0.03023   0.01918         0
    80/219     1.02G    0.0164  0.005357         0   0.02176         0       256    0.8068    0.8947    0.9355    0.6559   0.03032   0.01934         0
    81/219     1.02G   0.01387  0.005025         0    0.0189         0       256    0.7819    0.9286    0.9364    0.5831   0.03016   0.01925         0
    82/219     1.02G   0.01406   0.00488         0   0.01894         0       256    0.7952    0.9286    0.9372    0.6519   0.03004   0.01935         0
    83/219     1.02G   0.01562  0.005077         0    0.0207         0       256    0.8352    0.9049    0.9426    0.6724   0.03089   0.01934         0
    84/219     1.02G   0.01488  0.004988         0   0.01987         0       256    0.7813    0.8929    0.9361    0.6498   0.03045   0.02036         0
    85/219     1.02G   0.01399  0.004791         0   0.01878         0       256    0.7427    0.8929    0.9272    0.6593   0.03006   0.02081         0
    86/219     1.02G   0.01387  0.004636         0   0.01851         0       256     0.738    0.8929     0.923    0.6519   0.03014    0.0206         0
    87/219     1.02G   0.01361  0.004601         0   0.01821         0       256    0.7602    0.8929    0.9223    0.6606   0.03068   0.02107         0
    88/219     1.02G   0.01446  0.005008         0   0.01946         0       256    0.7852     0.914     0.932    0.6372    0.0307   0.02063         0
    89/219     1.02G   0.01333  0.004638         0   0.01797         0       256    0.7535    0.8929    0.9223    0.6271   0.03025   0.02106         0
    90/219     1.02G   0.01228  0.004499         0   0.01678         0       256    0.7978    0.8929    0.9078     0.616   0.03016   0.02072         0
    91/219     1.02G   0.01331  0.004554         0   0.01786         0       256    0.7832    0.8929    0.9156    0.6093   0.03026    0.0207         0
    92/219     1.02G   0.01397  0.004673         0   0.01864         0       256    0.7852    0.8929    0.9174    0.6073   0.03121   0.02146         0
    93/219     1.02G   0.01325   0.00461         0   0.01786         0       256    0.8359    0.8929    0.9215    0.6298    0.0313   0.02165         0
    94/219     1.02G   0.01261  0.004432         0   0.01704         0       256    0.8243    0.8929    0.9274    0.6508   0.03094   0.02147         0
    95/219     1.02G   0.01142  0.004134         0   0.01555         0       256    0.8205    0.8929    0.9237    0.6555   0.03101   0.02134         0
    96/219     1.02G   0.01367  0.004596         0   0.01826         0       256    0.8264    0.8929    0.9278    0.6631   0.03103   0.02156         0
    97/219     1.02G   0.01529  0.004897         0   0.02019         0       256    0.8372    0.8929    0.9254    0.6407   0.03156   0.02249         0
    98/219     1.02G   0.01125  0.004296         0   0.01554         0       256    0.8341    0.8929    0.9364    0.6455   0.03052   0.02104         0
    99/219     1.02G   0.01263    0.0043         0   0.01693         0       256    0.8222    0.8929    0.9289    0.6432   0.03013   0.02087         0
   100/219     1.02G   0.01266  0.004477         0   0.01713         0       256     0.837    0.8929     0.932    0.6053   0.03111   0.02111         0
   101/219     1.02G   0.01197  0.004507         0   0.01647         0       256    0.8446    0.8929    0.9273     0.633   0.03081   0.02211         0
   102/219     1.02G   0.01075  0.004103         0   0.01485         0       256    0.8403    0.8929    0.9282    0.6028   0.03032   0.02129         0
   103/219     1.02G    0.0105  0.003977         0   0.01448         0       256    0.8244    0.8929    0.9269    0.6396   0.03009   0.02117         0
   104/219     1.02G   0.01104   0.00408         0   0.01512         0       256    0.7676    0.8929    0.9163    0.6477   0.03063   0.02113         0
   105/219     1.02G   0.01187  0.004087         0   0.01596         0       256    0.7993    0.8929    0.9105    0.6226   0.03067   0.02118         0
   106/219     1.02G   0.00949   0.00372         0   0.01321         0       256    0.8066    0.8929    0.9174    0.6369   0.03053   0.02131         0
   107/219     1.02G   0.01134  0.004011         0   0.01535         0       256    0.7746    0.8929    0.9132    0.6383   0.03113    0.0216         0
   108/219     1.02G   0.01261  0.004317         0   0.01693         0       256    0.8069    0.8929    0.9082    0.6082   0.03096   0.02199         0
   109/219     1.02G   0.01271  0.004258         0   0.01697         0       256    0.8443    0.8929    0.9079    0.6084   0.03212   0.02266         0
   110/219     1.02G  0.009665  0.003913         0   0.01358         0       256    0.8342    0.8929    0.9159    0.6432   0.03016   0.02193         0
   111/219     1.02G   0.01037  0.003895         0   0.01427         0       256    0.8362    0.8929     0.914    0.6496   0.03089   0.02147         0
   112/219     1.02G   0.01114  0.004005         0   0.01515         0       256    0.8123    0.8929     0.918    0.6349   0.03096   0.02143         0
   113/219     1.02G   0.01026  0.003833         0   0.01409         0       256    0.8188    0.8929    0.9205    0.6612   0.03043   0.02158         0
   114/219     1.02G   0.01043  0.003741         0   0.01417         0       256    0.8097    0.8929     0.919    0.6451   0.03028   0.02158         0
   115/219     1.02G  0.009419  0.003748         0   0.01317         0       256    0.8238    0.8929    0.9233    0.6629   0.03018   0.02174         0
   116/219     1.02G    0.0131  0.004382         0   0.01748         0       256    0.8494    0.8929    0.9203    0.6386   0.03113   0.02233         0
   117/219     1.02G   0.01144  0.004096         0   0.01554         0       256     0.853    0.8929    0.9173    0.6292   0.03118   0.02336         0
   118/219     1.02G  0.008953   0.00368         0   0.01263         0       256    0.8322    0.8929    0.9226     0.653   0.02994   0.02202         0
   119/219     1.02G  0.009527  0.003723         0   0.01325         0       256    0.7481    0.8929    0.9275    0.6449   0.03034    0.0211         0
   120/219     1.02G  0.009585  0.003795         0   0.01338         0       256    0.7199    0.8929    0.9246     0.633   0.03045   0.02072         0
   121/219     1.02G   0.01022  0.003741         0   0.01396         0       256    0.7595    0.8929    0.9258    0.6412    0.0298   0.02099         0
   122/219     1.02G  0.009808  0.003712         0   0.01352         0       256    0.7519    0.8929    0.9258     0.638   0.03046   0.02125         0
   123/219     1.02G  0.009546  0.003591         0   0.01314         0       256    0.7602    0.8929    0.9241    0.6376   0.03065   0.02162         0
   124/219     1.02G    0.0098  0.003913         0   0.01371         0       256    0.7956    0.8929    0.9216    0.6489   0.03049   0.02251         0
   125/219     1.02G  0.009487  0.003629         0   0.01312         0       256    0.8067    0.8929    0.9169    0.6166   0.03157   0.02278         0
   126/219     1.02G  0.009857  0.003713         0   0.01357         0       256    0.7956    0.8929    0.9246    0.6541   0.03035    0.0228         0
   127/219     1.02G  0.009857  0.003729         0   0.01359         0       256    0.7635    0.8929    0.9164    0.6339   0.03094   0.02267         0
   128/219     1.02G  0.009918   0.00382         0   0.01374         0       256    0.7602    0.8929    0.9135    0.6122   0.03161   0.02301         0
   129/219     1.02G  0.009286  0.003676         0   0.01296         0       256    0.7294    0.8929    0.9158    0.6568   0.03076   0.02286         0
   130/219     1.02G  0.008626  0.003483         0   0.01211         0       256    0.7368    0.8929     0.925    0.6464   0.03038   0.02202         0
   131/219     1.02G  0.009615  0.003623         0   0.01324         0       256    0.7552    0.8929    0.9305    0.6541   0.03049   0.02199         0
   132/219     1.02G   0.01007  0.003829         0    0.0139         0       256    0.7657    0.8929    0.9292    0.6585   0.03042   0.02217         0
   133/219     1.02G  0.008587  0.003515         0    0.0121         0       256    0.7606    0.8929    0.9219    0.6374   0.03136   0.02276         0
   134/219     1.02G  0.009144  0.003527         0   0.01267         0       256    0.8036    0.8929     0.928    0.6739   0.03042   0.02247         0
   135/219     1.02G  0.008763   0.00341         0   0.01217         0       256    0.7905    0.8929    0.9223    0.6643   0.03054   0.02237         0
   136/219     1.02G  0.009408  0.003729         0   0.01314         0       256    0.8159    0.8929    0.9203    0.6561   0.03043   0.02239         0
   137/219     1.02G  0.008562  0.003403         0   0.01196         0       256    0.7934    0.8929    0.9225     0.639   0.03049   0.02228         0
   138/219     1.02G  0.006921  0.003147         0   0.01007         0       256    0.8153    0.8929     0.924    0.6345   0.03042   0.02177         0
   139/219     1.02G  0.007856  0.003283         0   0.01114         0       256     0.805    0.8929    0.9184    0.6341   0.03056    0.0219         0
   140/219     1.02G  0.008761  0.003536         0    0.0123         0       256     0.803    0.8929    0.9146    0.6493   0.03011   0.02223         0
   141/219     1.02G  0.007194  0.003081         0   0.01027         0       256    0.7981    0.8929    0.9178    0.6483   0.03065   0.02238         0
   142/219     1.02G  0.007532   0.00317         0    0.0107         0       256     0.834    0.8929    0.9224    0.6697   0.03065   0.02208         0
   143/219     1.02G  0.008495  0.003294         0   0.01179         0       256    0.8391    0.8929    0.9158    0.6487   0.03119   0.02224         0
   144/219     1.02G  0.007593  0.003374         0   0.01097         0       256    0.8427    0.8929    0.9202    0.6695   0.03053   0.02257         0
   145/219     1.02G  0.008075   0.00329         0   0.01136         0       256     0.813    0.8929     0.915    0.6509   0.03079   0.02253         0
   146/219     1.02G  0.007594  0.003146         0   0.01074         0       256    0.8215    0.8929    0.9182     0.636   0.03059   0.02232         0
   147/219     1.02G  0.008261  0.003388         0   0.01165         0       256    0.8075    0.8929    0.9149    0.6442   0.03053   0.02229         0
   148/219     1.02G   0.00802  0.003343         0   0.01136         0       256    0.8105    0.8929    0.9155    0.6353   0.03022   0.02198         0
   149/219     1.02G  0.007157  0.003146         0    0.0103         0       256     0.787    0.8929    0.9197    0.6641   0.03029   0.02194         0
   150/219     1.02G  0.007535  0.003184         0   0.01072         0       256    0.7944    0.8929    0.9239    0.6476   0.02997   0.02156         0
   151/219     1.02G  0.006154  0.002947         0  0.009101         0       256    0.7764    0.8929    0.9293    0.6612      0.03   0.02145         0
   152/219     1.02G  0.007423  0.003203         0   0.01063         0       256    0.7554    0.8929    0.9256    0.6388   0.03037   0.02158         0
   153/219     1.02G  0.008979  0.003295         0   0.01227         0       256    0.8069    0.8929    0.9289    0.6251   0.03097   0.02189         0
   154/219     1.02G  0.007922  0.003212         0   0.01113         0       256    0.8009    0.8929    0.9321    0.6502    0.0306   0.02202         0
   155/219     1.02G  0.006952  0.003063         0   0.01002         0       256    0.8238    0.8929    0.9313    0.6544    0.0307   0.02228         0
   156/219     1.02G  0.006354  0.003024         0  0.009379         0       256     0.825    0.8929    0.9258    0.6404   0.03064   0.02253         0
   157/219     1.02G  0.006372  0.002921         0  0.009292         0       256    0.7624    0.8929    0.9233    0.6287   0.03064   0.02255         0
   158/219     1.02G  0.007135   0.00298         0   0.01012         0       256    0.7656    0.8929    0.9229    0.6366   0.03034   0.02217         0
   159/219     1.02G  0.006805  0.003013         0  0.009818         0       256    0.7446    0.8929    0.9174    0.6309   0.03087   0.02253         0
   160/219     1.02G  0.006242  0.002959         0  0.009201         0       256    0.7662    0.8929    0.9177    0.6573   0.03074   0.02281         0
   161/219     1.02G  0.006633  0.002952         0  0.009585         0       256    0.7452    0.8929    0.9159    0.6255   0.03102   0.02282         0
   162/219     1.02G   0.00626  0.002851         0  0.009111         0       256    0.7696    0.8929    0.9249    0.6541   0.03001   0.02271         0
   163/219     1.02G   0.00719  0.002993         0   0.01018         0       256    0.7911    0.8929    0.9184    0.6418   0.03054   0.02291         0
   164/219     1.02G  0.007094  0.003077         0   0.01017         0       256    0.8146    0.8929      0.92    0.6535   0.03031   0.02314         0
   165/219     1.02G  0.008159  0.003351         0   0.01151         0       256    0.8345    0.8929    0.9166    0.6451   0.03071   0.02347         0
   166/219     1.02G  0.005457  0.002693         0   0.00815         0       256    0.8438    0.8929     0.921    0.6429   0.03038   0.02311         0
   167/219     1.02G   0.00577  0.002791         0  0.008561         0       256    0.8367    0.8929    0.9196    0.6545   0.03056   0.02324         0
   168/219     1.02G  0.007218  0.003115         0   0.01033         0       256    0.8136    0.8929    0.9183    0.6525   0.03066   0.02284         0
   169/219     1.02G  0.006816  0.002927         0  0.009743         0       256    0.8194    0.8929    0.9229    0.6696   0.03068   0.02296         0
   170/219     1.02G  0.005977  0.002732         0  0.008709         0       256    0.7798    0.8929    0.9235    0.6639   0.03045   0.02262         0
   171/219     1.02G  0.005195   0.00264         0  0.007835         0       256    0.8139    0.8929    0.9238    0.6532    0.0307   0.02271         0
   172/219     1.02G  0.006482  0.002946         0  0.009428         0       256    0.8036    0.8929    0.9255    0.6418   0.03058   0.02267         0
   173/219     1.02G  0.006498  0.002816         0  0.009314         0       256    0.8049    0.8929    0.9301    0.6645   0.03018    0.0228         0
   174/219     1.02G  0.005276  0.002635         0   0.00791         0       256    0.7979    0.8929    0.9335    0.6681   0.03017    0.0223         0
   175/219     1.02G  0.005513  0.002668         0  0.008181         0       256    0.7943    0.8929    0.9308    0.6612   0.03012   0.02244         0
   176/219     1.02G  0.006803  0.002927         0   0.00973         0       256    0.7824    0.8929    0.9265    0.6448   0.03032   0.02247         0
   177/219     1.02G  0.005973   0.00264         0  0.008614         0       256    0.8083    0.8929    0.9282    0.6702   0.03006   0.02272         0
   178/219     1.02G  0.005768  0.002669         0  0.008437         0       256    0.8098    0.8929    0.9307    0.6642   0.02992   0.02238         0
   179/219     1.02G  0.005559   0.00267         0  0.008229         0       256     0.835    0.8929    0.9295    0.6667   0.03003   0.02266         0
   180/219     1.02G   0.00621  0.002812         0  0.009022         0       256    0.8149    0.8929    0.9248    0.6698   0.03021    0.0228         0
   181/219     1.02G  0.005356  0.002551         0  0.007907         0       256    0.8336    0.8929    0.9233    0.6518   0.03055   0.02304         0
   182/219     1.02G  0.005334  0.002553         0  0.007887         0       256    0.8282    0.8929    0.9255    0.6703   0.03027   0.02272         0
   183/219     1.02G  0.005371  0.002594         0  0.007966         0       256     0.833    0.8929    0.9205    0.6623   0.03016   0.02297         0
   184/219     1.02G  0.005657  0.002734         0  0.008391         0       256    0.8208    0.8929     0.921    0.6606   0.03027   0.02304         0
   185/219     1.02G  0.005308  0.002561         0  0.007869         0       256    0.8172    0.8929    0.9201    0.6585   0.03051   0.02303         0
   186/219     1.02G  0.005406  0.002529         0  0.007936         0       256    0.8174    0.8929    0.9229    0.6589   0.03019   0.02285         0
   187/219     1.02G   0.00523   0.00255         0   0.00778         0       256    0.7962    0.8929    0.9201    0.6561   0.03027   0.02301         0
   188/219     1.02G    0.0052  0.002606         0  0.007806         0       256    0.7969    0.8929    0.9207    0.6549   0.03035   0.02293         0
   189/219     1.02G  0.004712   0.00242         0  0.007131         0       256    0.8212    0.8929    0.9232    0.6608   0.03031   0.02286         0
   190/219     1.02G  0.004509  0.002378         0  0.006888         0       256    0.8015    0.8929    0.9245    0.6541   0.02981   0.02223         0
   191/219     1.02G  0.004869  0.002432         0  0.007301         0       256    0.7971    0.8929    0.9272    0.6545   0.02999   0.02239         0
   192/219     1.02G  0.004829  0.002553         0  0.007382         0       256     0.778    0.8929    0.9241    0.6705   0.03007   0.02256         0
   193/219     1.02G  0.004455  0.002368         0  0.006823         0       256    0.7831    0.8929    0.9222    0.6436   0.03031    0.0227         0
   194/219     1.02G  0.004559  0.002351         0   0.00691         0       256    0.7835    0.8929     0.924    0.6644   0.02997   0.02243         0
   195/219     1.02G  0.003986  0.002277         0  0.006263         0       256    0.7729    0.8929    0.9206    0.6526   0.03003   0.02264         0
   196/219     1.02G   0.00474  0.002457         0  0.007197         0       256    0.7562    0.8929     0.919    0.6403   0.03049   0.02281         0
   197/219     1.02G  0.004555   0.00234         0  0.006896         0       256    0.7656    0.8929    0.9186    0.6431   0.03067   0.02293         0
   198/219     1.02G  0.004813  0.002389         0  0.007202         0       256    0.7618    0.8929     0.921    0.6442   0.03004   0.02255         0
   199/219     1.02G  0.005013  0.002439         0  0.007452         0       256    0.7799    0.8929     0.921    0.6529   0.03043   0.02286         0
   200/219     1.02G  0.005524  0.002642         0  0.008166         0       256    0.7933    0.8929    0.9227    0.6667   0.03043   0.02314         0
   201/219     1.02G  0.004812  0.002363         0  0.007175         0       256    0.7825    0.8929    0.9231     0.668    0.0304   0.02341         0
   202/219     1.02G  0.004691  0.002317         0  0.007008         0       256    0.7745    0.8929    0.9256    0.6671   0.03034   0.02314         0
   203/219     1.02G  0.004257  0.002335         0  0.006592         0       256    0.7829    0.8929     0.925    0.6703    0.0305   0.02333         0
   204/219     1.02G  0.004192  0.002288         0   0.00648         0       256     0.808    0.8929    0.9252     0.662   0.03051   0.02337         0
   205/219     1.02G  0.004433  0.002302         0  0.006735         0       256    0.8368    0.8929    0.9251    0.6725   0.03056   0.02342         0
   206/219     1.02G  0.004713  0.002331         0  0.007044         0       256    0.8334    0.8929    0.9282    0.6736   0.03033   0.02294         0
   207/219     1.02G  0.004506  0.002298         0  0.006804         0       256    0.8338    0.8929    0.9246    0.6572   0.03048   0.02309         0
   208/219     1.02G  0.004231  0.002304         0  0.006535         0       256     0.834    0.8929     0.925    0.6623    0.0302    0.0231         0
   209/219     1.02G  0.004556   0.00232         0  0.006877         0       256    0.8242    0.8929     0.924    0.6641   0.03038   0.02299         0
   210/219     1.02G  0.004387  0.002278         0  0.006665         0       256    0.8023    0.8929    0.9227    0.6591   0.03022   0.02277         0
   211/219     1.02G  0.004435  0.002251         0  0.006686         0       256    0.7564    0.8929    0.9206    0.6464   0.03047   0.02298         0
   212/219     1.02G  0.004413  0.002364         0  0.006778         0       256    0.7688    0.8929    0.9194    0.6563   0.03047   0.02329         0
   213/219     1.02G  0.004542  0.002324         0  0.006866         0       256    0.7719    0.8929    0.9194    0.6463   0.03047   0.02334         0
   214/219     1.02G  0.004437  0.002264         0  0.006702         0       256    0.7811    0.8929    0.9206    0.6614    0.0303    0.0232         0
   215/219     1.02G  0.004063  0.002201         0  0.006265         0       256    0.7728    0.8929    0.9202     0.652   0.03041   0.02336         0
   216/219     1.02G  0.004429  0.002374         0  0.006803         0       256    0.7802    0.8929    0.9222    0.6623   0.03058   0.02318         0
   217/219     1.02G  0.004597  0.002297         0  0.006894         0       256    0.7776    0.8929    0.9237    0.6676    0.0304   0.02321         0
   218/219     1.02G   0.00406   0.00219         0   0.00625         0       256    0.7935    0.8929    0.9251    0.6514   0.03033   0.02301         0
   219/219     1.02G  0.004246  0.002241         0  0.006486         0       256    0.7919    0.8929    0.9231    0.6447   0.03043   0.02328         0
