     0/219     2.47G   0.08539  0.001983         0   0.08738         0       256         0         0  8.19e-05 9.973e-06   0.09341  0.002886         0
     1/219     2.47G    0.0743  0.003326         0   0.07763         0       256         0         0  0.001576 0.0003494   0.08634  0.003713         0
     2/219     2.47G   0.06825  0.003968         0   0.07222         0       256         0         0 0.0005502  9.72e-05   0.08023  0.004654         0
     3/219     2.47G   0.06216  0.005013         0   0.06718         0       256         0         0  0.001819 0.0002802    0.0727  0.005826         0
     4/219     2.47G    0.0561  0.005965         0   0.06206         0       256         0         0   0.01114  0.002548   0.05792  0.007225         0
     5/219     2.47G   0.04879  0.006516         0    0.0553         0       256         0         0   0.01155  0.002078   0.05153  0.007833         0
     6/219     2.47G   0.04607  0.006386         0   0.05245         0       256         0         0   0.01823  0.003171   0.05308  0.007735         0
     7/219     2.47G   0.04694  0.006295         0   0.05324         0       256         0         0   0.02181  0.004441   0.05424  0.007336         0
     8/219     2.47G   0.04323  0.006626         0   0.04986         0       256         1   0.03571    0.1933   0.04958   0.05359  0.007051         0
     9/219     2.47G   0.04887   0.00597         0   0.05484         0       256         0         0    0.1222   0.03705   0.04931  0.007799         0
    10/219     2.47G   0.04002   0.00686         0   0.04688         0       256         0         0    0.1114   0.04065   0.04876  0.007772         0
    11/219     2.47G    0.0453  0.006163         0   0.05146         0       256         0         0   0.02305  0.003411   0.06408  0.005852         0
    12/219     2.47G   0.05526  0.004914         0   0.06017         0       256     0.433    0.1071     0.125   0.05784   0.05068  0.007502         0
    13/219     2.47G   0.04155   0.00673         0   0.04828         0       256    0.4052      0.25    0.2129   0.06532   0.05049   0.00743         0
    14/219     2.47G   0.04286  0.006087         0   0.04895         0       256     0.242    0.4643    0.2633   0.09207   0.04009  0.008119         0
    15/219     2.47G   0.03759  0.006488         0   0.04408         0       256    0.1261    0.3929    0.1323   0.04634   0.04498  0.007081         0
    16/219     2.47G   0.04529  0.005295         0   0.05058         0       256    0.1284    0.4643    0.1411   0.02691   0.04728  0.006837         0
    17/219     2.47G   0.04333  0.005837         0   0.04916         0       256    0.1491    0.2857    0.1256   0.05737   0.03702  0.008234         0
    18/219     2.47G   0.03645  0.006355         0    0.0428         0       256    0.1089      0.25   0.09765   0.02637   0.04538  0.007329         0
    19/219     2.47G    0.0368  0.006257         0   0.04305         0       256    0.1559    0.2857    0.1197   0.03709   0.04462  0.007016         0
    20/219     2.47G    0.0391  0.005755         0   0.04486         0       256    0.2064       0.5    0.2776   0.09924   0.04268   0.00711         0
    21/219     2.47G   0.03612  0.006007         0   0.04212         0       256    0.1397    0.4643    0.2509    0.1241   0.04094  0.007088         0
    22/219     2.47G   0.03314  0.006098         0   0.03924         0       256    0.1224    0.6786    0.3116    0.1707   0.03483   0.00736         0
    23/219     2.47G    0.0295  0.006146         0   0.03564         0       256    0.1303      0.75    0.3538     0.201   0.03501  0.006922         0
    24/219     2.47G   0.03109  0.005665         0   0.03675         0       256     0.151    0.8929    0.4668    0.2278   0.04429  0.006279         0
    25/219     2.47G   0.03436  0.005474         0   0.03984         0       256   0.08534    0.9643    0.4173     0.195    0.0368  0.006296         0
    26/219     2.47G   0.03144  0.005335         0   0.03678         0       256   0.06735    0.8929    0.4264    0.2379   0.03488   0.00637         0
    27/219     2.47G   0.02846  0.005429         0   0.03389         0       256   0.06663    0.8929    0.4373    0.1423   0.03954  0.005854         0
    28/219     2.47G   0.03274  0.004957         0    0.0377         0       256   0.09291    0.9643    0.4857    0.2462   0.04048  0.006018         0
    29/219     2.47G   0.03477  0.004744         0   0.03952         0       256    0.1548    0.8214    0.5108     0.268   0.04197  0.005818         0
    30/219     2.47G   0.02733  0.005298         0   0.03263         0       256    0.1753      0.75    0.4711    0.3017   0.03327  0.006236         0
    31/219     2.47G   0.02419   0.00508         0   0.02927         0       256    0.1261    0.8571    0.5053    0.2649   0.03155  0.005779         0
    32/219     2.47G   0.02531  0.004672         0   0.02998         0       256    0.1143    0.8929    0.6333    0.3079   0.03104  0.005518         0
    33/219     2.47G   0.02495  0.004535         0   0.02948         0       256    0.1101         1    0.6713     0.312     0.032  0.005336         0
    34/219     2.47G   0.02431  0.004473         0   0.02878         0       256    0.1265         1     0.712    0.4619   0.03008  0.005354         0
    35/219     2.47G   0.02148  0.004439         0   0.02592         0       256    0.1266         1    0.7118    0.4754   0.03453   0.00489         0
    36/219     2.47G   0.02965  0.003877         0   0.03353         0       256     0.179    0.9643    0.6378    0.3969   0.03219  0.005337         0
    37/219     2.47G   0.02341   0.00433         0   0.02774         0       256    0.1825    0.9643    0.6636    0.4467   0.02978  0.005282         0
    38/219     2.47G   0.01921  0.004174         0   0.02339         0       256    0.1247         1    0.7001    0.4225   0.03092   0.00489         0
    39/219     2.47G   0.01953  0.003908         0   0.02344         0       256    0.1129         1    0.7191    0.5024   0.02877  0.004674         0
    40/219     2.47G   0.02011  0.003704         0   0.02381         0       256    0.1249         1    0.7722    0.5036   0.02864  0.004512         0
    41/219     2.47G   0.02346  0.003367         0   0.02682         0       256    0.1212         1    0.7605    0.5469   0.02939  0.004516         0
    42/219     2.47G   0.01976   0.00352         0   0.02328         0       256    0.1416         1    0.8316    0.5468   0.02843  0.004331         0
    43/219     2.47G   0.02182  0.003284         0    0.0251         0       256    0.1723         1    0.8318    0.6036   0.02605  0.004359         0
    44/219     2.47G   0.01921  0.003258         0   0.02247         0       256    0.1748         1    0.8569     0.529   0.02769  0.004195         0
    45/219     2.47G   0.02068  0.003247         0   0.02393         0       256     0.196         1    0.8087      0.52   0.02744  0.004312         0
    46/219     2.47G   0.01921  0.003232         0   0.02244         0       256    0.2284         1    0.8046    0.5399   0.02692  0.004261         0
    47/219     2.47G   0.01821  0.003046         0   0.02125         0       256    0.2547         1     0.803    0.5459   0.02803  0.004034         0
    48/219     2.47G   0.01938  0.002815         0    0.0222         0       256    0.2823         1    0.7987    0.5688   0.02674  0.003995         0
    49/219     2.47G   0.01692   0.00272         0   0.01964         0       256    0.3211         1    0.8146    0.5522   0.02707  0.003964         0
    50/219     2.47G   0.01816  0.002647         0   0.02081         0       256    0.3007    0.9643    0.8456    0.6136   0.02551  0.003924         0
    51/219     2.47G   0.01693  0.002541         0   0.01947         0       256    0.2843    0.9643    0.8492    0.5431   0.02815  0.003907         0
    52/219     2.47G   0.02042  0.002504         0   0.02292         0       256    0.2999    0.9643    0.8647    0.6342   0.02673  0.004077         0
    53/219     2.47G   0.01584  0.002431         0   0.01827         0       256     0.276    0.9643    0.8828    0.5794   0.02732  0.003872         0
    54/219     2.47G   0.01635  0.002293         0   0.01865         0       256    0.2513    0.9643    0.8933    0.6016   0.02546  0.003611         0
    55/219     2.47G   0.01655  0.002198         0   0.01875         0       256    0.2668    0.9643    0.9053    0.6629   0.02702  0.003554         0
    56/219     2.47G   0.01633   0.00224         0   0.01857         0       256    0.2325    0.9643    0.9095    0.6365    0.0275  0.003475         0
    57/219     2.47G   0.02001  0.002222         0   0.02223         0       256    0.2785    0.9643    0.8851    0.6026   0.02915  0.003749         0
    58/219     2.47G   0.01778  0.002421         0    0.0202         0       256    0.2482    0.9286    0.8656    0.6292   0.02664   0.00387         0
    59/219     2.47G   0.01475  0.002209         0   0.01696         0       256    0.2398    0.9643    0.8864     0.656   0.02623  0.003543         0
    60/219     2.47G    0.0175  0.002003         0    0.0195         0       256     0.213    0.9643    0.8865    0.5948   0.02821   0.00337         0
    61/219     2.47G   0.02008  0.001992         0   0.02207         0       256    0.2312    0.9643    0.8785    0.6025   0.02684  0.003597         0
    62/219     2.47G   0.01459  0.002096         0   0.01669         0       256    0.2463    0.9643    0.8602    0.6111   0.02613  0.003559         0
    63/219     2.47G   0.01309  0.002047         0   0.01514         0       256    0.2453    0.9643    0.8582    0.5606   0.02676  0.003451         0
    64/219     2.47G   0.01648   0.00204         0   0.01852         0       256    0.2862    0.9643    0.8842    0.6177    0.0255  0.003552         0
    65/219     2.47G   0.01619  0.001997         0   0.01818         0       256    0.2733    0.9643    0.8843    0.6081   0.02656  0.003711         0
    66/219     2.47G    0.0145  0.002105         0    0.0166         0       256    0.2049         1    0.8911    0.6553   0.02435  0.003579         0
    67/219     2.47G   0.01282  0.001834         0   0.01465         0       256    0.2172         1    0.8832    0.6399   0.02471  0.003443         0
    68/219     2.47G   0.01619  0.001726         0   0.01792         0       256    0.1996         1    0.8866    0.5909   0.02698  0.003315         0
    69/219     2.47G   0.01735  0.001807         0   0.01916         0       256    0.2272         1    0.8864    0.6371   0.02581  0.003505         0
    70/219     2.47G   0.01291  0.001788         0    0.0147         0       256    0.2251         1    0.8932    0.6612   0.02408  0.003434         0
    71/219     2.47G   0.01424  0.001693         0   0.01593         0       256    0.2252    0.9964    0.8839    0.6438    0.0251  0.003351         0
    72/219     2.47G   0.01558  0.001815         0   0.01739         0       256    0.2476    0.9643    0.8973    0.6372   0.02514  0.003514         0
    73/219     2.47G   0.01458  0.001765         0   0.01634         0       256    0.2618    0.9643    0.9195    0.6562   0.02522  0.003442         0
    74/219     2.47G   0.01253   0.00163         0   0.01416         0       256    0.2373    0.9643    0.9094    0.6265   0.02524  0.003251         0
    75/219     2.47G   0.01285  0.001565         0   0.01441         0       256    0.2091    0.9643    0.9028    0.6467   0.02724  0.003285         0
    76/219     2.47G   0.01737  0.001608         0   0.01898         0       256     0.252    0.9643    0.8867    0.6599   0.02664  0.003582         0
    77/219     2.47G   0.01239  0.001742         0   0.01413         0       256    0.2914    0.9643    0.9054    0.6293   0.02659  0.003586         0
    78/219     2.47G   0.01405  0.001598         0   0.01564         0       256    0.2958    0.9643    0.9017    0.6551   0.02598  0.003457         0
    79/219     2.47G   0.01238  0.001557         0   0.01393         0       256    0.3116    0.9643     0.909     0.665   0.02561  0.003386         0
    80/219     2.47G   0.01327   0.00156         0   0.01483         0       256    0.3065    0.9643    0.9156    0.6115     0.026   0.00357         0
    81/219     2.47G   0.01603  0.001528         0   0.01756         0       256    0.2987    0.9643    0.8961     0.634   0.02616  0.003732         0
    82/219     2.47G   0.01167  0.001531         0    0.0132         0       256    0.2869    0.9643    0.9038    0.6527    0.0256  0.003519         0
    83/219     2.47G   0.01281   0.00142         0   0.01423         0       256     0.303    0.9643    0.9072    0.6656   0.02563   0.00333         0
    84/219     2.47G   0.01335  0.001354         0    0.0147         0       256    0.2891    0.9643    0.9081    0.6446   0.02533  0.003251         0
    85/219     2.47G   0.01242  0.001329         0   0.01375         0       256    0.2939    0.9643    0.9036     0.634    0.0253  0.003324         0
    86/219     2.47G   0.01101  0.001346         0   0.01236         0       256    0.2699    0.9643    0.9098    0.6696   0.02539   0.00315         0
    87/219     2.47G   0.01227  0.001246         0   0.01351         0       256     0.287    0.9643    0.9115    0.6323   0.02581  0.003118         0
    88/219     2.47G   0.01598  0.001298         0   0.01728         0       256    0.3017    0.9643    0.9073    0.6706   0.02565  0.003378         0
    89/219     2.47G   0.01182  0.001443         0   0.01327         0       256    0.3748    0.9643     0.916    0.6579    0.0267  0.003711         0
    90/219     2.47G   0.01195  0.001433         0   0.01338         0       256    0.4015    0.9643    0.9145    0.6536   0.02531  0.003522         0
    91/219     2.47G   0.01262  0.001311         0   0.01394         0       256    0.3552    0.9643    0.9073    0.6464   0.02668  0.003287         0
    92/219     2.47G   0.01374  0.001273         0   0.01501         0       256    0.3368    0.9643    0.9182    0.6521   0.02597  0.003303         0
    93/219     2.47G   0.01293  0.001335         0   0.01426         0       256     0.387    0.9643    0.9185    0.6702   0.02564  0.003394         0
    94/219     2.47G   0.01009  0.001277         0   0.01136         0       256    0.3335    0.9643    0.9241    0.6532   0.02638  0.003226         0
    95/219     2.47G   0.01316  0.001222         0   0.01438         0       256    0.3085    0.9643     0.919    0.6469   0.02575  0.003142         0
    96/219     2.47G   0.01227   0.00121         0   0.01348         0       256    0.2744    0.9643    0.9194    0.6613   0.02426  0.003188         0
    97/219     2.47G   0.01076  0.001129         0   0.01189         0       256    0.2367    0.9643    0.9179    0.6383   0.02551  0.003214         0
    98/219     2.47G   0.01033  0.001082         0   0.01141         0       256    0.2111         1    0.9219    0.6414    0.0253  0.002906         0
    99/219     2.47G   0.01125  0.001001         0   0.01225         0       256    0.2349    0.9643    0.9124    0.6177   0.02647  0.002899         0
   100/219     2.47G   0.01225  0.001072         0   0.01333         0       256    0.2607    0.9643    0.9065    0.6855   0.02571  0.002962         0
   101/219     2.47G   0.01207  0.001102         0   0.01317         0       256    0.3186    0.9643    0.9017    0.6516   0.02622  0.003188         0
   102/219     2.47G   0.01068  0.001162         0   0.01184         0       256     0.346    0.9643    0.8894    0.6432   0.02613   0.00335         0
   103/219     2.47G  0.009512  0.001122         0   0.01063         0       256    0.3569    0.9643    0.8933     0.657   0.02628  0.003282         0
   104/219     2.47G   0.01147  0.001121         0   0.01259         0       256    0.3783    0.9643    0.9009    0.6523     0.025  0.003227         0
   105/219     2.47G  0.009507  0.001047         0   0.01055         0       256    0.3598    0.9643    0.9041    0.6436   0.02546  0.003137         0
   106/219     2.47G   0.01002  0.001039         0   0.01106         0       256    0.3477    0.9643    0.9085    0.6705   0.02474  0.003055         0
   107/219     2.47G  0.009672 0.0009466         0   0.01062         0       256    0.3309    0.9643    0.9087    0.6341    0.0246  0.003051         0
   108/219     2.47G   0.01091 0.0009513         0   0.01186         0       256    0.3192    0.9643    0.9098    0.6561   0.02445  0.003203         0
   109/219     2.47G  0.009582 0.0009805         0   0.01056         0       256    0.3037    0.9643    0.9023     0.671   0.02437  0.003318         0
   110/219     2.47G  0.008792 0.0009789         0  0.009771         0       256    0.2942    0.9643    0.8908     0.659   0.02577  0.003355         0
   111/219     2.47G   0.01084 0.0009964         0   0.01184         0       256    0.3172    0.9643    0.8927    0.6171   0.02598  0.003331         0
   112/219     2.47G   0.01173  0.001017         0   0.01275         0       256    0.3529    0.9643    0.8858    0.6569   0.02607  0.003576         0
   113/219     2.47G  0.009068  0.001014         0   0.01008         0       256    0.3516    0.9643    0.8737    0.6337   0.02591  0.003533         0
   114/219     2.47G  0.008497 0.0009472         0  0.009444         0       256    0.3348    0.9643    0.8902    0.6657   0.02501  0.003275         0
   115/219     2.47G  0.008338 0.0008563         0  0.009195         0       256    0.3106    0.9643    0.8982    0.6754   0.02489  0.003093         0
   116/219     2.47G   0.01065 0.0008781         0   0.01152         0       256    0.3161    0.9643    0.9071    0.6732   0.02442  0.003092         0
   117/219     2.47G  0.009443  0.000878         0   0.01032         0       256    0.3486    0.9643    0.9078    0.6595    0.0247  0.003277         0
   118/219     2.47G  0.008132  0.000899         0  0.009031         0       256     0.324    0.9643    0.9032    0.6672   0.02451  0.003274         0
   119/219     2.47G  0.006775 0.0008551         0   0.00763         0       256    0.3147    0.9643    0.9035    0.6534   0.02468   0.00314         0
   120/219     2.47G  0.009395 0.0008226         0   0.01022         0       256     0.304    0.9643     0.898     0.644   0.02494  0.003089         0
   121/219     2.47G  0.008225 0.0008034         0  0.009029         0       256     0.326    0.9643    0.9003    0.6456   0.02475  0.003118         0
   122/219     2.47G  0.008609 0.0008013         0   0.00941         0       256    0.3498    0.9643    0.9016    0.6638   0.02456  0.003242         0
   123/219     2.47G  0.007798 0.0008087         0  0.008606         0       256    0.3608    0.9643    0.9043    0.6424   0.02522  0.003278         0
   124/219     2.47G  0.009034 0.0008171         0  0.009851         0       256    0.3575    0.9643    0.9093    0.6467     0.025  0.003268         0
   125/219     2.47G  0.009208 0.0007785         0  0.009986         0       256    0.3715    0.9643    0.9089    0.6441   0.02444  0.003284         0
   126/219     2.47G  0.008069 0.0007753         0  0.008845         0       256    0.3518    0.9643    0.9147    0.6559   0.02512  0.003254         0
   127/219     2.47G  0.007698 0.0007585         0  0.008456         0       256    0.3858    0.9643    0.9098    0.6277   0.02522  0.003233         0
   128/219     2.47G  0.008496 0.0007753         0  0.009271         0       256    0.4306    0.9643    0.9005    0.6407   0.02464  0.003244         0
   129/219     2.47G  0.009001 0.0007584         0  0.009759         0       256    0.4078    0.9643    0.9024    0.6378   0.02428   0.00325         0
   130/219     2.47G  0.006887 0.0007448         0  0.007632         0       256    0.3889    0.9643    0.9081    0.6727   0.02431  0.003101         0
   131/219     2.47G  0.008152 0.0007063         0  0.008859         0       256    0.3922    0.9643    0.9085     0.666    0.0246  0.003049         0
   132/219     2.47G  0.008808 0.0007157         0  0.009524         0       256    0.3753    0.9643    0.9102    0.6897   0.02458  0.002985         0
   133/219     2.47G  0.009047 0.0007456         0  0.009793         0       256    0.4127    0.9643    0.9063    0.6803    0.0243  0.003154         0
   134/219     2.47G  0.007302 0.0007524         0  0.008054         0       256    0.4151    0.9643    0.9045    0.6669   0.02448  0.003252         0
   135/219     2.47G  0.006767 0.0007437         0   0.00751         0       256    0.4085    0.9643    0.9096    0.6615   0.02448   0.00325         0
   136/219     2.47G   0.00738 0.0007404         0   0.00812         0       256    0.4136    0.9643     0.909    0.6605   0.02455  0.003152         0
   137/219     2.47G  0.007826 0.0006896         0  0.008515         0       256     0.386    0.9643    0.9045    0.6493   0.02435  0.003137         0
   138/219     2.47G  0.007236 0.0006752         0  0.007911         0       256    0.3692    0.9643    0.8996    0.6548   0.02406  0.003114         0
   139/219     2.47G  0.006637 0.0006281         0  0.007265         0       256    0.3551    0.9643    0.9031    0.6663   0.02436  0.003075         0
   140/219     2.47G  0.009858  0.000643         0    0.0105         0       256    0.3515    0.9643    0.8977    0.6489   0.02437  0.003138         0
   141/219     2.47G  0.006631 0.0007214         0  0.007353         0       256    0.3865    0.9643    0.8996    0.6774   0.02485  0.003349         0
   142/219     2.47G  0.006742 0.0007273         0  0.007469         0       256    0.4186    0.9643    0.9036     0.676   0.02434  0.003272         0
   143/219     2.47G  0.006366 0.0006852         0  0.007052         0       256    0.4442    0.9643     0.905    0.6751   0.02437  0.003265         0
   144/219     2.47G   0.00669 0.0006505         0   0.00734         0       256    0.4329    0.9643    0.9025    0.6733   0.02447  0.003287         0
   145/219     2.47G  0.006723 0.0006182         0  0.007341         0       256    0.4042    0.9643    0.9106    0.6821   0.02419  0.003237         0
   146/219     2.47G  0.006978 0.0006016         0  0.007579         0       256    0.3965    0.9643    0.9073    0.6577   0.02488   0.00325         0
   147/219     2.47G  0.006916 0.0006066         0  0.007522         0       256    0.4069    0.9643    0.9003    0.6549    0.0243  0.003195         0
   148/219     2.47G  0.007092 0.0006078         0    0.0077         0       256    0.4036    0.9643    0.8946    0.6596   0.02416  0.003157         0
   149/219     2.47G  0.006872 0.0006131         0  0.007485         0       256    0.4004    0.9643    0.8954    0.6414   0.02433  0.003222         0
   150/219     2.47G  0.005707  0.000607         0  0.006314         0       256    0.4184    0.9643    0.8826    0.6482   0.02455  0.003244         0
   151/219     2.47G   0.00631 0.0005993         0   0.00691         0       256    0.4018    0.9643    0.8771    0.6395   0.02535   0.00325         0
   152/219     2.47G  0.007845 0.0006308         0  0.008476         0       256    0.3969    0.9643    0.8747    0.6505   0.02542  0.003351         0
   153/219     2.47G  0.006499 0.0006563         0  0.007156         0       256    0.4256    0.9643     0.885    0.6512     0.025  0.003385         0
   154/219     2.47G  0.005902 0.0006394         0  0.006541         0       256    0.4083    0.9643    0.8896    0.6643   0.02443  0.003332         0
   155/219     2.47G  0.006258 0.0006133         0  0.006871         0       256    0.4276    0.9643    0.8904    0.6766   0.02457  0.003295         0
   156/219     2.47G  0.007847 0.0006147         0  0.008462         0       256    0.4291    0.9643    0.8902    0.6654   0.02453  0.003232         0
   157/219     2.47G   0.00631 0.0005912         0  0.006902         0       256    0.4082    0.9643    0.8791     0.647    0.0247  0.003234         0
   158/219     2.47G  0.005518 0.0005692         0  0.006087         0       256    0.3911    0.9643    0.8727    0.6605   0.02436   0.00316         0
   159/219     2.47G  0.005423 0.0005401         0  0.005963         0       256    0.3695    0.9643    0.8686    0.6519   0.02455   0.00315         0
   160/219     2.47G  0.005959 0.0005426         0  0.006502         0       256    0.3644    0.9643    0.8699    0.6489   0.02488  0.003192         0
   161/219     2.47G  0.005969  0.000543         0  0.006511         0       256    0.3742    0.9643    0.8821    0.6516   0.02469  0.003269         0
   162/219     2.47G  0.005599 0.0005321         0  0.006131         0       256    0.3662    0.9643    0.8758    0.6435   0.02469  0.003292         0
   163/219     2.47G  0.004781 0.0005303         0  0.005312         0       256    0.3732    0.9643     0.877    0.6558   0.02481  0.003258         0
   164/219     2.47G    0.0062  0.000532         0  0.006732         0       256    0.3741    0.9643    0.8627    0.6467   0.02478  0.003255         0
   165/219     2.47G  0.006259 0.0005434         0  0.006803         0       256    0.4219    0.9643    0.8776    0.6576   0.02486  0.003301         0
   166/219     2.47G  0.004779 0.0005415         0  0.005321         0       256    0.4225    0.9643    0.8669    0.6461   0.02468  0.003324         0
   167/219     2.47G  0.004471 0.0005284         0     0.005         0       256    0.3984    0.9643    0.8652    0.6364   0.02454  0.003311         0
   168/219     2.47G  0.005758 0.0005227         0   0.00628         0       256    0.4239    0.9643    0.8622    0.6416   0.02437   0.00331         0
   169/219     2.47G  0.006592 0.0005222         0  0.007114         0       256    0.3981    0.9643    0.8631    0.6419   0.02433  0.003335         0
   170/219     2.47G  0.005254  0.000512         0  0.005766         0       256    0.3754    0.9643    0.8629    0.6436   0.02442  0.003294         0
   171/219     2.47G  0.004772 0.0005023         0  0.005274         0       256    0.4058    0.9643     0.863     0.649   0.02457  0.003311         0
   172/219     2.47G  0.005155 0.0004983         0  0.005653         0       256    0.4022    0.9643    0.8595    0.6418   0.02457  0.003295         0
   173/219     2.47G  0.004552 0.0004836         0  0.005035         0       256    0.3774    0.9643    0.8651    0.6335   0.02482  0.003243         0
   174/219     2.47G  0.005217 0.0004771         0  0.005694         0       256    0.3783    0.9643    0.8682    0.6395    0.0246  0.003165         0
   175/219     2.47G  0.004165 0.0004549         0   0.00462         0       256    0.3677    0.9286    0.8686    0.6352   0.02474  0.003149         0
   176/219     2.47G  0.005266 0.0004666         0  0.005732         0       256    0.3669    0.9286      0.87    0.6412   0.02482  0.003184         0
   177/219     2.47G  0.004948  0.000455         0  0.005403         0       256    0.3841    0.9577    0.8783    0.6409    0.0247  0.003205         0
   178/219     2.47G   0.00503 0.0004542         0  0.005484         0       256     0.372    0.9643    0.8804    0.6416   0.02462  0.003197         0
   179/219     2.47G  0.004288 0.0004506         0  0.004739         0       256    0.3704    0.9643    0.8809    0.6391   0.02465  0.003217         0
   180/219     2.47G  0.005416  0.000466         0  0.005882         0       256    0.3673    0.9643    0.8775    0.6429     0.025  0.003228         0
   181/219     2.47G  0.004941 0.0004658         0  0.005407         0       256    0.3914    0.9643    0.8866    0.6594   0.02506  0.003223         0
   182/219     2.47G  0.004224 0.0004511         0  0.004675         0       256    0.3912    0.9643    0.8752    0.6458   0.02502  0.003174         0
   183/219     2.47G  0.004147 0.0004432         0  0.004591         0       256    0.3881    0.9643    0.8813    0.6535   0.02503  0.003184         0
   184/219     2.47G   0.00568 0.0004549         0  0.006134         0       256    0.4112    0.9643    0.8742    0.6441   0.02478  0.003263         0
   185/219     2.47G  0.004342 0.0004381         0   0.00478         0       256    0.3973    0.9643    0.8818    0.6514   0.02486  0.003292         0
   186/219     2.47G  0.004498 0.0004396         0  0.004937         0       256    0.4231    0.9643    0.8672    0.6523   0.02463  0.003313         0
   187/219     2.47G  0.003913 0.0004358         0  0.004349         0       256    0.4353    0.9635    0.8707    0.6411   0.02467  0.003311         0
   188/219     2.47G   0.00475 0.0004378         0  0.005188         0       256    0.4212    0.9643    0.8745    0.6526   0.02469  0.003274         0
   189/219     2.47G  0.004376 0.0004346         0   0.00481         0       256     0.423    0.9643    0.8805    0.6423    0.0243  0.003245         0
   190/219     2.47G  0.004438 0.0004228         0  0.004861         0       256    0.3876    0.9643    0.8741    0.6493    0.0244  0.003178         0
   191/219     2.47G  0.004089 0.0004164         0  0.004506         0       256     0.403    0.9643      0.88    0.6583   0.02453  0.003201         0
   192/219     2.47G  0.004469 0.0004192         0  0.004889         0       256    0.4141    0.9643    0.8718    0.6421   0.02435  0.003256         0
   193/219     2.47G  0.003909 0.0004144         0  0.004324         0       256    0.4067    0.9643    0.8858     0.654   0.02441  0.003239         0
   194/219     2.47G   0.00419 0.0004133         0  0.004604         0       256    0.3789    0.9643    0.8823    0.6428    0.0246  0.003184         0
   195/219     2.47G  0.003807 0.0004053         0  0.004213         0       256    0.4055    0.9643    0.8868    0.6493   0.02467  0.003162         0
   196/219     2.47G  0.004288 0.0004173         0  0.004706         0       256    0.4235    0.9643    0.8752    0.6508   0.02448  0.003189         0
   197/219     2.47G  0.003984 0.0004038         0  0.004387         0       256    0.4123    0.9643     0.887    0.6495   0.02443  0.003212         0
   198/219     2.47G  0.003784 0.0004071         0  0.004192         0       256    0.3906    0.9643    0.8796     0.661   0.02438    0.0032         0
   199/219     2.47G  0.003982 0.0004075         0  0.004389         0       256    0.4045    0.9643    0.8873    0.6626   0.02431  0.003219         0
   200/219     2.47G  0.004435 0.0004108         0  0.004846         0       256    0.4086    0.9643    0.8838    0.6555   0.02413  0.003239         0
   201/219     2.47G  0.003401 0.0004021         0  0.003803         0       256    0.4076    0.9643    0.8862    0.6573   0.02425  0.003285         0
   202/219     2.47G  0.003254 0.0003905         0  0.003644         0       256    0.3973    0.9643    0.8792    0.6491   0.02424   0.00323         0
   203/219     2.47G  0.003548 0.0003837         0  0.003932         0       256     0.393    0.9643    0.8872    0.6512   0.02446  0.003228         0
   204/219     2.47G  0.003775  0.000382         0  0.004157         0       256    0.3991    0.9643    0.8801    0.6467   0.02453  0.003224         0
   205/219     2.47G  0.004234 0.0003805         0  0.004615         0       256    0.3938    0.9643    0.8954    0.6622    0.0246  0.003213         0
   206/219     2.47G  0.003393 0.0003781         0  0.003771         0       256    0.3848    0.9643    0.8805      0.65   0.02457  0.003188         0
   207/219     2.47G  0.003855 0.0003716         0  0.004226         0       256    0.3875    0.9643    0.8902    0.6512   0.02439  0.003182         0
   208/219     2.47G  0.004598 0.0003775         0  0.004975         0       256    0.3976    0.9643    0.8865     0.644    0.0243  0.003188         0
   209/219     2.47G  0.003706 0.0003639         0   0.00407         0       256     0.384    0.9643    0.8876     0.647    0.0242    0.0032         0
   210/219     2.47G    0.0035 0.0003673         0  0.003868         0       256    0.3724    0.9643    0.8731    0.6411   0.02441    0.0032         0
   211/219     2.47G  0.003594 0.0003689         0  0.003963         0       256    0.3917    0.9643    0.8797    0.6463   0.02461   0.00323         0
   212/219     2.47G  0.004362 0.0003917         0  0.004754         0       256    0.4085    0.9643    0.8689    0.6481   0.02458  0.003282         0
   213/219     2.47G  0.003976 0.0003806         0  0.004356         0       256    0.3948    0.9643    0.8792    0.6456   0.02458  0.003261         0
   214/219     2.47G  0.003678 0.0003724         0   0.00405         0       256    0.3846    0.9643     0.872    0.6384   0.02444  0.003211         0
   215/219     2.47G  0.003472 0.0003677         0   0.00384         0       256    0.4067    0.9643    0.8815    0.6526   0.02424  0.003183         0
   216/219     2.47G  0.004015 0.0003664         0  0.004382         0       256    0.4053    0.9643     0.881    0.6498   0.02432  0.003137         0
   217/219     2.47G  0.003802 0.0003607         0  0.004163         0       256    0.3975    0.9643    0.8901    0.6564    0.0243  0.003164         0
   218/219     2.47G  0.003583 0.0003573         0   0.00394         0       256    0.3983    0.9643     0.878    0.6454   0.02428  0.003192         0
   219/219     2.47G   0.00361 0.0003582         0  0.003968         0       256    0.4004    0.9643    0.8833      0.65   0.02453  0.003246         0
