     0/219    0.648G   0.09759   0.03057         0    0.1282         0       256         0         0 0.0004268 5.775e-05    0.1103   0.03058         0
     1/219    0.648G   0.08706   0.02903         0    0.1161         0       256         0         0 0.0002817 3.995e-05    0.0983   0.03163         0
     2/219    0.648G   0.07875   0.03067         0    0.1094         0       256         0         0  0.006025 0.0007646   0.08994   0.03394         0
     3/219    0.648G    0.0667   0.03224         0   0.09895         0       256         0         0    0.2329   0.04467   0.06907   0.03735         0
     4/219    0.648G   0.05775   0.03074         0   0.08849         0       256    0.1991    0.6071    0.3479   0.06033   0.06594   0.03297         0
     5/219    0.648G   0.05551   0.02622         0   0.08173         0       256     0.196      0.75    0.3909    0.0751   0.07241   0.02548         0
     6/219    0.648G   0.05825   0.02215         0    0.0804         0       256     0.404    0.7143    0.4589    0.1687   0.06213   0.02649         0
     7/219    0.648G   0.06242   0.02037         0   0.08278         0       256    0.4699    0.5067    0.4316    0.1197   0.07684   0.02303         0
     8/219    0.648G   0.06002   0.02035         0   0.08037         0       256    0.1519    0.8929    0.6502    0.2691   0.06851   0.02247         0
     9/219    0.648G    0.0571   0.01961         0    0.0767         0       256    0.5384    0.7143    0.6474    0.1994   0.06715   0.02398         0
    10/219    0.648G   0.05563   0.01822         0   0.07385         0       256    0.0866    0.8929    0.5862    0.2211   0.07458    0.0196         0
    11/219    0.648G    0.0599   0.01796         0   0.07785         0       256    0.1132    0.8571    0.2245    0.1035   0.07615   0.01938         0
    12/219    0.648G   0.06531    0.0163         0    0.0816         0       256    0.2435    0.6786    0.4813    0.1867   0.06415   0.02266         0
    13/219    0.648G   0.05438   0.01786         0   0.07224         0       256    0.1729    0.8929    0.3394    0.1016   0.06421   0.02179         0
    14/219    0.648G   0.05498   0.01746         0   0.07244         0       256    0.2811    0.8929    0.4698    0.1295    0.0644    0.0234         0
    15/219    0.648G   0.05203   0.01826         0   0.07029         0       256    0.1676    0.9286    0.5278    0.1648   0.05859   0.02124         0
    16/219    0.648G   0.05592   0.01652         0   0.07244         0       256    0.1997    0.7143    0.4253   0.07825     0.063   0.02432         0
    17/219    0.648G   0.05293   0.01607         0   0.06899         0       256    0.2956    0.8571    0.6792    0.3022   0.05316   0.02466         0
    18/219    0.648G    0.0456   0.01811         0   0.06371         0       256     0.179    0.8929    0.4642    0.1773   0.05065   0.02118         0
    19/219    0.648G   0.04458   0.01528         0   0.05986         0       256      0.24    0.8571    0.4924    0.2174   0.05748   0.02009         0
    20/219    0.648G   0.04993   0.01519         0   0.06512         0       256    0.1507    0.9286    0.5284    0.1943   0.05511   0.01936         0
    21/219    0.648G   0.05065    0.0153         0   0.06595         0       256    0.2189    0.8214    0.5721    0.2158   0.05307   0.02323         0
    22/219    0.648G   0.04088   0.01644         0   0.05732         0       256    0.2974    0.8929     0.647    0.3715   0.04627   0.02274         0
    23/219    0.648G   0.03884   0.01284         0   0.05167         0       256    0.2454      0.75    0.4357    0.1024   0.05989   0.02225         0
    24/219    0.648G   0.04716   0.01363         0   0.06079         0       256    0.2014    0.6786    0.4476    0.1431   0.05989   0.02339         0
    25/219    0.648G   0.04655   0.01371         0   0.06026         0       256    0.2973    0.9286    0.7945    0.3676   0.04878    0.0185         0
    26/219    0.648G   0.03724   0.01205         0   0.04929         0       256    0.3189    0.8571    0.6262    0.3278   0.04877   0.02118         0
    27/219    0.648G   0.03287   0.01147         0   0.04434         0       256    0.2341    0.9286    0.7807     0.399   0.04451   0.01806         0
    28/219    0.648G   0.03569    0.0116         0   0.04729         0       256     0.306    0.9286     0.915     0.561    0.0411   0.01804         0
    29/219    0.648G   0.03335   0.01162         0   0.04498         0       256    0.2512    0.9286    0.6965    0.2176   0.04195   0.01886         0
    30/219    0.648G   0.03233   0.01036         0   0.04269         0       256    0.3836    0.9286    0.8742    0.5504   0.03857   0.01749         0
    31/219    0.648G   0.02961  0.009585         0    0.0392         0       256    0.4379    0.9286    0.7962    0.3868   0.03542   0.01699         0
    32/219    0.648G   0.02929  0.009497         0   0.03878         0       256    0.3949    0.8929    0.7708    0.4097   0.04185   0.01779         0
    33/219    0.648G   0.03506  0.009598         0   0.04465         0       256     0.426    0.8929    0.8558    0.5214   0.04232   0.01849         0
    34/219    0.648G   0.03206  0.008907         0   0.04097         0       256    0.5187    0.8929    0.8849    0.5295   0.03816   0.01839         0
    35/219    0.648G   0.02908  0.008667         0   0.03774         0       256    0.4172    0.8929    0.8827    0.4227    0.0448    0.0179         0
    36/219    0.648G   0.03619  0.009352         0   0.04555         0       256    0.4259    0.8929    0.8629    0.5738   0.04059   0.02028         0
    37/219    0.648G      0.03  0.008957         0   0.03896         0       256    0.3424    0.8929    0.8987     0.607    0.0389   0.01864         0
    38/219    0.648G   0.02533  0.008026         0   0.03336         0       256    0.3957    0.9286    0.9176    0.5862   0.03837   0.01785         0
    39/219    0.648G   0.02802  0.007865         0   0.03588         0       256    0.6038    0.8929     0.905    0.6116   0.03499    0.0194         0
    40/219    0.648G   0.02609  0.008077         0   0.03417         0       256    0.4916    0.8929    0.8519    0.5518   0.03927   0.02006         0
    41/219    0.648G   0.02717  0.007692         0   0.03486         0       256    0.5041    0.8929     0.894    0.5652   0.03832   0.01925         0
    42/219    0.648G   0.02663  0.007453         0   0.03409         0       256    0.4169    0.9286    0.8692    0.5497   0.03728   0.01901         0
    43/219    0.648G   0.02528  0.007577         0   0.03285         0       256    0.5122    0.9286     0.908    0.5019   0.03741   0.01881         0
    44/219    0.648G   0.02707  0.007594         0   0.03467         0       256    0.5683    0.8929    0.8559    0.4879   0.03829    0.0201         0
    45/219    0.648G   0.02646  0.007308         0   0.03377         0       256    0.6581    0.8929    0.8678    0.5264   0.03663   0.02016         0
    46/219    0.648G   0.02321  0.006886         0    0.0301         0       256    0.6839    0.8929    0.8936    0.5509   0.03734   0.02076         0
    47/219    0.648G   0.02288   0.00684         0   0.02972         0       256    0.5976    0.8571    0.8765    0.5791   0.03955   0.02174         0
    48/219    0.648G   0.02477  0.006894         0   0.03167         0       256    0.6377    0.8571    0.8726    0.5662   0.03765   0.02251         0
    49/219    0.648G   0.02447   0.00693         0    0.0314         0       256    0.5594    0.8618    0.8622     0.514   0.03882   0.02309         0
    50/219    0.648G    0.0233  0.006855         0   0.03015         0       256    0.6924    0.8929    0.8967    0.6317   0.03597   0.02184         0
    51/219    0.648G   0.02015   0.00645         0    0.0266         0       256    0.5475    0.8929    0.8871    0.5636   0.03639   0.02037         0
    52/219    0.648G   0.02271  0.006642         0   0.02936         0       256     0.564    0.8929     0.892    0.5899   0.03616   0.01968         0
    53/219    0.648G    0.0248  0.006801         0    0.0316         0       256    0.7161    0.8929    0.8969    0.5063    0.0348   0.02074         0
    54/219    0.648G   0.01978  0.006551         0   0.02633         0       256    0.7097    0.8929    0.9039    0.5893   0.03276   0.02115         0
    55/219    0.648G   0.01956  0.006166         0   0.02573         0       256    0.6768    0.8929    0.9087    0.5593   0.03544    0.0207         0
    56/219    0.648G    0.0239  0.006653         0   0.03055         0       256    0.6473    0.8929    0.8943     0.657   0.03475   0.02127         0
    57/219    0.648G   0.02117  0.006445         0   0.02761         0       256    0.5353    0.8929    0.8306    0.5139   0.03736   0.02211         0
    58/219    0.648G   0.02232  0.006586         0   0.02891         0       256     0.768    0.9286     0.921    0.5685   0.03278   0.02072         0
    59/219    0.648G   0.02204  0.006211         0   0.02825         0       256    0.7549    0.9286    0.9204     0.621   0.03361   0.02096         0
    60/219    0.648G   0.02302  0.006404         0   0.02942         0       256    0.7807    0.9286    0.9197    0.6411    0.0332   0.02095         0
    61/219    0.648G   0.01961  0.006096         0   0.02571         0       256     0.715    0.9286    0.9214    0.6248   0.03195   0.02084         0
    62/219    0.648G   0.01857  0.005797         0   0.02437         0       256    0.6898    0.9286    0.9215    0.6475   0.03155   0.02038         0
    63/219    0.648G   0.01983  0.005665         0    0.0255         0       256    0.7512    0.9286    0.9168     0.622   0.03169   0.02129         0
    64/219    0.648G   0.01846  0.005923         0   0.02438         0       256    0.6961       0.9    0.8984    0.5749   0.03333   0.02241         0
    65/219    0.648G   0.01842  0.006095         0   0.02451         0       256    0.7854    0.8929    0.9111    0.5742   0.03281    0.0237         0
    66/219    0.648G   0.01735  0.005614         0   0.02297         0       256    0.7394    0.9286    0.9131    0.6012   0.03131   0.02236         0
    67/219    0.648G   0.01667  0.005265         0   0.02193         0       256    0.6367    0.8929     0.874    0.6118   0.03228   0.02245         0
    68/219    0.648G   0.01938  0.005844         0   0.02522         0       256    0.8306    0.8929    0.9065    0.6486   0.03222   0.02265         0
    69/219    0.648G   0.01822  0.005521         0   0.02374         0       256    0.7554    0.8929    0.9123    0.5844   0.03311   0.02247         0
    70/219    0.648G   0.01741  0.005298         0   0.02271         0       256    0.7769    0.9286    0.9194    0.6045   0.03173   0.02118         0
    71/219    0.648G   0.01751  0.005481         0   0.02299         0       256    0.7169    0.9286    0.8975    0.6192   0.03273   0.02176         0
    72/219    0.648G   0.01801  0.005664         0   0.02367         0       256    0.7725    0.8929    0.9126    0.5978   0.03268    0.0227         0
    73/219    0.648G   0.01619  0.005308         0    0.0215         0       256    0.7337    0.8929    0.9074    0.6054   0.03416   0.02274         0
    74/219    0.648G   0.01598  0.005053         0   0.02103         0       256    0.8061    0.8929    0.9233    0.6556   0.03169   0.02133         0
    75/219    0.648G   0.01732  0.005204         0   0.02252         0       256    0.8211    0.8929    0.9161    0.6416   0.03242   0.02171         0
    76/219    0.648G    0.0166  0.005401         0     0.022         0       256    0.8701    0.8929    0.9112    0.6166   0.03239   0.02272         0
    77/219    0.648G   0.01994  0.005441         0   0.02538         0       256    0.8074    0.8929    0.9113    0.6416    0.0315   0.02162         0
    78/219    0.648G   0.01751  0.005248         0   0.02276         0       256    0.8453    0.8929    0.9071    0.6435   0.03233   0.02272         0
    79/219    0.648G   0.01422  0.005131         0   0.01935         0       256    0.7842    0.8929    0.9015    0.6103   0.03298   0.02281         0
    80/219    0.648G   0.01562  0.005102         0   0.02072         0       256    0.7781    0.8929    0.9043    0.6599   0.03215    0.0226         0
    81/219    0.648G   0.01631  0.005172         0   0.02148         0       256     0.816    0.8929    0.9001    0.6222   0.03211   0.02276         0
    82/219    0.648G   0.01626   0.00501         0   0.02127         0       256    0.8906    0.8929     0.903    0.6123   0.03198   0.02347         0
    83/219    0.648G   0.01495  0.005051         0      0.02         0       256    0.8248    0.8929    0.9008    0.6517   0.03243   0.02383         0
    84/219    0.648G   0.01424  0.004809         0   0.01905         0       256    0.8658    0.8929    0.9075    0.6819   0.03171   0.02225         0
    85/219    0.648G   0.01611  0.004815         0   0.02092         0       256    0.7533    0.8929    0.9131     0.636   0.03271   0.02166         0
    86/219    0.648G   0.01437  0.004835         0   0.01921         0       256    0.8799    0.9286    0.9177    0.6405   0.03186   0.02189         0
    87/219    0.648G   0.01448  0.004769         0   0.01925         0       256    0.8391    0.8929    0.9172    0.6586   0.03181   0.02191         0
    88/219    0.648G   0.01448   0.00473         0   0.01921         0       256    0.8909    0.9286    0.9204     0.649   0.03208   0.02224         0
    89/219    0.648G   0.01361  0.004594         0    0.0182         0       256    0.8697    0.9286    0.9192    0.6016   0.03275    0.0222         0
    90/219    0.648G    0.0139  0.004542         0   0.01844         0       256    0.7933    0.9286     0.921    0.6121   0.03158   0.02132         0
    91/219    0.648G   0.01285  0.004412         0   0.01726         0       256    0.8682    0.8929    0.9194    0.6177   0.03163   0.02174         0
    92/219    0.648G   0.01423  0.004657         0   0.01889         0       256    0.8209    0.8929     0.914    0.6488   0.03174    0.0225         0
    93/219    0.648G   0.01583  0.004831         0   0.02067         0       256    0.8366    0.8929     0.915    0.6166   0.03262   0.02323         0
    94/219    0.648G    0.0112  0.004297         0    0.0155         0       256    0.8368    0.8929    0.9113    0.6441   0.03119   0.02275         0
    95/219    0.648G   0.01184  0.004335         0   0.01617         0       256     0.824    0.8929    0.9113    0.6236   0.03123   0.02236         0
    96/219    0.648G   0.01696  0.004992         0   0.02195         0       256    0.8357    0.8929     0.908    0.5946   0.03301   0.02252         0
    97/219    0.648G   0.01619  0.004915         0    0.0211         0       256    0.8567    0.8929    0.9125    0.6354   0.03131   0.02288         0
    98/219    0.648G   0.01143  0.004359         0   0.01579         0       256    0.7613    0.9286    0.9152    0.6355     0.031   0.02155         0
    99/219    0.648G   0.01115  0.004013         0   0.01517         0       256    0.7355    0.9286    0.9167    0.6291   0.03178   0.02088         0
   100/219    0.648G   0.01514  0.004723         0   0.01986         0       256    0.7597    0.9286    0.9161    0.6704   0.03128   0.02097         0
   101/219    0.648G   0.01268  0.004289         0   0.01697         0       256    0.7659    0.9286    0.9129    0.6392   0.03159    0.0215         0
   102/219    0.648G   0.01167  0.004096         0   0.01576         0       256    0.7675    0.8929    0.9098    0.6269    0.0308    0.0219         0
   103/219    0.648G   0.01324  0.004343         0   0.01758         0       256    0.8482    0.8929    0.9028    0.6472   0.03141   0.02313         0
   104/219    0.648G   0.01207  0.004255         0   0.01633         0       256    0.8438    0.8929    0.8973     0.636   0.03178   0.02452         0
   105/219    0.648G   0.01292  0.004328         0   0.01725         0       256    0.8257    0.8929    0.8986    0.6299   0.03226   0.02503         0
   106/219    0.648G   0.01133  0.004031         0   0.01536         0       256    0.7863    0.8929    0.8983    0.6251   0.03317   0.02405         0
   107/219    0.648G   0.01437  0.004434         0    0.0188         0       256    0.7963    0.8929    0.8943    0.6292   0.03287     0.024         0
   108/219    0.648G   0.01245  0.004364         0   0.01681         0       256    0.8412    0.8929    0.8951    0.6023   0.03197   0.02413         0
   109/219    0.648G   0.01233  0.004244         0   0.01658         0       256    0.8196    0.8929    0.8947    0.6149    0.0311   0.02358         0
   110/219    0.648G   0.01119  0.003977         0   0.01517         0       256    0.7862    0.8929    0.8971    0.6329   0.03018   0.02281         0
   111/219    0.648G    0.0106  0.003912         0   0.01452         0       256    0.7935    0.8929    0.8976    0.6332   0.03134   0.02283         0
   112/219    0.648G   0.01273  0.004224         0   0.01695         0       256    0.7661    0.8929     0.898    0.6122   0.03226   0.02315         0
   113/219    0.648G   0.01357  0.004173         0   0.01774         0       256    0.8357    0.8929    0.9013    0.6493   0.03186   0.02347         0
   114/219    0.648G  0.009881  0.003897         0   0.01378         0       256    0.8426    0.8929     0.904    0.6484   0.03124    0.0231         0
   115/219    0.648G   0.01129  0.004026         0   0.01531         0       256    0.8277    0.8929    0.9037    0.6229   0.03122     0.023         0
   116/219    0.648G   0.01298  0.004331         0   0.01731         0       256    0.7641    0.8929    0.8989     0.606   0.03119   0.02329         0
   117/219    0.648G   0.01014  0.003756         0    0.0139         0       256     0.724    0.8929    0.8971    0.6132   0.03254   0.02393         0
   118/219    0.648G  0.009889  0.003677         0   0.01357         0       256    0.7389    0.8929    0.9011    0.6246     0.033   0.02312         0
   119/219    0.648G   0.01093  0.003779         0   0.01471         0       256    0.6708    0.8929    0.9008    0.5892   0.03486    0.0232         0
   120/219    0.648G   0.01386   0.00419         0   0.01805         0       256    0.7824    0.8929    0.9035    0.5949   0.03416   0.02368         0
   121/219    0.648G   0.01036  0.003651         0   0.01401         0       256    0.7749    0.8929     0.907    0.6357     0.033   0.02333         0
   122/219    0.648G   0.01088  0.003714         0    0.0146         0       256    0.7997    0.8929    0.9083    0.6449   0.03122   0.02259         0
   123/219    0.648G   0.01034  0.003773         0   0.01412         0       256    0.8012    0.8929    0.9062    0.6451   0.03197   0.02292         0
   124/219    0.648G   0.01142   0.00397         0   0.01539         0       256    0.8067    0.8929    0.9015    0.6343   0.03175   0.02297         0
   125/219    0.648G  0.009658  0.003681         0   0.01334         0       256    0.8271    0.8929    0.8978    0.6408   0.03156   0.02337         0
   126/219    0.648G  0.009562    0.0036         0   0.01316         0       256    0.7972    0.8929    0.9007    0.6185   0.03126   0.02259         0
   127/219    0.648G  0.008294  0.003343         0   0.01164         0       256    0.7908    0.8929       0.9    0.6262   0.03189   0.02288         0
   128/219    0.648G   0.01216  0.003961         0   0.01613         0       256    0.7894    0.8929    0.8993    0.6238   0.03212   0.02305         0
   129/219    0.648G  0.009927  0.003528         0   0.01345         0       256    0.7645    0.8929    0.9022    0.6263   0.03174   0.02322         0
   130/219    0.648G  0.008397  0.003295         0   0.01169         0       256    0.7429    0.8929    0.9039    0.6146   0.03121   0.02276         0
   131/219    0.648G   0.01002   0.00358         0    0.0136         0       256     0.746    0.8929    0.9042    0.6234   0.03157   0.02264         0
   132/219    0.648G   0.01009  0.003686         0   0.01378         0       256    0.7467    0.8929    0.9034    0.6449    0.0315   0.02288         0
   133/219    0.648G  0.008109   0.00325         0   0.01136         0       256    0.7548    0.8929     0.905    0.6263   0.03159   0.02295         0
   134/219    0.648G  0.009229  0.003475         0    0.0127         0       256    0.7571    0.8929    0.9055    0.6383   0.03146   0.02298         0
   135/219    0.648G  0.009693  0.003494         0   0.01319         0       256    0.7976    0.8929    0.9079    0.6257   0.03204   0.02375         0
   136/219    0.648G  0.008504    0.0034         0    0.0119         0       256    0.8065    0.8929    0.9088    0.6397   0.03235   0.02403         0
   137/219    0.648G  0.008958  0.003449         0   0.01241         0       256    0.8103    0.8929    0.9064    0.6274   0.03209   0.02367         0
   138/219    0.648G  0.007949   0.00313         0   0.01108         0       256    0.8067    0.8929    0.9036    0.6122   0.03196   0.02307         0
   139/219    0.648G  0.008458  0.003262         0   0.01172         0       256    0.7547    0.8929    0.9034     0.628   0.03218   0.02341         0
   140/219    0.648G   0.01072   0.00366         0   0.01438         0       256    0.7575    0.8929     0.905    0.6492   0.03195   0.02336         0
   141/219    0.648G  0.008732  0.003381         0   0.01211         0       256    0.7463    0.8929    0.9056     0.635   0.03182    0.0236         0
   142/219    0.648G  0.008234  0.003166         0    0.0114         0       256    0.7876    0.8929      0.91    0.6334   0.03145   0.02311         0
   143/219    0.648G  0.008273  0.003208         0   0.01148         0       256    0.7916    0.8929    0.9108    0.6513   0.03178   0.02338         0
   144/219    0.648G  0.007839  0.003165         0     0.011         0       256    0.8053    0.8929     0.913    0.6435   0.03174   0.02364         0
   145/219    0.648G  0.009155  0.003372         0   0.01253         0       256    0.8145    0.8929    0.9103    0.6545   0.03247   0.02385         0
   146/219    0.648G  0.008209   0.00315         0   0.01136         0       256    0.7889    0.8929    0.9058    0.6567   0.03188   0.02404         0
   147/219    0.648G  0.007153  0.002984         0   0.01014         0       256     0.785    0.8929    0.9042    0.6436    0.0325   0.02431         0
   148/219    0.648G  0.008593  0.003267         0   0.01186         0       256    0.7827    0.8929    0.9036    0.6318   0.03188   0.02413         0
   149/219    0.648G    0.0108  0.003885         0   0.01468         0       256    0.7851    0.8929    0.9014    0.6019   0.03193   0.02403         0
   150/219    0.648G   0.00676  0.002933         0  0.009693         0       256    0.7722    0.8929    0.9018    0.6124   0.03144   0.02373         0
   151/219    0.648G  0.006342   0.00283         0  0.009172         0       256    0.7677    0.8929    0.8998    0.6234   0.03101   0.02371         0
   152/219    0.648G  0.008037   0.00319         0   0.01123         0       256    0.7814    0.8929    0.8973    0.6312   0.03129   0.02353         0
   153/219    0.648G  0.008236  0.003105         0   0.01134         0       256    0.7848    0.8929    0.8939     0.597   0.03174   0.02423         0
   154/219    0.648G  0.007477  0.003017         0   0.01049         0       256     0.812    0.8929     0.898    0.6335   0.03145   0.02425         0
   155/219    0.648G   0.00671  0.002859         0  0.009569         0       256     0.787    0.8929    0.8968    0.6391   0.03211   0.02492         0
   156/219    0.648G  0.006991  0.002921         0  0.009912         0       256    0.7866    0.8929    0.8979    0.6136   0.03247   0.02497         0
   157/219    0.648G  0.009918  0.003485         0    0.0134         0       256    0.7933    0.8929    0.9005    0.6418   0.03252   0.02504         0
   158/219    0.648G  0.008364  0.003133         0    0.0115         0       256    0.8364    0.8929    0.9042    0.6431   0.03173   0.02464         0
   159/219    0.648G  0.006214  0.002784         0  0.008998         0       256    0.8463    0.8929    0.9016    0.6332   0.03222   0.02475         0
   160/219    0.648G  0.009049   0.00332         0   0.01237         0       256    0.8315    0.8929    0.9002    0.6225   0.03207   0.02486         0
   161/219    0.648G  0.007065  0.002863         0  0.009928         0       256    0.8322    0.8929    0.9028    0.6135   0.03209   0.02451         0
   162/219    0.648G  0.007198  0.002841         0   0.01004         0       256    0.8364    0.8929     0.904    0.6184   0.03145   0.02394         0
   163/219    0.648G  0.005573  0.002581         0  0.008155         0       256    0.8246    0.8929    0.9042    0.6165   0.03159   0.02414         0
   164/219    0.648G  0.006199  0.002751         0   0.00895         0       256     0.822    0.8929    0.9015    0.6296   0.03145   0.02403         0
   165/219    0.648G  0.006324  0.002646         0   0.00897         0       256    0.8263    0.8929    0.9001    0.6027   0.03177   0.02408         0
   166/219    0.648G  0.006678  0.002755         0  0.009434         0       256    0.7779    0.8929    0.9045    0.6274   0.03147   0.02375         0
   167/219    0.648G  0.007007   0.00281         0  0.009817         0       256     0.776    0.8929    0.9034    0.6191   0.03195   0.02439         0
   168/219    0.648G  0.006795  0.002921         0  0.009716         0       256    0.7764    0.8929    0.9032    0.6282   0.03204   0.02447         0
   169/219    0.648G   0.00864  0.003146         0   0.01179         0       256    0.7862    0.8929    0.9039    0.6237   0.03253   0.02465         0
   170/219    0.648G  0.006367  0.002678         0  0.009045         0       256    0.7757    0.8929    0.9045    0.6425   0.03201   0.02461         0
   171/219    0.648G   0.00615  0.002727         0  0.008877         0       256    0.8084    0.8929    0.9042    0.6364   0.03246   0.02485         0
   172/219    0.648G  0.007004  0.002945         0  0.009949         0       256    0.8081    0.8929    0.9023    0.6385    0.0323   0.02454         0
   173/219    0.648G  0.005451  0.002528         0  0.007979         0       256    0.8231    0.8929    0.9001    0.6481   0.03151   0.02424         0
   174/219    0.648G  0.005574  0.002437         0  0.008012         0       256    0.7538    0.8929    0.8996    0.6385   0.03139   0.02382         0
   175/219    0.648G  0.006073  0.002541         0  0.008614         0       256    0.7909    0.8929    0.9014    0.6396   0.03196   0.02418         0
   176/219    0.648G  0.005645  0.002562         0  0.008206         0       256    0.7973    0.8929    0.9025    0.6336   0.03196   0.02427         0
   177/219    0.648G  0.005663  0.002463         0  0.008126         0       256    0.7966    0.8929    0.9028    0.6164   0.03202   0.02441         0
   178/219    0.648G  0.006171  0.002538         0  0.008708         0       256    0.7899    0.8929    0.9034    0.6271   0.03163   0.02424         0
   179/219    0.648G  0.005066  0.002417         0  0.007483         0       256    0.8099    0.8929    0.9034    0.6233    0.0323   0.02452         0
   180/219    0.648G  0.005127  0.002424         0   0.00755         0       256    0.8094    0.8929    0.9014    0.6324   0.03188   0.02444         0
   181/219    0.648G  0.006596  0.002763         0   0.00936         0       256    0.8034    0.8929     0.899     0.624   0.03191   0.02446         0
   182/219    0.648G   0.00514   0.00238         0   0.00752         0       256    0.7936    0.8929    0.9016    0.6296   0.03191   0.02432         0
   183/219    0.648G  0.006108  0.002465         0  0.008573         0       256     0.812    0.8929    0.8993    0.6242   0.03239   0.02472         0
   184/219    0.648G  0.004995  0.002384         0  0.007379         0       256    0.8174    0.8929    0.9011    0.6306    0.0323   0.02489         0
   185/219    0.648G  0.005199  0.002365         0  0.007564         0       256     0.791    0.8929    0.9026     0.636    0.0321   0.02464         0
   186/219    0.648G  0.004604  0.002232         0  0.006836         0       256    0.7915    0.8929    0.9024    0.6198   0.03144   0.02416         0
   187/219    0.648G  0.005107  0.002431         0  0.007538         0       256    0.7575    0.8929    0.9013    0.6229   0.03195   0.02455         0
   188/219    0.648G  0.005609  0.002537         0  0.008146         0       256    0.7929    0.8929    0.9001    0.6279   0.03159   0.02454         0
   189/219    0.648G  0.005047  0.002373         0   0.00742         0       256    0.7927    0.8929    0.8985    0.6247    0.0316   0.02437         0
   190/219    0.648G  0.004673  0.002255         0  0.006928         0       256    0.7875    0.8929    0.8986    0.6437   0.03103   0.02391         0
   191/219    0.648G  0.005896   0.00245         0  0.008346         0       256    0.7897    0.8929    0.8984    0.6292   0.03152   0.02433         0
   192/219    0.648G  0.005807  0.002542         0  0.008348         0       256    0.7698    0.8929    0.8952    0.6424   0.03197   0.02427         0
   193/219    0.648G  0.005533  0.002361         0  0.007895         0       256    0.7489    0.8929    0.8966    0.6397   0.03198   0.02436         0
   194/219    0.648G  0.004969  0.002313         0  0.007282         0       256    0.7684    0.8929    0.8986    0.6325   0.03205   0.02426         0
   195/219    0.648G  0.004849  0.002343         0  0.007192         0       256    0.7857    0.8929    0.9018    0.6377   0.03261   0.02481         0
   196/219    0.648G  0.005513  0.002446         0  0.007959         0       256    0.7928    0.8929    0.9004    0.6367   0.03236   0.02511         0
   197/219    0.648G  0.004955  0.002333         0  0.007288         0       256     0.769    0.8929     0.899    0.6354    0.0321   0.02502         0
   198/219    0.648G  0.003851  0.002095         0  0.005946         0       256     0.805    0.8929    0.9018    0.6282   0.03173   0.02444         0
   199/219    0.648G  0.004503  0.002158         0  0.006661         0       256    0.8133    0.8929    0.9006    0.6248   0.03196   0.02479         0
   200/219    0.648G  0.004891  0.002322         0  0.007213         0       256    0.8085    0.8929    0.8998    0.6167   0.03204   0.02462         0
   201/219    0.648G  0.004706  0.002134         0   0.00684         0       256    0.7761    0.8929    0.9002    0.6231   0.03192   0.02452         0
   202/219    0.648G  0.005227  0.002263         0   0.00749         0       256    0.7946    0.8929    0.9029    0.6279   0.03156    0.0243         0
   203/219    0.648G  0.004344  0.002117         0  0.006461         0       256    0.8103    0.8929    0.9021    0.6237   0.03186   0.02466         0
   204/219    0.648G  0.005559  0.002345         0  0.007904         0       256    0.7904    0.8929    0.9016    0.6235    0.0319   0.02482         0
   205/219    0.648G  0.004565  0.002121         0  0.006686         0       256    0.7703    0.8929    0.9005    0.6248   0.03213   0.02495         0
   206/219    0.648G  0.004375  0.002101         0  0.006476         0       256    0.7866    0.8929    0.9018    0.6206   0.03179    0.0247         0
   207/219    0.648G  0.004727  0.002201         0  0.006928         0       256    0.8066    0.8929    0.9013    0.6284    0.0324   0.02516         0
   208/219    0.648G  0.004502  0.002143         0  0.006646         0       256    0.8084    0.8929    0.9001      0.62   0.03251   0.02532         0
   209/219    0.648G   0.00398  0.002039         0  0.006019         0       256    0.7793    0.8929    0.8998    0.6238   0.03248   0.02519         0
   210/219    0.648G  0.004198  0.002018         0  0.006217         0       256    0.7843    0.8929    0.9013    0.6263   0.03177   0.02463         0
   211/219    0.648G  0.005025  0.002309         0  0.007333         0       256    0.8202    0.8929       0.9    0.6166   0.03218   0.02496         0
   212/219    0.648G  0.005442  0.002468         0  0.007911         0       256     0.771    0.8929    0.9002    0.6253   0.03225   0.02483         0
   213/219    0.648G  0.004767  0.002158         0  0.006925         0       256    0.7861    0.8929       0.9    0.6423   0.03214   0.02462         0
   214/219    0.648G  0.004939  0.002149         0  0.007088         0       256    0.7711    0.8929    0.9011    0.6363   0.03196   0.02445         0
   215/219    0.648G  0.003595  0.001913         0  0.005508         0       256    0.7675    0.8929       0.9    0.6325   0.03244   0.02476         0
   216/219    0.648G  0.005445   0.00233         0  0.007775         0       256    0.7886    0.8929    0.8998    0.6416   0.03198   0.02473         0
   217/219    0.648G   0.00453  0.002126         0  0.006655         0       256     0.764    0.8929    0.8983    0.6287   0.03196   0.02471         0
   218/219    0.648G  0.003842  0.001954         0  0.005795         0       256     0.774    0.8929    0.9017    0.6427    0.0317   0.02453         0
   219/219    0.648G  0.004562  0.002105         0  0.006667         0       256    0.7767    0.8929    0.9021    0.6369   0.03237   0.02493         0
