     0/299     2.47G   0.09425   0.03546         0    0.1297         1       256         0         0         0         0         0         0         0
     1/299     2.47G   0.09234   0.03699         0    0.1293         1       256         0         0         0         0         0         0         0
     2/299     2.47G   0.07416   0.03514         0    0.1093         3       256         0         0         0         0         0         0         0
     3/299     2.47G   0.07096   0.03979         0    0.1107         1       256         0         0         0         0         0         0         0
     4/299     2.47G   0.05618   0.03189         0   0.08807         1       256         0         0         0         0         0         0         0
     5/299     2.47G   0.05826   0.02641         0   0.08466         0       256         0         0         0         0         0         0         0
     6/299     2.47G    0.0623   0.02615         0   0.08845         1       256         0         0         0         0         0         0         0
     7/299     2.47G   0.05382   0.02241         0   0.07623         0       256         0         0         0         0         0         0         0
     8/299     2.47G   0.06265   0.01826         0   0.08091         1       256         0         0         0         0         0         0         0
     9/299     2.47G   0.06451   0.01943         0   0.08394         2       256         0         0         0         0         0         0         0
    10/299     2.47G     0.055   0.01935         0   0.07435         1       256         0         0         0         0         0         0         0
    11/299     2.47G   0.06029   0.01746         0   0.07775         1       256         0         0         0         0         0         0         0
    12/299     2.47G   0.06053   0.02076         0   0.08129         1       256         0         0         0         0         0         0         0
    13/299     2.47G   0.05315   0.01763         0   0.07078         1       256         0         0         0         0         0         0         0
    14/299     2.47G   0.05638   0.02031         0   0.07669         3       256         0         0         0         0         0         0         0
    15/299     2.47G   0.05019   0.01613         0   0.06632         1       256         0         0         0         0         0         0         0
    16/299     2.47G   0.05628   0.01628         0   0.07256         2       256         0         0         0         0         0         0         0
    17/299     2.47G   0.04959   0.01902         0   0.06861         2       256         0         0         0         0         0         0         0
    18/299     2.47G   0.04856   0.01659         0   0.06515         0       256         0         0         0         0         0         0         0
    19/299     2.47G   0.04637   0.01604         0   0.06241         2       256         0         0         0         0         0         0         0
    20/299     2.47G   0.05468   0.01559         0   0.07027         2       256         0         0         0         0         0         0         0
    21/299     2.47G   0.04445   0.01661         0   0.06106         3       256         0         0         0         0         0         0         0
    22/299     2.47G   0.04252   0.01707         0    0.0596         0       256         0         0         0         0         0         0         0
    23/299     2.47G   0.04295   0.01506         0   0.05801         3       256         0         0         0         0         0         0         0
    24/299     2.47G   0.03867   0.01717         0   0.05584         2       256         0         0         0         0         0         0         0
    25/299     2.47G   0.04032    0.0166         0   0.05692         2       256         0         0         0         0         0         0         0
    26/299     2.47G   0.04114   0.01691         0   0.05806         1       256         0         0         0         0         0         0         0
    27/299     2.47G   0.03848   0.01677         0   0.05525         2       256         0         0         0         0         0         0         0
    28/299     2.47G   0.04166   0.01751         0   0.05917         2       256         0         0         0         0         0         0         0
    29/299     2.47G   0.04176   0.01534         0    0.0571         2       256         0         0         0         0         0         0         0
    30/299     2.47G   0.03612   0.01622         0   0.05234         1       256         0         0         0         0         0         0         0
    31/299     2.47G   0.04033   0.01748         0    0.0578         2       256         0         0         0         0         0         0         0
    32/299     2.47G   0.03444    0.0152         0   0.04963         2       256         0         0         0         0         0         0         0
    33/299     2.47G   0.03623   0.01418         0   0.05041         3       256         0         0         0         0         0         0         0
    34/299     2.47G   0.03786    0.0174         0   0.05526         1       256         0         0         0         0         0         0         0
    35/299     2.47G    0.0315   0.01392         0   0.04542         1       256         0         0         0         0         0         0         0
    36/299     2.47G   0.04041   0.01576         0   0.05617         1       256         0         0         0         0         0         0         0
    37/299     2.47G   0.03282   0.01622         0   0.04904         1       256         0         0         0         0         0         0         0
    38/299     2.47G   0.03599   0.01487         0   0.05086         0       256         0         0         0         0         0         0         0
    39/299     2.47G   0.03458   0.01679         0   0.05136         0       256         0         0         0         0         0         0         0
    40/299     2.47G   0.03741   0.01559         0   0.05301         2       256         0         0         0         0         0         0         0
    41/299     2.47G   0.03222   0.01515         0   0.04737         2       256         0         0         0         0         0         0         0
    42/299     2.47G   0.02999   0.01621         0    0.0462         1       256         0         0         0         0         0         0         0
    43/299     2.47G   0.02831   0.01444         0   0.04276         2       256         0         0         0         0         0         0         0
    44/299     2.47G   0.03345   0.01492         0   0.04838         1       256         0         0         0         0         0         0         0
    45/299     2.47G   0.03404   0.01455         0   0.04859         1       256         0         0         0         0         0         0         0
    46/299     2.47G   0.03074    0.0155         0   0.04624         1       256         0         0         0         0         0         0         0
    47/299     2.47G   0.03261   0.01499         0   0.04759         2       256         0         0         0         0         0         0         0
    48/299     2.47G   0.03593   0.01633         0   0.05226         3       256         0         0         0         0         0         0         0
    49/299     2.47G   0.02953   0.01648         0   0.04601         2       256         0         0         0         0         0         0         0
    50/299     2.47G   0.02799   0.01429         0   0.04227         0       256         0         0         0         0         0         0         0
    51/299     2.47G   0.02478   0.01359         0   0.03837         1       256         0         0         0         0         0         0         0
    52/299     2.47G   0.02861   0.01251         0   0.04111         1       256         0         0         0         0         0         0         0
    53/299     2.47G   0.03004     0.014         0   0.04404         3       256         0         0         0         0         0         0         0
    54/299     2.47G   0.02777   0.01243         0    0.0402         0       256         0         0         0         0         0         0         0
    55/299     2.47G    0.0303    0.0141         0    0.0444         0       256         0         0         0         0         0         0         0
    56/299     2.47G   0.03623   0.01501         0   0.05124         3       256         0         0         0         0         0         0         0
    57/299     2.47G   0.03336   0.01419         0   0.04754         2       256         0         0         0         0         0         0         0
    58/299     2.47G   0.02655   0.01212         0   0.03867         1       256         0         0         0         0         0         0         0
    59/299     2.47G   0.02549   0.01359         0   0.03908         2       256         0         0         0         0         0         0         0
    60/299     2.47G    0.0268   0.01346         0   0.04026         2       256         0         0         0         0         0         0         0
    61/299     2.47G    0.0259   0.01467         0   0.04057         2       256         0         0         0         0         0         0         0
    62/299     2.47G   0.02762   0.01407         0    0.0417         0       256         0         0         0         0         0         0         0
    63/299     2.47G   0.02903   0.01396         0   0.04298         0       256         0         0         0         0         0         0         0
    64/299     2.47G   0.03266   0.01529         0   0.04796         2       256         0         0         0         0         0         0         0
    65/299     2.47G   0.03115   0.01531         0   0.04646         3       256         0         0         0         0         0         0         0
    66/299     2.47G   0.02554   0.01301         0   0.03855         1       256         0         0         0         0         0         0         0
    67/299     2.47G   0.02698   0.01267         0   0.03965         2       256         0         0         0         0         0         0         0
    68/299     2.47G   0.03268   0.01555         0   0.04822         1       256         0         0         0         0         0         0         0
    69/299     2.47G   0.02744   0.01322         0   0.04066         2       256         0         0         0         0         0         0         0
    70/299     2.47G   0.02795   0.01581         0   0.04377         4       256         0         0         0         0         0         0         0
    71/299     2.47G   0.02789    0.0131         0   0.04099         0       256         0         0         0         0         0         0         0
    72/299     2.47G   0.03226   0.01304         0    0.0453         3       256         0         0         0         0         0         0         0
    73/299     2.47G   0.02713   0.01415         0   0.04128         4       256         0         0         0         0         0         0         0
    74/299     2.47G   0.02477   0.01343         0    0.0382         0       256         0         0         0         0         0         0         0
    75/299     2.47G   0.02319    0.0125         0   0.03569         0       256         0         0         0         0         0         0         0
    76/299     2.47G   0.02782   0.01334         0   0.04117         2       256         0         0         0         0         0         0         0
    77/299     2.47G    0.0246   0.01239         0   0.03699         0       256         0         0         0         0         0         0         0
    78/299     2.47G   0.02687   0.01508         0   0.04194         1       256         0         0         0         0         0         0         0
    79/299     2.47G   0.02573   0.01443         0   0.04016         0       256         0         0         0         0         0         0         0
    80/299     2.47G   0.02849   0.01329         0   0.04178         2       256         0         0         0         0         0         0         0
    81/299     2.47G   0.02752   0.01384         0   0.04136         0       256         0         0         0         0         0         0         0
    82/299     2.47G   0.02648   0.01249         0   0.03897         1       256         0         0         0         0         0         0         0
    83/299     2.47G   0.02421   0.01275         0   0.03696         1       256         0         0         0         0         0         0         0
    84/299     2.47G   0.02937     0.014         0   0.04337         1       256         0         0         0         0         0         0         0
    85/299     2.47G    0.0232   0.01272         0   0.03592         2       256         0         0         0         0         0         0         0
    86/299     2.47G   0.02528    0.0119         0   0.03718         2       256         0         0         0         0         0         0         0
    87/299     2.47G   0.02479   0.01343         0   0.03822         1       256         0         0         0         0         0         0         0
    88/299     2.47G   0.02805    0.0121         0   0.04015         2       256         0         0         0         0         0         0         0
    89/299     2.47G   0.02706   0.01242         0   0.03949         0       256         0         0         0         0         0         0         0
    90/299     2.47G   0.02441    0.0115         0   0.03591         0       256         0         0         0         0         0         0         0
    91/299     2.47G   0.02218    0.0122         0   0.03438         4       256         0         0         0         0         0         0         0
    92/299     2.47G   0.02641   0.01653         0   0.04294         3       256         0         0         0         0         0         0         0
    93/299     2.47G   0.02561   0.01529         0    0.0409         4       256         0         0         0         0         0         0         0
    94/299     2.47G   0.02154   0.01219         0   0.03373         1       256         0         0         0         0         0         0         0
    95/299     2.47G   0.02402   0.01475         0   0.03877         4       256         0         0         0         0         0         0         0
    96/299     2.47G   0.02213   0.01109         0   0.03322         1       256         0         0         0         0         0         0         0
    97/299     2.47G   0.02299   0.01061         0    0.0336         3       256         0         0         0         0         0         0         0
    98/299     2.47G   0.02461    0.0125         0   0.03711         1       256         0         0         0         0         0         0         0
    99/299     2.47G   0.02124   0.01238         0   0.03362         0       256         0         0         0         0         0         0         0
   100/299     2.47G   0.02256   0.01224         0    0.0348         1       256         0         0         0         0         0         0         0
   101/299     2.47G    0.0234   0.01229         0   0.03569         2       256         0         0         0         0         0         0         0
   102/299     2.47G    0.0234   0.01354         0   0.03694         1       256         0         0         0         0         0         0         0
   103/299     2.47G   0.02507   0.01443         0    0.0395         1       256         0         0         0         0         0         0         0
   104/299     2.47G   0.02213   0.01095         0   0.03308         2       256         0         0         0         0         0         0         0
   105/299     2.47G   0.02425   0.01545         0    0.0397         2       256         0         0         0         0         0         0         0
   106/299     2.47G   0.02253   0.01242         0   0.03495         1       256         0         0         0         0         0         0         0
   107/299     2.47G   0.02071   0.01299         0    0.0337         1       256         0         0         0         0         0         0         0
   108/299     2.47G   0.02073   0.01024         0   0.03097         0       256         0         0         0         0         0         0         0
   109/299     2.47G    0.0198   0.01107         0   0.03088         2       256         0         0         0         0         0         0         0
   110/299     2.47G   0.01939  0.009791         0   0.02919         0       256         0         0         0         0         0         0         0
   111/299     2.47G   0.02092   0.01065         0   0.03156         2       256         0         0         0         0         0         0         0
   112/299     2.47G   0.02265   0.01139         0   0.03404         3       256         0         0         0         0         0         0         0
   113/299     2.47G   0.02028   0.01076         0   0.03105         0       256         0         0         0         0         0         0         0
   114/299     2.47G   0.02163   0.01078         0   0.03241         2       256         0         0         0         0         0         0         0
   115/299     2.47G    0.0194   0.01177         0   0.03116         1       256         0         0         0         0         0         0         0
   116/299     2.47G   0.02216   0.01181         0   0.03397         2       256         0         0         0         0         0         0         0
   117/299     2.47G   0.02255   0.01255         0    0.0351         2       256         0         0         0         0         0         0         0
   118/299     2.47G   0.01986   0.01139         0   0.03125         3       256         0         0         0         0         0         0         0
   119/299     2.47G   0.01902   0.01086         0   0.02988         2       256         0         0         0         0         0         0         0
   120/299     2.47G   0.02356   0.01216         0   0.03572         1       256         0         0         0         0         0         0         0
   121/299     2.47G   0.02093   0.01145         0   0.03238         2       256         0         0         0         0         0         0         0
   122/299     2.47G    0.0208   0.01183         0   0.03263         2       256         0         0         0         0         0         0         0
   123/299     2.47G   0.01953  0.009277         0   0.02881         0       256         0         0         0         0         0         0         0
   124/299     2.47G   0.02117    0.0119         0   0.03306         2       256         0         0         0         0         0         0         0
   125/299     2.47G   0.02354    0.0126         0   0.03614         3       256         0         0         0         0         0         0         0
   126/299     2.47G   0.02001   0.01131         0   0.03131         3       256         0         0         0         0         0         0         0
   127/299     2.47G   0.01993   0.01031         0   0.03023         2       256         0         0         0         0         0         0         0
   128/299     2.47G   0.01924  0.009337         0   0.02858         1       256         0         0         0         0         0         0         0
   129/299     2.47G    0.0222   0.01077         0   0.03297         2       256         0         0         0         0         0         0         0
   130/299     2.47G   0.02036   0.01076         0   0.03113         1       256         0         0         0         0         0         0         0
   131/299     2.47G   0.01999   0.01101         0     0.031         0       256         0         0         0         0         0         0         0
   132/299     2.47G   0.02359   0.01339         0   0.03698         2       256         0         0         0         0         0         0         0
   133/299     2.47G   0.01815  0.009484         0   0.02764         4       256         0         0         0         0         0         0         0
   134/299     2.47G   0.01872   0.01083         0   0.02955         3       256         0         0         0         0         0         0         0
   135/299     2.47G   0.01925   0.01043         0   0.02967         1       256         0         0         0         0         0         0         0
   136/299     2.47G   0.02257   0.01183         0   0.03441         2       256         0         0         0         0         0         0         0
   137/299     2.47G   0.02111   0.01302         0   0.03413         4       256         0         0         0         0         0         0         0
   138/299     2.47G   0.01978   0.01023         0   0.03001         2       256         0         0         0         0         0         0         0
   139/299     2.47G    0.0204   0.01032         0   0.03072         2       256         0         0         0         0         0         0         0
   140/299     2.47G   0.02374   0.01107         0    0.0348         3       256         0         0         0         0         0         0         0
   141/299     2.47G   0.01718  0.009529         0    0.0267         2       256         0         0         0         0         0         0         0
   142/299     2.47G    0.0166  0.009301         0    0.0259         2       256         0         0         0         0         0         0         0
   143/299     2.47G   0.01951   0.01243         0   0.03194         0       256         0         0         0         0         0         0         0
   144/299     2.47G   0.01805   0.01068         0   0.02872         3       256         0         0         0         0         0         0         0
   145/299     2.47G   0.02001   0.00981         0   0.02982         1       256         0         0         0         0         0         0         0
   146/299     2.47G   0.01681  0.009855         0   0.02666         3       256         0         0         0         0         0         0         0
   147/299     2.47G   0.01905  0.008875         0   0.02792         2       256         0         0         0         0         0         0         0
   148/299     2.47G   0.02139   0.01145         0   0.03285         0       256         0         0         0         0         0         0         0
   149/299     2.47G   0.01664  0.008744         0   0.02538         0       256         0         0         0         0         0         0         0
   150/299     2.47G   0.01753   0.01057         0   0.02809         1       256         0         0         0         0         0         0         0
   151/299     2.47G   0.01815  0.009612         0   0.02776         1       256         0         0         0         0         0         0         0
   152/299     2.47G    0.0206   0.01228         0   0.03288         0       256         0         0         0         0         0         0         0
   153/299     2.47G   0.01814  0.009334         0   0.02747         1       256         0         0         0         0         0         0         0
   154/299     2.47G   0.01645  0.009245         0   0.02569         1       256         0         0         0         0         0         0         0
   155/299     2.47G   0.01867  0.009847         0   0.02852         0       256         0         0         0         0         0         0         0
   156/299     2.47G   0.02004   0.01009         0   0.03013         0       256         0         0         0         0         0         0         0
   157/299     2.47G   0.01778   0.01016         0   0.02794         1       256         0         0         0         0         0         0         0
   158/299     2.47G   0.01794   0.01058         0   0.02853         1       256         0         0         0         0         0         0         0
   159/299     2.47G   0.01706  0.009613         0   0.02667         1       256         0         0         0         0         0         0         0
   160/299     2.47G   0.01734   0.01049         0   0.02783         2       256         0         0         0         0         0         0         0
   161/299     2.47G   0.01692  0.009783         0   0.02671         0       256         0         0         0         0         0         0         0
   162/299     2.47G   0.01731   0.01016         0   0.02748         1       256         0         0         0         0         0         0         0
   163/299     2.47G   0.01913   0.01058         0    0.0297         3       256         0         0         0         0         0         0         0
   164/299     2.47G   0.02166  0.008666         0   0.03033         3       256         0         0         0         0         0         0         0
   165/299     2.47G   0.01759   0.01014         0   0.02773         2       256         0         0         0         0         0         0         0
   166/299     2.47G    0.0191   0.01225         0   0.03135         2       256         0         0         0         0         0         0         0
   167/299     2.47G   0.01662  0.009533         0   0.02615         1       256         0         0         0         0         0         0         0
   168/299     2.47G   0.01756  0.009931         0   0.02749         1       256         0         0         0         0         0         0         0
   169/299     2.47G   0.01897   0.01061         0   0.02958         2       256         0         0         0         0         0         0         0
   170/299     2.47G   0.01751    0.0107         0   0.02821         2       256         0         0         0         0         0         0         0
   171/299     2.47G   0.01426  0.008624         0   0.02289         1       256         0         0         0         0         0         0         0
   172/299     2.47G   0.01659  0.008309         0    0.0249         0       256         0         0         0         0         0         0         0
   173/299     2.47G   0.01709  0.008701         0   0.02579         0       256         0         0         0         0         0         0         0
   174/299     2.47G    0.0155  0.009725         0   0.02523         0       256         0         0         0         0         0         0         0
   175/299     2.47G   0.01549   0.00941         0    0.0249         2       256         0         0         0         0         0         0         0
   176/299     2.47G   0.01793  0.009155         0   0.02708         1       256         0         0         0         0         0         0         0
   177/299     2.47G   0.01692  0.009741         0   0.02666         1       256         0         0         0         0         0         0         0
   178/299     2.47G   0.01683  0.008236         0   0.02507         2       256         0         0         0         0         0         0         0
   179/299     2.47G   0.01476  0.008702         0   0.02346         1       256         0         0         0         0         0         0         0
   180/299     2.47G    0.0161  0.009356         0   0.02545         0       256         0         0         0         0         0         0         0
   181/299     2.47G   0.01298  0.009305         0   0.02229         0       256         0         0         0         0         0         0         0
   182/299     2.47G   0.01407  0.007209         0   0.02128         1       256         0         0         0         0         0         0         0
   183/299     2.47G   0.01614  0.009144         0   0.02528         1       256         0         0         0         0         0         0         0
   184/299     2.47G    0.0165   0.01014         0   0.02665         1       256         0         0         0         0         0         0         0
   185/299     2.47G   0.01467  0.009798         0   0.02447         1       256         0         0         0         0         0         0         0
   186/299     2.47G   0.01403  0.009059         0   0.02309         3       256         0         0         0         0         0         0         0
   187/299     2.47G    0.0151  0.008082         0   0.02318         1       256         0         0         0         0         0         0         0
   188/299     2.47G   0.01517  0.009047         0   0.02422         2       256         0         0         0         0         0         0         0
   189/299     2.47G    0.0137  0.007358         0   0.02106         0       256         0         0         0         0         0         0         0
   190/299     2.47G   0.01444  0.008239         0   0.02268         2       256         0         0         0         0         0         0         0
   191/299     2.47G   0.01509  0.007604         0   0.02269         1       256         0         0         0         0         0         0         0
   192/299     2.47G   0.01575  0.009648         0    0.0254         1       256         0         0         0         0         0         0         0
   193/299     2.47G    0.0149  0.009677         0   0.02457         2       256         0         0         0         0         0         0         0
   194/299     2.47G   0.01405  0.007909         0   0.02196         1       256         0         0         0         0         0         0         0
   195/299     2.47G   0.01354  0.008277         0   0.02182         0       256         0         0         0         0         0         0         0
   196/299     2.47G    0.0152  0.009001         0    0.0242         3       256         0         0         0         0         0         0         0
   197/299     2.47G   0.01499  0.009304         0    0.0243         1       256         0         0         0         0         0         0         0
   198/299     2.47G   0.01396  0.008195         0   0.02215         1       256         0         0         0         0         0         0         0
   199/299     2.47G   0.01475  0.009258         0     0.024         2       256         0         0         0         0         0         0         0
   200/299     2.47G   0.01447  0.009125         0    0.0236         1       256         0         0         0         0         0         0         0
   201/299     2.47G   0.01517  0.009626         0   0.02479         0       256         0         0         0         0         0         0         0
   202/299     2.47G   0.01428  0.008848         0   0.02313         1       256         0         0         0         0         0         0         0
   203/299     2.47G   0.01516  0.009124         0   0.02428         1       256         0         0         0         0         0         0         0
   204/299     2.47G   0.01185  0.007655         0    0.0195         0       256         0         0         0         0         0         0         0
   205/299     2.47G   0.01338  0.008962         0   0.02235         2       256         0         0         0         0         0         0         0
   206/299     2.47G   0.01336  0.007889         0   0.02124         3       256         0         0         0         0         0         0         0
   207/299     2.47G   0.01353  0.008337         0   0.02187         0       256         0         0         0         0         0         0         0
   208/299     2.47G   0.01566  0.009847         0    0.0255         2       256         0         0         0         0         0         0         0
   209/299     2.47G   0.01427  0.007984         0   0.02225         1       256         0         0         0         0         0         0         0
   210/299     2.47G   0.01276  0.009073         0   0.02184         1       256         0         0         0         0         0         0         0
   211/299     2.47G   0.01393  0.009246         0   0.02317         1       256         0         0         0         0         0         0         0
   212/299     2.47G   0.01459  0.008294         0   0.02288         2       256         0         0         0         0         0         0         0
   213/299     2.47G   0.01114  0.007561         0   0.01871         4       256         0         0         0         0         0         0         0
   214/299     2.47G   0.01366  0.007618         0   0.02128         1       256         0         0         0         0         0         0         0
   215/299     2.47G   0.01262  0.007999         0   0.02062         2       256         0         0         0         0         0         0         0
   216/299     2.47G   0.01298  0.008598         0   0.02158         0       256         0         0         0         0         0         0         0
   217/299     2.47G   0.01427  0.009034         0    0.0233         1       256         0         0         0         0         0         0         0
   218/299     2.47G   0.01306  0.008579         0   0.02164         1       256         0         0         0         0         0         0         0
   219/299     2.47G   0.01148  0.006585         0   0.01807         0       256         0         0         0         0         0         0         0
   220/299     2.47G   0.01481  0.008131         0   0.02294         2       256         0         0         0         0         0         0         0
   221/299     2.47G   0.01274  0.008844         0   0.02159         2       256         0         0         0         0         0         0         0
   222/299     2.47G   0.01277  0.008983         0   0.02175         0       256         0         0         0         0         0         0         0
   223/299     2.47G   0.01304  0.009491         0   0.02253         3       256         0         0         0         0         0         0         0
   224/299     2.47G   0.01258  0.008599         0   0.02118         2       256         0         0         0         0         0         0         0
   225/299     2.47G   0.01431  0.009325         0   0.02364         2       256         0         0         0         0         0         0         0
   226/299     2.47G    0.0135  0.009719         0   0.02322         2       256         0         0         0         0         0         0         0
   227/299     2.47G   0.01172  0.009807         0   0.02153         2       256         0         0         0         0         0         0         0
   228/299     2.47G   0.01335  0.009372         0   0.02273         2       256         0         0         0         0         0         0         0
   229/299     2.47G   0.01386  0.008231         0   0.02209         1       256         0         0         0         0         0         0         0
   230/299     2.47G   0.01284   0.00821         0   0.02105         3       256         0         0         0         0         0         0         0
   231/299     2.47G   0.01084  0.007977         0   0.01881         3       256         0         0         0         0         0         0         0
   232/299     2.47G   0.01453  0.008662         0    0.0232         4       256         0         0         0         0         0         0         0
   233/299     2.47G    0.0128  0.007613         0   0.02042         2       256         0         0         0         0         0         0         0
   234/299     2.47G   0.01249  0.008129         0   0.02062         0       256         0         0         0         0         0         0         0
   235/299     2.47G   0.01308  0.007619         0    0.0207         2       256         0         0         0         0         0         0         0
   236/299     2.47G   0.01287  0.006798         0   0.01967         0       256         0         0         0         0         0         0         0
   237/299     2.47G   0.01346  0.008945         0    0.0224         1       256         0         0         0         0         0         0         0
   238/299     2.47G   0.01171  0.008571         0   0.02028         4       256         0         0         0         0         0         0         0
   239/299     2.47G   0.01185  0.008209         0   0.02006         3       256         0         0         0         0         0         0         0
   240/299     2.47G   0.01348  0.007909         0   0.02139         1       256         0         0         0         0         0         0         0
   241/299     2.47G   0.01139  0.007319         0   0.01871         2       256         0         0         0         0         0         0         0
   242/299     2.47G   0.01119  0.007827         0   0.01901         0       256         0         0         0         0         0         0         0
   243/299     2.47G   0.01186  0.007015         0   0.01887         1       256         0         0         0         0         0         0         0
   244/299     2.47G   0.01125  0.007513         0   0.01876         2       256         0         0         0         0         0         0         0
   245/299     2.47G   0.01243  0.006716         0   0.01915         4       256         0         0         0         0         0         0         0
   246/299     2.47G   0.01154  0.007646         0   0.01918         2       256         0         0         0         0         0         0         0
   247/299     2.47G   0.01079  0.006946         0   0.01774         1       256         0         0         0         0         0         0         0
   248/299     2.47G   0.01181  0.007041         0   0.01885         2       256         0         0         0         0         0         0         0
   249/299     2.47G   0.01104  0.007255         0   0.01829         3       256         0         0         0         0         0         0         0
   250/299     2.47G   0.01135  0.007474         0   0.01882         1       256         0         0         0         0         0         0         0
   251/299     2.47G   0.01124  0.007526         0   0.01876         1       256         0         0         0         0         0         0         0
   252/299     2.47G   0.01256  0.006914         0   0.01947         1       256         0         0         0         0         0         0         0
   253/299     2.47G   0.01144  0.007334         0   0.01877         2       256         0         0         0         0         0         0         0
   254/299     2.47G   0.01147   0.00725         0   0.01872         0       256         0         0         0         0         0         0         0
   255/299     2.47G   0.01272  0.007585         0   0.02031         1       256         0         0         0         0         0         0         0
   256/299     2.47G   0.01134  0.007646         0   0.01899         1       256         0         0         0         0         0         0         0
   257/299     2.47G    0.0119  0.007852         0   0.01976         2       256         0         0         0         0         0         0         0
   258/299     2.47G   0.01125  0.007424         0   0.01867         0       256         0         0         0         0         0         0         0
   259/299     2.47G   0.01089  0.007489         0   0.01838         1       256         0         0         0         0         0         0         0
   260/299     2.47G    0.0104  0.007406         0   0.01781         0       256         0         0         0         0         0         0         0
   261/299     2.47G   0.01042   0.00632         0   0.01674         4       256         0         0         0         0         0         0         0
   262/299     2.47G   0.01049  0.006845         0   0.01733         2       256         0         0         0         0         0         0         0
   263/299     2.47G   0.01168  0.007418         0    0.0191         2       256         0         0         0         0         0         0         0
   264/299     2.47G    0.0108  0.006708         0   0.01751         2       256         0         0         0         0         0         0         0
   265/299     2.47G   0.01084  0.007686         0   0.01853         3       256         0         0         0         0         0         0         0
   266/299     2.47G   0.01054  0.006449         0   0.01699         5       256         0         0         0         0         0         0         0
   267/299     2.47G   0.01024  0.006059         0    0.0163         2       256         0         0         0         0         0         0         0
   268/299     2.47G   0.01031   0.00694         0   0.01725         1       256         0         0         0         0         0         0         0
   269/299     2.47G  0.009932  0.007096         0   0.01703         2       256         0         0         0         0         0         0         0
   270/299     2.47G   0.01063  0.007176         0   0.01781         1       256         0         0         0         0         0         0         0
   271/299     2.47G  0.009064  0.006661         0   0.01572         3       256         0         0         0         0         0         0         0
   272/299     2.47G   0.01148  0.007721         0    0.0192         2       256         0         0         0         0         0         0         0
   273/299     2.47G   0.01185  0.007964         0   0.01981         1       256         0         0         0         0         0         0         0
   274/299     2.47G  0.009669  0.007752         0   0.01742         0       256         0         0         0         0         0         0         0
   275/299     2.47G   0.01087  0.007662         0   0.01853         1       256         0         0         0         0         0         0         0
   276/299     2.47G    0.0111  0.007375         0   0.01847         1       256         0         0         0         0         0         0         0
   277/299     2.47G    0.0106  0.006629         0   0.01723         2       256         0         0         0         0         0         0         0
   278/299     2.47G  0.008917  0.006627         0   0.01554         2       256         0         0         0         0         0         0         0
   279/299     2.47G  0.009313  0.007093         0   0.01641         3       256         0         0         0         0         0         0         0
   280/299     2.47G   0.01077  0.006646         0   0.01741         0       256         0         0         0         0         0         0         0
   281/299     2.47G   0.01112  0.006949         0   0.01807         2       256         0         0         0         0         0         0         0
   282/299     2.47G  0.008935  0.006184         0   0.01512         3       256         0         0         0         0         0         0         0
   283/299     2.47G  0.009249  0.006485         0   0.01573         3       256         0         0         0         0         0         0         0
   284/299     2.47G   0.01102  0.006869         0   0.01789         1       256         0         0         0         0         0         0         0
   285/299     2.47G    0.0101  0.006258         0   0.01636         1       256         0         0         0         0         0         0         0
   286/299     2.47G  0.009915  0.007117         0   0.01703         2       256         0         0         0         0         0         0         0
   287/299     2.47G   0.01089  0.006687         0   0.01757         3       256         0         0         0         0         0         0         0
   288/299     2.47G   0.01014  0.007088         0   0.01723         2       256         0         0         0         0         0         0         0
   289/299     2.47G   0.01066  0.008087         0   0.01875         0       256         0         0         0         0         0         0         0
   290/299     2.47G  0.008877  0.005717         0   0.01459         0       256         0         0         0         0         0         0         0
   291/299     2.47G  0.008965  0.005518         0   0.01448         1       256         0         0         0         0         0         0         0
   292/299     2.47G   0.01054  0.007835         0   0.01838         3       256         0         0         0         0         0         0         0
   293/299     2.47G   0.01043  0.005929         0   0.01636         1       256         0         0         0         0         0         0         0
   294/299     2.47G   0.01021  0.006571         0   0.01679         1       256         0         0         0         0         0         0         0
   295/299     2.47G   0.01027  0.006549         0   0.01682         0       256         0         0         0         0         0         0         0
   296/299     2.47G  0.008673  0.005766         0   0.01444         0       256         0         0         0         0         0         0         0
   297/299     2.47G  0.009124  0.005797         0   0.01492         0       256         0         0         0         0         0         0         0
   298/299     2.47G  0.009396  0.005589         0   0.01499         1       256         0         0         0         0         0         0         0
   299/299     2.47G  0.009672  0.006433         0   0.01611         1       256     0.836    0.9286    0.9333    0.5994   0.02514   0.02147         0
