     0/219     2.47G   0.08537   0.03419         0    0.1196         0       256         0         0 0.0001232 1.866e-05    0.0933   0.03748         0
     1/219     2.47G   0.07445   0.03516         0    0.1096         0       256         0         0  0.004116  0.000573   0.08625   0.03803         0
     2/219     2.47G   0.06709   0.03508         0    0.1022         0       256         0         0  0.002693 0.0004593   0.07918   0.03963         0
     3/219     2.47G   0.05942   0.03583         0   0.09525         0       256         0         0    0.0151   0.00311   0.07176   0.03823         0
     4/219     2.47G   0.05331   0.03314         0   0.08645         0       256    0.7214    0.5554    0.6238    0.1949   0.06146   0.03235         0
     5/219     2.47G   0.05556   0.02504         0    0.0806         0       256    0.1671    0.7143    0.2887   0.04782   0.05983   0.02739         0
     6/219     2.47G   0.05064   0.02178         0   0.07242         0       256    0.2589    0.8571    0.6334    0.1699   0.05625   0.02443         0
     7/219     2.47G   0.05701   0.01712         0   0.07413         0       256    0.1822    0.8214    0.2893    0.0986   0.06949   0.02064         0
     8/219     2.47G   0.05753   0.01596         0   0.07349         0       256    0.1151    0.8929    0.4556    0.2347   0.06467   0.01942         0
     9/219     2.47G   0.06053   0.01378         0   0.07431         0       256     0.126      0.75    0.3353    0.1898   0.06449   0.02129         0
    10/219     2.47G    0.0567   0.01414         0   0.07085         0       256   0.08435    0.8571    0.1869    0.0859   0.07306   0.01745         0
    11/219     2.47G   0.06106   0.01566         0   0.07673         0       256    0.2173    0.8929    0.5417    0.1948   0.06533   0.01976         0
    12/219     2.47G   0.05561   0.01686         0   0.07247         0       256    0.2158    0.8929    0.3233    0.1151   0.05638   0.02257         0
    13/219     2.47G   0.05884   0.01262         0   0.07145         0       256    0.1181    0.3214    0.1968   0.08456   0.06605   0.02664         0
    14/219     2.47G   0.05345   0.01565         0    0.0691         0       256    0.1298    0.9286    0.5721    0.2483   0.05148   0.01984         0
    15/219     2.47G   0.04831   0.01277         0   0.06108         0       256    0.1119    0.9643    0.4733   0.09738   0.06106   0.01659         0
    16/219     2.47G   0.05526   0.01227         0   0.06753         0       256    0.1679    0.9286    0.4507   0.09755    0.0587   0.01699         0
    17/219     2.47G   0.05201   0.01426         0   0.06626         0       256    0.1735    0.9286    0.5003    0.1306   0.05433   0.01887         0
    18/219     2.47G   0.04932   0.01196         0   0.06128         0       256    0.1998    0.9643    0.5764    0.2094   0.04802   0.01865         0
    19/219     2.47G   0.04104   0.01144         0   0.05248         0       256    0.1684    0.9643    0.5657    0.2097   0.04657   0.01679         0
    20/219     2.47G   0.04376   0.01041         0   0.05417         0       256    0.2439    0.9286    0.5446    0.2052   0.04636    0.0197         0
    21/219     2.47G   0.04121   0.01168         0   0.05289         0       256    0.2211    0.9643    0.6935    0.3201   0.04398   0.01732         0
    22/219     2.47G   0.03979   0.01009         0   0.04988         0       256    0.2523    0.9286    0.7457    0.2871   0.04295   0.01693         0
    23/219     2.47G   0.03608  0.009355         0   0.04544         0       256      0.31    0.9286    0.6613    0.3727   0.04325   0.01766         0
    24/219     2.47G    0.0395  0.009376         0   0.04887         0       256    0.3097    0.8214    0.5994    0.2776   0.04269   0.01928         0
    25/219     2.47G   0.03685  0.009437         0   0.04629         0       256    0.4144    0.8929    0.7593    0.4081   0.04448   0.01669         0
    26/219     2.47G   0.03442   0.00899         0   0.04341         0       256    0.3014    0.9286    0.7235    0.2932   0.04051   0.01574         0
    27/219     2.47G   0.03544  0.008538         0   0.04398         0       256    0.3463    0.9643    0.7661    0.4125   0.04232   0.01483         0
    28/219     2.47G   0.03419  0.008784         0   0.04298         0       256    0.3435    0.9643    0.6521     0.302   0.04025   0.01566         0
    29/219     2.47G   0.03365  0.008824         0   0.04248         0       256    0.3448    0.9286    0.6372    0.2421   0.03655   0.01714         0
    30/219     2.47G   0.03019  0.008551         0   0.03874         0       256    0.3955    0.9286    0.7866     0.444   0.03385   0.01601         0
    31/219     2.47G   0.03198  0.007978         0   0.03996         0       256    0.3955    0.9286    0.8003    0.4351   0.04043   0.01682         0
    32/219     2.47G   0.03249  0.009624         0   0.04211         0       256    0.5407    0.9286    0.8955    0.6252    0.0333   0.01706         0
    33/219     2.47G   0.02988  0.008011         0   0.03789         0       256    0.4653    0.9286    0.8847      0.54    0.0352   0.01686         0
    34/219     2.47G   0.02971  0.007482         0   0.03719         0       256    0.5041    0.8929    0.8697    0.4997   0.03595   0.01897         0
    35/219     2.47G   0.02846  0.007619         0   0.03608         0       256    0.7666    0.8571    0.8697    0.5683    0.0365   0.02059         0
    36/219     2.47G   0.02985  0.007513         0   0.03736         0       256    0.6071    0.8571    0.7335    0.3449   0.03887   0.02304         0
    37/219     2.47G   0.02721  0.008324         0   0.03554         0       256    0.4352    0.9286    0.8881     0.556   0.03551   0.01755         0
    38/219     2.47G   0.02626  0.007706         0   0.03396         0       256    0.5502    0.9286    0.9209    0.5688   0.03163   0.01748         0
    39/219     2.47G   0.02428  0.006984         0   0.03126         0       256      0.71    0.8929    0.8683    0.5805   0.03245   0.01809         0
    40/219     2.47G   0.02466  0.006971         0   0.03163         0       256    0.6246    0.8571    0.7674    0.5169   0.03574    0.0212         0
    41/219     2.47G   0.02507  0.006999         0   0.03207         0       256    0.6729    0.9286    0.9027    0.6017   0.03234   0.01732         0
    42/219     2.47G   0.02203  0.006626         0   0.02866         0       256    0.7536    0.9286    0.9225    0.5688   0.03428    0.0165         0
    43/219     2.47G   0.02655  0.006895         0   0.03345         0       256    0.7309    0.9286    0.9221    0.5462   0.03079    0.0175         0
    44/219     2.47G   0.01989  0.006943         0   0.02683         0       256    0.6575    0.9286    0.9162    0.5898   0.03214   0.01672         0
    45/219     2.47G   0.02466  0.006742         0   0.03141         0       256    0.5344    0.9643    0.9259     0.653   0.03087   0.01623         0
    46/219     2.47G   0.02199  0.006512         0    0.0285         0       256    0.6783    0.9286    0.9445    0.6087   0.03062   0.01687         0
    47/219     2.47G   0.02204  0.006451         0   0.02849         0       256    0.5694    0.9286    0.9064    0.5784   0.02981   0.01781         0
    48/219     2.47G   0.02189   0.00661         0    0.0285         0       256     0.747    0.8929    0.9202     0.635   0.03014   0.01858         0
    49/219     2.47G   0.02258  0.006338         0   0.02892         0       256    0.7105    0.8929    0.9077    0.6291   0.03051   0.01794         0
    50/219     2.47G   0.01926  0.006133         0   0.02539         0       256    0.6799    0.9104    0.9365    0.6789   0.02877   0.01724         0
    51/219     2.47G   0.01908  0.006059         0   0.02514         0       256    0.6683    0.9286    0.9343    0.6576   0.02964   0.01672         0
    52/219     2.47G   0.02087  0.006109         0   0.02697         0       256     0.643    0.9286    0.9238    0.5913   0.03145    0.0173         0
    53/219     2.47G   0.02249  0.006363         0   0.02885         0       256    0.7443    0.9286     0.939    0.6713    0.0283   0.01787         0
    54/219     2.47G   0.01873  0.006113         0   0.02484         0       256    0.7244    0.8929    0.9375    0.6397   0.02872   0.01732         0
    55/219     2.47G   0.01713  0.005444         0   0.02257         0       256    0.6725    0.8929    0.9206     0.524   0.03216   0.01762         0
    56/219     2.47G   0.02419  0.006238         0   0.03043         0       256     0.761    0.8929    0.9086    0.6271   0.03107   0.01828         0
    57/219     2.47G   0.02098  0.006192         0   0.02717         0       256    0.6972    0.8929    0.9097    0.5998   0.03159   0.01883         0
    58/219     2.47G   0.01938  0.005893         0   0.02528         0       256    0.7954    0.8929    0.9259    0.6166   0.02983    0.0178         0
    59/219     2.47G   0.01781  0.005655         0   0.02346         0       256    0.6766    0.9286    0.9267     0.644    0.0283   0.01736         0
    60/219     2.47G   0.01943  0.005691         0   0.02512         0       256    0.5876    0.9286    0.9017    0.5979   0.03051   0.01763         0
    61/219     2.47G    0.0219  0.006004         0    0.0279         0       256    0.8126    0.9286    0.9313     0.663   0.02936   0.01897         0
    62/219     2.47G   0.01646  0.005886         0   0.02234         0       256     0.802    0.9286    0.9289    0.6845   0.02737   0.01903         0
    63/219     2.47G   0.01646  0.005374         0   0.02183         0       256    0.7858    0.9286    0.9246    0.6983   0.02715   0.01844         0
    64/219     2.47G   0.01884  0.005514         0   0.02435         0       256    0.7296    0.8929    0.9246    0.6485   0.03231   0.01901         0
    65/219     2.47G   0.02521  0.006372         0   0.03158         0       256    0.8314    0.8929    0.9213     0.647    0.0301    0.0204         0
    66/219     2.47G   0.01786  0.006162         0   0.02402         0       256    0.8654    0.8929    0.9391      0.68   0.02786   0.01906         0
    67/219     2.47G   0.01474  0.005218         0   0.01996         0       256    0.7759    0.9286    0.9434    0.6755   0.02739   0.01745         0
    68/219     2.47G   0.01765  0.005506         0   0.02316         0       256    0.7368    0.9286     0.944     0.669   0.02799   0.01683         0
    69/219     2.47G   0.01613  0.005159         0   0.02129         0       256    0.7392    0.9286    0.9331    0.6316   0.02779   0.01707         0
    70/219     2.47G   0.01487  0.004981         0   0.01985         0       256    0.7429    0.9286    0.9316    0.6128   0.02696   0.01653         0
    71/219     2.47G   0.01539  0.005039         0   0.02043         0       256     0.733    0.9286    0.9311    0.6456   0.02646   0.01659         0
    72/219     2.47G   0.01836  0.005285         0   0.02364         0       256    0.7323    0.9286    0.9328    0.6528   0.02606    0.0171         0
    73/219     2.47G    0.0167  0.005203         0   0.02191         0       256     0.796    0.9286    0.9337    0.6291   0.02695   0.01789         0
    74/219     2.47G   0.01644  0.005261         0   0.02171         0       256    0.7921    0.9286    0.9333    0.6929   0.02559   0.01743         0
    75/219     2.47G    0.0164  0.005047         0   0.02145         0       256    0.7294    0.9286    0.9378     0.705   0.02623   0.01701         0
    76/219     2.47G   0.01593  0.005224         0   0.02116         0       256    0.7721    0.9286    0.9447    0.6891   0.02569   0.01688         0
    77/219     2.47G   0.01677  0.005202         0   0.02197         0       256    0.7377    0.9286     0.944    0.6778   0.02549   0.01724         0
    78/219     2.47G   0.01488  0.005138         0   0.02002         0       256     0.679    0.9286    0.9408    0.6459   0.02468   0.01703         0
    79/219     2.47G   0.01527  0.005015         0   0.02028         0       256    0.6373    0.9286    0.9143    0.6045   0.02702    0.0174         0
    80/219     2.47G   0.01749  0.005386         0   0.02288         0       256    0.6654    0.9286    0.9303    0.6144   0.02706   0.01752         0
    81/219     2.47G   0.01562  0.005118         0   0.02073         0       256    0.7374    0.9286    0.9415    0.6311   0.02611   0.01748         0
    82/219     2.47G    0.0145  0.004917         0   0.01942         0       256    0.7082    0.9286    0.9448    0.6735   0.02582   0.01672         0
    83/219     2.47G   0.01467  0.004921         0    0.0196         0       256    0.7079    0.9286    0.9482    0.6986   0.02631   0.01656         0
    84/219     2.47G   0.01524  0.005033         0   0.02028         0       256     0.755    0.9286    0.9505    0.6748   0.02556   0.01655         0
    85/219     2.47G   0.01483  0.004827         0   0.01966         0       256    0.7604    0.9286    0.9449    0.6834   0.02542   0.01658         0
    86/219     2.47G   0.01373  0.004683         0   0.01841         0       256     0.817    0.9286    0.9385    0.6666   0.02473   0.01719         0
    87/219     2.47G   0.01245  0.004562         0   0.01701         0       256    0.8293    0.9286    0.9368    0.6631   0.02586   0.01766         0
    88/219     2.47G    0.0145  0.004913         0   0.01941         0       256    0.8372    0.9286     0.934    0.6875   0.02615   0.01724         0
    89/219     2.47G     0.016  0.004858         0   0.02086         0       256    0.8961    0.9247    0.9312    0.6558   0.02563   0.01773         0
    90/219     2.47G   0.01225  0.004703         0   0.01695         0       256    0.8678    0.8929    0.9246    0.6534   0.02568    0.0189         0
    91/219     2.47G   0.01299  0.004502         0   0.01749         0       256    0.8652    0.8929    0.9255    0.6782   0.02559    0.0189         0
    92/219     2.47G   0.01589  0.004831         0   0.02072         0       256     0.894    0.9036    0.9294    0.6611   0.02617   0.01901         0
    93/219     2.47G   0.01292  0.004507         0   0.01743         0       256    0.8671    0.8929    0.9297    0.6785   0.02481   0.01916         0
    94/219     2.47G    0.0119  0.004337         0   0.01624         0       256    0.8709    0.9286    0.9351    0.6872   0.02522   0.01808         0
    95/219     2.47G   0.01416  0.004625         0   0.01878         0       256    0.8763    0.9286    0.9322    0.7075   0.02474   0.01841         0
    96/219     2.47G   0.01283  0.004482         0   0.01731         0       256    0.9005    0.9286    0.9327     0.676   0.02577   0.01947         0
    97/219     2.47G   0.01293  0.004661         0   0.01759         0       256    0.9189    0.9286     0.933    0.6968   0.02551   0.01996         0
    98/219     2.47G   0.01107  0.004206         0   0.01527         0       256    0.8267    0.9286    0.9343    0.6917    0.0258    0.0191         0
    99/219     2.47G   0.01127  0.004063         0   0.01534         0       256    0.8284    0.9286    0.9354     0.633   0.02529   0.01874         0
   100/219     2.47G   0.01511  0.004767         0   0.01988         0       256    0.8403    0.9286    0.9374    0.6614   0.02644   0.01894         0
   101/219     2.47G   0.01632   0.00496         0   0.02128         0       256    0.8102    0.9286    0.9436     0.695   0.02661   0.01951         0
   102/219     2.47G    0.0125  0.004806         0   0.01731         0       256      0.78    0.9286    0.9531    0.7051   0.02494   0.01831         0
   103/219     2.47G   0.01062  0.004352         0   0.01497         0       256    0.7443    0.9356    0.9498    0.7122   0.02485   0.01744         0
   104/219     2.47G   0.01351  0.004733         0   0.01825         0       256    0.7223    0.9286     0.946    0.6846   0.02534   0.01722         0
   105/219     2.47G   0.01022  0.004151         0   0.01438         0       256    0.7091    0.9643     0.942    0.6555   0.02487   0.01735         0
   106/219     2.47G  0.009975  0.003976         0   0.01395         0       256    0.6734    0.9286    0.9394    0.6605   0.02497   0.01759         0
   107/219     2.47G   0.01197  0.004277         0   0.01625         0       256     0.686    0.9286    0.9373    0.6575   0.02521   0.01784         0
   108/219     2.47G   0.01288  0.004609         0   0.01749         0       256    0.7014    0.9286    0.9421     0.671   0.02638   0.01832         0
   109/219     2.47G   0.01414  0.004541         0   0.01868         0       256    0.7857    0.8929    0.9376    0.6819   0.02549   0.01942         0
   110/219     2.47G   0.01189  0.004303         0   0.01619         0       256    0.7725    0.9286     0.939    0.6883   0.02425   0.01917         0
   111/219     2.47G   0.01012  0.004016         0   0.01413         0       256    0.7896    0.9286     0.934    0.6865   0.02487   0.01924         0
   112/219     2.47G   0.01083  0.004068         0    0.0149         0       256    0.7971    0.9286     0.934    0.6902   0.02532   0.01931         0
   113/219     2.47G   0.01122  0.004012         0   0.01523         0       256    0.8374    0.9286    0.9319    0.6991   0.02484    0.0192         0
   114/219     2.47G  0.009604  0.003636         0   0.01324         0       256    0.8115    0.9286    0.9301     0.647   0.02608   0.01936         0
   115/219     2.47G   0.01314  0.004287         0   0.01743         0       256    0.8065    0.9286    0.9313    0.6553    0.0262    0.0193         0
   116/219     2.47G   0.01129   0.00425         0   0.01554         0       256    0.8592    0.9286     0.937    0.6825   0.02507   0.01949         0
   117/219     2.47G  0.009563   0.00393         0   0.01349         0       256    0.8232    0.9286    0.9392    0.6776   0.02498    0.0191         0
   118/219     2.47G  0.009596   0.00383         0   0.01343         0       256    0.7779    0.9286    0.9397    0.6988   0.02427    0.0187         0
   119/219     2.47G   0.01122  0.004059         0   0.01528         0       256    0.7528    0.9286    0.9379    0.6999   0.02503   0.01876         0
   120/219     2.47G   0.01156  0.004148         0   0.01571         0       256    0.7518    0.9286     0.939     0.685   0.02454   0.01907         0
   121/219     2.47G  0.008663  0.003691         0   0.01235         0       256    0.7752    0.9286    0.9386    0.6853   0.02496   0.01916         0
   122/219     2.47G  0.009978  0.003816         0   0.01379         0       256    0.7714    0.9286    0.9401     0.698   0.02435   0.01899         0
   123/219     2.47G  0.008703  0.003618         0   0.01232         0       256    0.8087    0.9286    0.9361    0.6983   0.02425   0.01879         0
   124/219     2.47G   0.01067  0.003939         0    0.0146         0       256    0.7624    0.9286    0.9309     0.662   0.02552   0.01889         0
   125/219     2.47G   0.01265  0.004279         0   0.01693         0       256    0.7976    0.9286    0.9218    0.6804   0.02496   0.01917         0
   126/219     2.47G   0.00892  0.003515         0   0.01243         0       256    0.8092    0.9286    0.9236    0.6694   0.02519   0.01926         0
   127/219     2.47G  0.009513  0.003795         0   0.01331         0       256    0.8073    0.9286    0.9258    0.6678   0.02512   0.01929         0
   128/219     2.47G   0.00934  0.003704         0   0.01304         0       256    0.7911    0.9286    0.9237    0.6573   0.02514   0.01914         0
   129/219     2.47G  0.009315  0.003594         0   0.01291         0       256    0.7977    0.9286    0.9249    0.6603   0.02531   0.01905         0
   130/219     2.47G  0.009067  0.003497         0   0.01256         0       256    0.7753    0.9286    0.9301    0.6763   0.02494   0.01889         0
   131/219     2.47G  0.009396  0.003481         0   0.01288         0       256    0.7898    0.9286    0.9335    0.6861   0.02497   0.01916         0
   132/219     2.47G   0.01014  0.003966         0   0.01411         0       256    0.8195    0.9286    0.9348    0.6868   0.02464   0.01932         0
   133/219     2.47G  0.008503  0.003482         0   0.01198         0       256    0.8236    0.9286    0.9348    0.6897    0.0252   0.01948         0
   134/219     2.47G  0.008397  0.003439         0   0.01184         0       256    0.8147    0.9286    0.9323    0.6717   0.02462   0.01909         0
   135/219     2.47G  0.008907  0.003489         0    0.0124         0       256    0.8085    0.9286    0.9302     0.675   0.02458   0.01902         0
   136/219     2.47G  0.009238  0.003697         0   0.01293         0       256    0.7772    0.9286    0.9315    0.6776   0.02473   0.01911         0
   137/219     2.47G  0.007809  0.003355         0   0.01116         0       256    0.7913    0.9286    0.9336    0.6651   0.02459   0.01931         0
   138/219     2.47G   0.00768  0.003293         0   0.01097         0       256    0.7835    0.9286    0.9342      0.69   0.02469   0.01911         0
   139/219     2.47G  0.008829  0.003426         0   0.01225         0       256    0.7905    0.9286    0.9327    0.6895   0.02427   0.01925         0
   140/219     2.47G  0.008058  0.003451         0   0.01151         0       256    0.8004    0.9286    0.9328     0.695   0.02496   0.01947         0
   141/219     2.47G  0.007374  0.003284         0   0.01066         0       256    0.7547    0.9286    0.9339    0.6851   0.02463   0.01952         0
   142/219     2.47G  0.007828   0.00324         0   0.01107         0       256    0.7575    0.9286    0.9337      0.69   0.02468   0.01922         0
   143/219     2.47G  0.006331  0.002984         0  0.009315         0       256    0.8069    0.9286    0.9318    0.6685   0.02506   0.01941         0
   144/219     2.47G  0.009051  0.003513         0   0.01256         0       256    0.7444    0.9286     0.925    0.6617   0.02533   0.01944         0
   145/219     2.47G  0.009155  0.003406         0   0.01256         0       256    0.7679    0.9286     0.933    0.6961   0.02549   0.01979         0
   146/219     2.47G  0.006768  0.003113         0  0.009881         0       256    0.7883    0.9286    0.9384    0.6921   0.02485   0.01956         0
   147/219     2.47G  0.007304  0.003303         0   0.01061         0       256     0.814    0.9286    0.9378    0.7027   0.02463   0.01971         0
   148/219     2.47G  0.007891  0.003352         0   0.01124         0       256    0.7881    0.9286    0.9375    0.7055   0.02471   0.01955         0
   149/219     2.47G  0.007669  0.003262         0   0.01093         0       256    0.7666    0.9286    0.9337    0.6573   0.02452   0.01982         0
   150/219     2.47G  0.007166  0.003102         0   0.01027         0       256    0.7683    0.9286    0.9252    0.6504   0.02496   0.01983         0
   151/219     2.47G  0.007406   0.00309         0    0.0105         0       256    0.7955    0.8929    0.9185    0.6503   0.02518   0.01997         0
   152/219     2.47G  0.008621  0.003414         0   0.01203         0       256    0.7642    0.8929     0.918    0.6351   0.02513   0.02006         0
   153/219     2.47G  0.006523  0.002939         0  0.009462         0       256    0.8125    0.8929    0.9232    0.6651   0.02554   0.02002         0
   154/219     2.47G  0.007387  0.003125         0   0.01051         0       256    0.8231    0.9286     0.932    0.6862   0.02485   0.01975         0
   155/219     2.47G  0.006438  0.003026         0  0.009464         0       256    0.8402    0.9286    0.9313    0.6815   0.02518   0.01978         0
   156/219     2.47G  0.008111  0.003376         0   0.01149         0       256    0.8286    0.9286    0.9311    0.6644   0.02518    0.0198         0
   157/219     2.47G  0.006724  0.003011         0  0.009735         0       256    0.7792    0.9286    0.9242    0.6674   0.02512   0.01983         0
   158/219     2.47G  0.006672  0.002928         0  0.009601         0       256    0.7696    0.9286    0.9249    0.6768   0.02452   0.01978         0
   159/219     2.47G  0.006213  0.002853         0  0.009066         0       256     0.741    0.9286    0.9286    0.6717    0.0248   0.01988         0
   160/219     2.47G  0.007726  0.003204         0   0.01093         0       256    0.7205    0.9286    0.9334    0.6718   0.02496   0.01995         0
   161/219     2.47G  0.008494  0.003354         0   0.01185         0       256    0.7755    0.9286    0.9337    0.6758   0.02514   0.01981         0
   162/219     2.47G  0.006672   0.00298         0  0.009652         0       256    0.7676    0.9286    0.9345    0.6931   0.02449   0.01994         0
   163/219     2.47G  0.006268  0.002859         0  0.009127         0       256    0.7719    0.9286    0.9316    0.6942   0.02462   0.01999         0
   164/219     2.47G  0.006849  0.003137         0  0.009986         0       256    0.7595    0.9286    0.9336    0.6981   0.02483   0.01971         0
   165/219     2.47G  0.006292   0.00286         0  0.009152         0       256    0.7831    0.9286    0.9328    0.6774   0.02492    0.0196         0
   166/219     2.47G   0.00635  0.002936         0  0.009286         0       256    0.7636    0.9286    0.9346    0.6921   0.02448   0.01931         0
   167/219     2.47G  0.006174  0.002896         0  0.009071         0       256    0.7697    0.9286    0.9336    0.6994   0.02454   0.01949         0
   168/219     2.47G  0.006145  0.002891         0  0.009036         0       256    0.7658    0.9286    0.9323     0.688   0.02426    0.0195         0
   169/219     2.47G  0.006321  0.002942         0  0.009263         0       256    0.8062    0.9286    0.9329    0.6888   0.02471    0.0196         0
   170/219     2.47G  0.005567  0.002745         0  0.008312         0       256    0.7897    0.9286    0.9319    0.6916   0.02461   0.01959         0
   171/219     2.47G   0.00538  0.002689         0   0.00807         0       256    0.8399    0.9286    0.9317    0.6803   0.02494   0.01984         0
   172/219     2.47G  0.007174  0.003105         0   0.01028         0       256    0.8146    0.9286    0.9313    0.6719   0.02511   0.01991         0
   173/219     2.47G  0.005575  0.002635         0   0.00821         0       256      0.84    0.9286    0.9311    0.6679     0.025   0.01998         0
   174/219     2.47G  0.005662  0.002685         0  0.008346         0       256    0.8409    0.9286    0.9343    0.6734   0.02473   0.01982         0
   175/219     2.47G  0.004609   0.00254         0  0.007148         0       256    0.8393    0.9286    0.9335    0.6736    0.0246      0.02         0
   176/219     2.47G  0.005911  0.002826         0  0.008737         0       256    0.8682    0.9286    0.9348    0.6948   0.02465   0.02002         0
   177/219     2.47G  0.005374  0.002612         0  0.007986         0       256    0.8686    0.9286    0.9336    0.6791   0.02484   0.02015         0
   178/219     2.47G  0.004909  0.002494         0  0.007403         0       256    0.8303    0.9286    0.9342    0.6863    0.0248   0.01998         0
   179/219     2.47G  0.006234  0.002787         0  0.009021         0       256    0.8346    0.9286    0.9337    0.6726   0.02466    0.0201         0
   180/219     2.47G  0.005871  0.002733         0  0.008604         0       256    0.8667    0.9286     0.935    0.6998   0.02464   0.02014         0
   181/219     2.47G  0.005867  0.002727         0  0.008593         0       256    0.8016    0.9286     0.935    0.6922   0.02489   0.02025         0
   182/219     2.47G  0.005207  0.002539         0  0.007747         0       256    0.8325    0.9286    0.9365    0.6815   0.02462   0.02014         0
   183/219     2.47G  0.004974   0.00255         0  0.007523         0       256      0.86    0.9286    0.9345    0.6721   0.02468   0.02033         0
   184/219     2.47G  0.005506  0.002783         0  0.008288         0       256    0.7931    0.9286    0.9325    0.6784   0.02471   0.02038         0
   185/219     2.47G   0.00523  0.002503         0  0.007733         0       256    0.8102    0.9286    0.9318    0.6831    0.0247   0.02011         0
   186/219     2.47G  0.005035  0.002491         0  0.007525         0       256    0.7706    0.9286    0.9354    0.6874   0.02472   0.01986         0
   187/219     2.47G  0.005181  0.002533         0  0.007714         0       256    0.7756    0.9286    0.9345    0.6749   0.02511   0.01999         0
   188/219     2.47G  0.006889  0.002957         0  0.009846         0       256    0.7649    0.9286    0.9332    0.6761   0.02503      0.02         0
   189/219     2.47G  0.004901  0.002449         0   0.00735         0       256    0.8148    0.9286    0.9381    0.6795   0.02505      0.02         0
   190/219     2.47G  0.005093  0.002544         0  0.007638         0       256    0.7707    0.9286    0.9385     0.702    0.0245   0.01989         0
   191/219     2.47G  0.004913  0.002573         0  0.007486         0       256    0.7653    0.9286    0.9376    0.6928    0.0244   0.02003         0
   192/219     2.47G  0.004875  0.002584         0  0.007459         0       256    0.7694    0.9286     0.937    0.6882   0.02427   0.02009         0
   193/219     2.47G   0.00481  0.002549         0  0.007359         0       256    0.7901    0.9286    0.9374    0.6797   0.02453   0.02003         0
   194/219     2.47G  0.004198  0.002347         0  0.006545         0       256    0.7754    0.9286     0.933    0.6656   0.02443   0.01982         0
   195/219     2.47G  0.004776  0.002477         0  0.007253         0       256    0.8148    0.9286    0.9291    0.6662   0.02475   0.01977         0
   196/219     2.47G  0.005734  0.002732         0  0.008466         0       256    0.7884    0.9286    0.9305     0.671   0.02484   0.01972         0
   197/219     2.47G  0.004826  0.002468         0  0.007294         0       256    0.8405    0.9286    0.9301    0.6782   0.02499   0.01992         0
   198/219     2.47G  0.004415  0.002348         0  0.006764         0       256     0.784    0.9286    0.9295     0.676   0.02459    0.0199         0
   199/219     2.47G  0.004635  0.002416         0  0.007051         0       256    0.8033    0.9286    0.9339    0.6867   0.02471   0.02004         0
   200/219     2.47G  0.005424  0.002708         0  0.008132         0       256    0.7984    0.9286    0.9337    0.6726   0.02478   0.02015         0
   201/219     2.47G  0.004521  0.002384         0  0.006905         0       256     0.841    0.9286    0.9344    0.6891   0.02475   0.02019         0
   202/219     2.47G  0.004089  0.002309         0  0.006398         0       256    0.7832    0.9286    0.9347    0.6886   0.02441   0.02006         0
   203/219     2.47G  0.004112  0.002358         0   0.00647         0       256    0.8415    0.9286    0.9339    0.6747   0.02466   0.02011         0
   204/219     2.47G  0.004985  0.002547         0  0.007532         0       256    0.7763    0.9286    0.9325      0.68   0.02465   0.02006         0
   205/219     2.47G  0.005617  0.002546         0  0.008162         0       256    0.7811    0.9286     0.934    0.6899   0.02475   0.02017         0
   206/219     2.47G  0.004305  0.002324         0  0.006629         0       256    0.7677    0.9286    0.9356     0.685   0.02455   0.02003         0
   207/219     2.47G  0.003799  0.002234         0  0.006034         0       256      0.79    0.9286    0.9326    0.6885   0.02469   0.02025         0
   208/219     2.47G  0.004811  0.002437         0  0.007248         0       256    0.7808    0.9286    0.9352     0.706    0.0247   0.02035         0
   209/219     2.47G  0.003945  0.002272         0  0.006217         0       256    0.7925    0.9286    0.9342    0.7131   0.02482   0.02024         0
   210/219     2.47G  0.004287  0.002335         0  0.006622         0       256    0.8102    0.9286    0.9372    0.7054   0.02446   0.02003         0
   211/219     2.47G  0.004362  0.002354         0  0.006716         0       256    0.8421    0.9286    0.9343    0.7016   0.02475   0.02019         0
   212/219     2.47G  0.004648  0.002444         0  0.007091         0       256    0.8467    0.9286    0.9343    0.7027   0.02478   0.02016         0
   213/219     2.47G  0.005032  0.002458         0   0.00749         0       256    0.8676    0.9286    0.9345    0.7074   0.02506   0.02015         0
   214/219     2.47G  0.004459  0.002341         0    0.0068         0       256    0.8714    0.9286    0.9344    0.6857    0.0249   0.01997         0
   215/219     2.47G  0.004212  0.002281         0  0.006493         0       256    0.8683    0.9286    0.9345    0.6771   0.02511   0.02018         0
   216/219     2.47G  0.005052  0.002498         0   0.00755         0       256      0.84    0.9286    0.9333    0.6752   0.02504   0.02026         0
   217/219     2.47G   0.00406   0.00222         0   0.00628         0       256    0.8346    0.9286    0.9337    0.6969   0.02504   0.02026         0
   218/219     2.47G  0.004105  0.002254         0  0.006359         0       256    0.8269    0.9286    0.9307    0.6774    0.0247      0.02         0
   219/219     2.47G  0.004299  0.002339         0  0.006638         0       256    0.8519    0.9286    0.9298    0.6789   0.02479    0.0201         0
