     0/219     2.47G   0.08933  0.001809         0   0.09114         0       256         0         0 0.0001316 2.134e-05   0.09769  0.002631         0
     1/219     2.47G   0.07702   0.00305         0   0.08007         0       256         0         0 0.0008769 0.0001181   0.08902  0.003609         0
     2/219     2.47G   0.07034  0.003905         0   0.07424         0       256         0         0  0.001214 0.0001884   0.08071  0.004455         0
     3/219     2.47G   0.06237  0.004781         0   0.06715         0       256         0         0 0.0009046 0.0001552   0.09439  0.005717         0
     4/219     2.47G   0.06181  0.005893         0   0.06771         0       256         0         0  0.003473 0.0007326   0.06269   0.00677         0
     5/219     2.47G   0.05081  0.006278         0   0.05709         0       256         0         0   0.01553  0.004203   0.05753  0.007152         0
     6/219     2.47G   0.04738  0.006352         0   0.05374         0       256         0         0   0.01833  0.003439   0.05381  0.007663         0
     7/219     2.47G    0.0471   0.00651         0   0.05361         0       256         0         0   0.02166  0.003691   0.05979  0.006494         0
     8/219     2.47G   0.04632  0.006158         0   0.05248         0       256         0         0   0.01695  0.002815   0.06024  0.006695         0
     9/219     2.47G   0.05256  0.005864         0   0.05842         0       256         0         0   0.03746  0.006739   0.05039  0.008136         0
    10/219     2.47G   0.04495  0.006586         0   0.05154         0       256         0         0   0.07727   0.02435   0.05198  0.007432         0
    11/219     2.47G   0.04588  0.006155         0   0.05204         0       256         0         0    0.0621   0.01001     0.055  0.007425         0
    12/219     2.47G   0.04857  0.006137         0   0.05471         0       256         0         0   0.07488    0.0146   0.04908  0.007902         0
    13/219     2.47G   0.04324  0.006487         0   0.04973         0       256         0         0   0.03586   0.01026   0.04536  0.008706         0
    14/219     2.47G   0.04112  0.006745         0   0.04786         0       256    0.4926   0.07143    0.2527   0.09151   0.04347   0.00807         0
    15/219     2.47G   0.04055  0.006455         0   0.04701         0       256         0         0   0.06288   0.02221   0.04847  0.007953         0
    16/219     2.47G   0.04601  0.006279         0   0.05229         0       256    0.3671    0.1252    0.1391   0.05142   0.05552  0.007188         0
    17/219     2.47G   0.04697  0.005772         0   0.05274         0       256    0.4071    0.1429     0.159    0.0794   0.05451  0.007098         0
    18/219     2.47G   0.04032  0.006675         0     0.047         0       256    0.2347    0.1071    0.2126   0.06689   0.04037   0.00857         0
    19/219     2.47G   0.03586  0.007016         0   0.04288         0       256    0.2963    0.3762    0.2762    0.1107   0.04318  0.007568         0
    20/219     2.47G   0.03829  0.006142         0   0.04443         0       256    0.3039    0.2143    0.1407    0.0503   0.04523  0.007619         0
    21/219     2.47G   0.03895  0.006409         0   0.04536         0       256    0.1958    0.3214    0.1795   0.06562   0.04032  0.007797         0
    22/219     2.47G   0.03401  0.006345         0   0.04036         0       256    0.1922    0.5357    0.2756    0.1532   0.04601  0.006823         0
    23/219     2.47G   0.03461  0.005953         0   0.04056         0       256    0.1426    0.6714    0.2639    0.1333   0.04219    0.0067         0
    24/219     2.47G   0.03457  0.005835         0   0.04041         0       256    0.1266    0.6429    0.2996     0.143   0.03777  0.007171         0
    25/219     2.47G   0.03145  0.006046         0    0.0375         0       256    0.1011    0.6071    0.2741    0.1738   0.03844  0.006991         0
    26/219     2.47G   0.02952  0.005876         0    0.0354         0       256    0.1025    0.7857    0.3554     0.219   0.03931  0.006592         0
    27/219     2.47G   0.03176  0.005355         0   0.03712         0       256   0.09205    0.8929    0.3582    0.1841   0.04008  0.006383         0
    28/219     2.47G   0.03077   0.00558         0   0.03635         0       256    0.1205    0.8929    0.4272    0.2682   0.03702   0.00663         0
    29/219     2.47G   0.02962  0.005459         0   0.03508         0       256    0.1117    0.9286    0.4889    0.2703   0.03708  0.006333         0
    30/219     2.47G   0.02749  0.005441         0   0.03293         0       256    0.1534         1    0.5832    0.3067   0.03659   0.00616         0
    31/219     2.47G   0.02696  0.005163         0   0.03212         0       256    0.1517         1    0.5962    0.3706   0.03272  0.006224         0
    32/219     2.47G   0.02752  0.004912         0   0.03243         0       256    0.1251    0.9643    0.5905     0.328   0.03979  0.005415         0
    33/219     2.47G    0.0311  0.004524         0   0.03562         0       256    0.1612         1    0.6114    0.4114   0.03357  0.005719         0
    34/219     2.47G   0.02361  0.004643         0   0.02826         0       256    0.1476         1     0.602     0.398   0.03482  0.005234         0
    35/219     2.47G   0.02627  0.004213         0   0.03049         0       256    0.1232         1    0.6425    0.4133   0.03373  0.005234         0
    36/219     2.47G   0.02527  0.004135         0    0.0294         0       256   0.09275    0.9786    0.7318    0.4753   0.03664  0.005007         0
    37/219     2.47G   0.02557  0.004068         0   0.02964         0       256   0.09761    0.9643    0.7424    0.4436   0.03618  0.004958         0
    38/219     2.47G   0.02581  0.004002         0   0.02981         0       256    0.1309    0.9643    0.7712    0.5033   0.03128  0.005331         0
    39/219     2.47G   0.02286  0.004111         0   0.02697         0       256    0.1906    0.9643    0.7959    0.5257   0.03168  0.005155         0
    40/219     2.47G   0.02617  0.003721         0   0.02989         0       256    0.2267    0.9643    0.8671    0.5439   0.03108  0.005004         0
    41/219     2.47G   0.02124  0.003829         0   0.02507         0       256    0.2408    0.9643     0.847    0.6171   0.03212  0.004788         0
    42/219     2.47G   0.02331  0.003464         0   0.02678         0       256     0.193    0.9643    0.8394    0.6262   0.03119  0.004554         0
    43/219     2.47G   0.02504  0.003286         0   0.02832         0       256    0.1782    0.9643    0.8524    0.4795   0.03312  0.004382         0
    44/219     2.47G   0.02435  0.003346         0    0.0277         0       256    0.1802    0.9643    0.8273    0.5968   0.03024  0.004584         0
    45/219     2.47G   0.02045  0.003476         0   0.02393         0       256    0.1809    0.9643    0.8197    0.5191   0.02976  0.004504         0
    46/219     2.47G   0.01828  0.003363         0   0.02165         0       256    0.1996         1    0.8819    0.5147   0.03229  0.004166         0
    47/219     2.47G   0.02257  0.003074         0   0.02564         0       256    0.2376    0.9643    0.8622    0.5843   0.02995  0.004291         0
    48/219     2.47G   0.02173  0.003045         0   0.02477         0       256    0.2807    0.9643    0.8919    0.6199   0.03004  0.004208         0
    49/219     2.47G    0.0192  0.003039         0   0.02224         0       256    0.3785    0.9643    0.9035    0.6445   0.02969   0.00434         0
    50/219     2.47G   0.01865  0.003005         0   0.02165         0       256    0.2879    0.9643    0.9141    0.5911   0.03046  0.003894         0
    51/219     2.47G    0.0201  0.002694         0   0.02279         0       256    0.2583    0.9643    0.9178    0.6237   0.02824  0.003905         0
    52/219     2.47G   0.01785  0.002706         0   0.02056         0       256    0.2802    0.9643    0.9055    0.6703   0.02706   0.00395         0
    53/219     2.47G   0.01969  0.002644         0   0.02233         0       256    0.2751    0.9643    0.9168    0.6966   0.02764  0.004037         0
    54/219     2.47G   0.01723  0.002693         0   0.01992         0       256    0.2719    0.9643    0.9078    0.6542   0.02792  0.004326         0
    55/219     2.47G   0.01545  0.002603         0   0.01805         0       256    0.2486    0.9643     0.902    0.6024   0.02709  0.003981         0
    56/219     2.47G   0.01663  0.002415         0   0.01905         0       256    0.2449    0.9643    0.8626    0.5742   0.02937  0.003785         0
    57/219     2.47G   0.01882  0.002304         0   0.02112         0       256    0.2465    0.9643    0.9061    0.5804   0.02731  0.003813         0
    58/219     2.47G   0.01568  0.002212         0   0.01789         0       256    0.2059    0.9643    0.9245    0.6905   0.02706  0.003841         0
    59/219     2.47G   0.01525  0.002169         0   0.01742         0       256    0.2007    0.9643    0.9266    0.6574   0.02729  0.003781         0
    60/219     2.47G   0.01845  0.002211         0   0.02066         0       256    0.2012    0.9643    0.9366     0.659   0.02782   0.00372         0
    61/219     2.47G   0.01823  0.002111         0   0.02034         0       256    0.1577    0.9643    0.9352    0.5623    0.0297  0.003634         0
    62/219     2.47G   0.02069  0.002192         0   0.02289         0       256    0.1725    0.9643    0.9308    0.6352   0.02711   0.00389         0
    63/219     2.47G   0.01467  0.002293         0   0.01696         0       256     0.162    0.9643    0.9361    0.6503    0.0268  0.003699         0
    64/219     2.47G   0.01767  0.002132         0    0.0198         0       256     0.143    0.9643    0.9266    0.5735   0.03189  0.003413         0
    65/219     2.47G    0.0228  0.002132         0   0.02493         0       256    0.2033    0.9643    0.9458    0.6563   0.02852  0.004027         0
    66/219     2.47G   0.01434  0.002407         0   0.01675         0       256    0.1957    0.9286     0.916    0.6748   0.02614  0.003889         0
    67/219     2.47G   0.01336  0.002115         0   0.01547         0       256    0.1969    0.9643    0.9433    0.6509   0.02684  0.003507         0
    68/219     2.47G   0.01604  0.001907         0   0.01795         0       256    0.1516    0.9643    0.9094    0.6459   0.02912  0.003207         0
    69/219     2.47G   0.01974  0.001843         0   0.02159         0       256    0.2059    0.9643    0.9373     0.636    0.0277  0.003539         0
    70/219     2.47G   0.01299  0.002057         0   0.01505         0       256    0.2113    0.9643    0.9383    0.6721   0.02722  0.003638         0
    71/219     2.47G   0.01455  0.001919         0   0.01647         0       256     0.204    0.9643    0.9413    0.6785   0.02636    0.0036         0
    72/219     2.47G   0.01551  0.001904         0   0.01741         0       256    0.1612    0.9643    0.9342    0.6581   0.02849  0.003648         0
    73/219     2.47G   0.01477  0.001895         0   0.01666         0       256    0.1647    0.9643     0.941    0.6623   0.02758  0.003604         0
    74/219     2.47G   0.01341   0.00175         0   0.01516         0       256    0.1489    0.9643    0.9442    0.6426   0.02718  0.003378         0
    75/219     2.47G   0.01418  0.001683         0   0.01586         0       256    0.1518    0.9643    0.9459    0.6315   0.02758   0.00325         0
    76/219     2.47G   0.01432   0.00169         0   0.01601         0       256    0.1508    0.9643    0.9459    0.6537   0.02788  0.003281         0
    77/219     2.47G   0.01438   0.00168         0   0.01606         0       256    0.1585    0.9643      0.94    0.6178   0.02776  0.003395         0
    78/219     2.47G   0.01389  0.001752         0   0.01564         0       256    0.1596    0.9643    0.9311    0.6751   0.02634  0.003311         0
    79/219     2.47G   0.01168  0.001632         0   0.01331         0       256    0.1759    0.9643    0.9362    0.6608   0.02739  0.003266         0
    80/219     2.47G     0.016  0.001608         0    0.0176         0       256    0.1665    0.9643    0.9339     0.642   0.02607  0.003277         0
    81/219     2.47G   0.01459  0.001599         0   0.01619         0       256    0.1661    0.9643    0.9353    0.6891   0.02606  0.003373         0
    82/219     2.47G   0.01204   0.00161         0   0.01365         0       256     0.222    0.9643    0.9372    0.6841   0.02544  0.003401         0
    83/219     2.47G   0.01286  0.001534         0    0.0144         0       256     0.231    0.9643    0.9432    0.6959   0.02516  0.003308         0
    84/219     2.47G   0.01333  0.001483         0   0.01481         0       256     0.219    0.9643    0.9324    0.6694   0.02685   0.00343         0
    85/219     2.47G   0.01392  0.001502         0   0.01542         0       256    0.2255    0.9643    0.9389    0.6485   0.02825  0.003403         0
    86/219     2.47G    0.0136  0.001393         0   0.01499         0       256    0.2192    0.9643    0.9404    0.6751   0.02692  0.003346         0
    87/219     2.47G   0.01205  0.001383         0   0.01343         0       256    0.2351    0.9643    0.9412    0.6856   0.02767  0.003253         0
    88/219     2.47G   0.01197  0.001362         0   0.01333         0       256    0.2328    0.9643    0.9519     0.685   0.02783  0.003194         0
    89/219     2.47G   0.01285    0.0013         0   0.01415         0       256    0.2112    0.9643    0.9495    0.6633   0.02722  0.003239         0
    90/219     2.47G    0.0109  0.001332         0   0.01223         0       256    0.1749    0.9643    0.9508    0.7069   0.02711  0.003258         0
    91/219     2.47G   0.01163  0.001304         0   0.01293         0       256    0.1608    0.9643    0.9192    0.6554   0.02805  0.003138         0
    92/219     2.47G   0.01487  0.001322         0   0.01619         0       256    0.1587    0.9643    0.9133    0.6655   0.02833  0.003196         0
    93/219     2.47G   0.01176  0.001348         0    0.0131         0       256    0.1661    0.9643    0.9379    0.6464    0.0276  0.003375         0
    94/219     2.47G   0.01135  0.001325         0   0.01268         0       256    0.1576    0.9286    0.9119    0.6676   0.02851  0.003391         0
    95/219     2.47G   0.01178  0.001315         0   0.01309         0       256    0.2335    0.9643    0.9394    0.6437   0.02765  0.003221         0
    96/219     2.47G   0.01194  0.001345         0   0.01329         0       256    0.3236    0.9643    0.9387    0.6381   0.02667  0.003138         0
    97/219     2.47G   0.01225  0.001254         0    0.0135         0       256    0.3114    0.9643    0.9373    0.6767   0.02775  0.003213         0
    98/219     2.47G   0.01129  0.001291         0   0.01259         0       256    0.2851    0.9643    0.9437    0.6816   0.02632  0.003237         0
    99/219     2.47G   0.01054  0.001222         0   0.01176         0       256    0.2656    0.9643    0.9375    0.6512   0.02695  0.003124         0
   100/219     2.47G   0.01288  0.001199         0   0.01408         0       256    0.2583    0.9643    0.9375    0.6664   0.02601  0.003291         0
   101/219     2.47G   0.01039    0.0012         0   0.01159         0       256    0.2096    0.9643    0.9437    0.6831   0.02579  0.003302         0
   102/219     2.47G   0.01038   0.00114         0   0.01152         0       256    0.2027    0.9643    0.9481    0.7098   0.02605  0.003165         0
   103/219     2.47G   0.01159  0.001077         0   0.01267         0       256    0.2047    0.9643     0.948    0.6923   0.02586  0.003093         0
   104/219     2.47G   0.01196  0.001122         0   0.01308         0       256    0.2204    0.9643     0.944    0.7082   0.02632  0.003139         0
   105/219     2.47G   0.01096  0.001187         0   0.01214         0       256    0.2826    0.9643    0.9412    0.6994   0.02685  0.003158         0
   106/219     2.47G   0.01099  0.001186         0   0.01217         0       256    0.3135    0.9643     0.945    0.6643   0.02612  0.003161         0
   107/219     2.47G  0.009811  0.001139         0   0.01095         0       256    0.3082    0.9643    0.9454    0.6884    0.0256  0.003138         0
   108/219     2.47G   0.01073  0.001086         0   0.01181         0       256    0.2859    0.9643    0.9467    0.6889   0.02561  0.003095         0
   109/219     2.47G  0.009798  0.001026         0   0.01082         0       256    0.2791    0.9643    0.9493    0.6895   0.02649  0.003202         0
   110/219     2.47G  0.009669  0.001023         0   0.01069         0       256    0.2588    0.9643    0.9476     0.678   0.02627  0.003228         0
   111/219     2.47G  0.008803 0.0009972         0  0.009801         0       256    0.2724    0.9643    0.9476    0.6746   0.02673   0.00314         0
   112/219     2.47G  0.009943 0.0009633         0   0.01091         0       256    0.3038    0.9643    0.9435    0.6762   0.02681  0.003094         0
   113/219     2.47G   0.01108   0.00097         0   0.01205         0       256    0.2797    0.9643    0.9418    0.6482     0.026  0.003051         0
   114/219     2.47G  0.009098  0.000958         0   0.01006         0       256    0.3008    0.9643    0.9435    0.6847   0.02576  0.003162         0
   115/219     2.47G  0.008884 0.0009667         0  0.009851         0       256    0.2978    0.9643    0.9493    0.7162   0.02546  0.003191         0
   116/219     2.47G  0.009344 0.0009694         0   0.01031         0       256    0.3031    0.9643    0.9506    0.7087   0.02539  0.003238         0
   117/219     2.47G  0.008449 0.0009412         0  0.009391         0       256    0.2636    0.9643    0.9492     0.704   0.02666  0.003326         0
   118/219     2.47G  0.009341 0.0009489         0   0.01029         0       256    0.2575    0.9643    0.9504    0.7059   0.02554   0.00326         0
   119/219     2.47G  0.008856 0.0009151         0  0.009771         0       256    0.2895    0.9643    0.9534    0.7036   0.02532  0.003187         0
   120/219     2.47G   0.01091 0.0009129         0   0.01182         0       256    0.2716    0.9643    0.9534    0.6969   0.02564  0.003114         0
   121/219     2.47G  0.009045  0.000889         0  0.009934         0       256    0.3082    0.9643    0.9547    0.6794   0.02561  0.003091         0
   122/219     2.47G  0.008503 0.0008621         0  0.009365         0       256    0.3124    0.9643    0.9547    0.6807    0.0259  0.003089         0
   123/219     2.47G  0.008389 0.0008482         0  0.009238         0       256    0.3309    0.9643     0.952    0.6946   0.02494  0.003075         0
   124/219     2.47G  0.008922 0.0008478         0   0.00977         0       256    0.3282    0.9643    0.9453     0.684   0.02503  0.003079         0
   125/219     2.47G  0.008617 0.0008473         0  0.009464         0       256    0.3612    0.9643    0.9421    0.6671   0.02523  0.003095         0
   126/219     2.47G  0.008674 0.0008539         0  0.009527         0       256    0.3451    0.9643    0.9419    0.6767   0.02524  0.003128         0
   127/219     2.47G  0.007672 0.0008423         0  0.008515         0       256    0.3396    0.9643     0.945      0.69   0.02584  0.003107         0
   128/219     2.47G  0.008894 0.0008419         0  0.009736         0       256    0.3434    0.9643    0.9477    0.7143   0.02565  0.003108         0
   129/219     2.47G  0.008552 0.0008186         0   0.00937         0       256     0.327    0.9643    0.9466    0.6953   0.02558  0.003141         0
   130/219     2.47G   0.00697 0.0007927         0  0.007762         0       256    0.3165    0.9643    0.9482    0.7033   0.02553  0.003099         0
   131/219     2.47G  0.007453  0.000756         0  0.008209         0       256    0.3059    0.9643    0.9482    0.6999   0.02571  0.003029         0
   132/219     2.47G  0.008289 0.0007661         0  0.009055         0       256    0.3595    0.9643    0.9507    0.7068   0.02519  0.003066         0
   133/219     2.47G  0.007309 0.0007318         0  0.008041         0       256     0.341    0.9643    0.9491    0.7194   0.02554  0.003101         0
   134/219     2.47G  0.007799 0.0007505         0   0.00855         0       256    0.3403    0.9643    0.9463    0.7223    0.0252  0.003088         0
   135/219     2.47G   0.00868  0.000735         0  0.009415         0       256    0.3906    0.9643    0.9479    0.7029   0.02539  0.003093         0
   136/219     2.47G  0.008219 0.0007574         0  0.008976         0       256    0.4111    0.9643    0.9479    0.7075   0.02601  0.003181         0
   137/219     2.47G  0.008506 0.0007855         0  0.009292         0       256    0.4639    0.9643    0.9509    0.6983   0.02551  0.003272         0
   138/219     2.47G  0.007996 0.0007875         0  0.008783         0       256    0.4306    0.9643    0.9507     0.703     0.026  0.003251         0
   139/219     2.47G  0.006701 0.0007709         0  0.007472         0       256    0.4313    0.9643      0.95    0.6828   0.02599  0.003146         0
   140/219     2.47G  0.007809 0.0007711         0   0.00858         0       256    0.4032    0.9643      0.95    0.6907   0.02575  0.003071         0
   141/219     2.47G  0.007355 0.0007189         0  0.008074         0       256    0.3855    0.9643      0.95    0.6696   0.02586   0.00308         0
   142/219     2.47G  0.006913 0.0007039         0  0.007617         0       256    0.3785    0.9643      0.95    0.6917     0.026  0.003077         0
   143/219     2.47G  0.007172 0.0006958         0  0.007868         0       256    0.3977    0.9643    0.9494    0.7113    0.0254  0.003067         0
   144/219     2.47G  0.008569 0.0007036         0  0.009273         0       256    0.4037    0.9643    0.9472    0.7129   0.02592  0.003073         0
   145/219     2.47G  0.007012 0.0007287         0  0.007741         0       256    0.3779    0.9643    0.9521    0.7035   0.02636  0.003078         0
   146/219     2.47G  0.006643 0.0006846         0  0.007328         0       256    0.3729    0.9643    0.9509    0.7223   0.02564  0.003031         0
   147/219     2.47G   0.00652 0.0006588         0  0.007179         0       256    0.3873    0.9643    0.9481    0.7066   0.02523   0.00299         0
   148/219     2.47G  0.007072 0.0006713         0  0.007743         0       256    0.3965    0.9643     0.945    0.6989   0.02552  0.003007         0
   149/219     2.47G  0.007451 0.0006646         0  0.008115         0       256    0.3919    0.9643    0.9426    0.6869   0.02573  0.003071         0
   150/219     2.47G  0.006247 0.0006453         0  0.006893         0       256    0.3579    0.9643    0.9452    0.6877   0.02525  0.003032         0
   151/219     2.47G  0.006275 0.0006217         0  0.006896         0       256    0.3771    0.9643    0.9435    0.7025   0.02541  0.002957         0
   152/219     2.47G  0.007643 0.0006298         0  0.008272         0       256     0.372    0.9643    0.9452    0.6917    0.0253  0.002968         0
   153/219     2.47G  0.006923 0.0006351         0  0.007558         0       256    0.3898    0.9643    0.9477    0.7086   0.02522  0.003048         0
   154/219     2.47G  0.006398 0.0006419         0   0.00704         0       256    0.3629    0.9643    0.9535    0.7304   0.02526  0.003082         0
   155/219     2.47G  0.007078 0.0006596         0  0.007738         0       256    0.3795    0.9643    0.9534    0.7233   0.02495  0.003104         0
   156/219     2.47G   0.00599 0.0006836         0  0.006673         0       256    0.4189    0.9643    0.9534    0.7161   0.02487  0.003125         0
   157/219     2.47G  0.005984 0.0006706         0  0.006655         0       256    0.4005    0.9643    0.9525    0.7048   0.02531  0.003136         0
   158/219     2.47G  0.005645 0.0006387         0  0.006284         0       256    0.4018    0.9643    0.9486    0.6825   0.02548  0.003109         0
   159/219     2.47G  0.005579  0.000605         0  0.006184         0       256    0.3835    0.9643    0.9495    0.6785    0.0254   0.00307         0
   160/219     2.47G  0.006457 0.0006004         0  0.007057         0       256    0.3755    0.9643    0.9509    0.6924   0.02529  0.003007         0
   161/219     2.47G  0.005718 0.0005758         0  0.006293         0       256    0.3657    0.9643    0.9509    0.6998   0.02511   0.00297         0
   162/219     2.47G  0.005138 0.0005698         0  0.005708         0       256    0.3739    0.9643     0.948    0.6889    0.0254  0.002975         0
   163/219     2.47G  0.006555 0.0005673         0  0.007123         0       256    0.3937    0.9643    0.9495    0.6963   0.02532  0.003011         0
   164/219     2.47G  0.005746 0.0005739         0   0.00632         0       256    0.3963    0.9643    0.9495    0.7074   0.02523  0.003043         0
   165/219     2.47G   0.00528 0.0005566         0  0.005837         0       256    0.4153    0.9643    0.9507    0.7055   0.02485  0.003084         0
   166/219     2.47G   0.00467 0.0005438         0  0.005214         0       256    0.4141    0.9643     0.948    0.7094   0.02513  0.003049         0
   167/219     2.47G  0.004921 0.0005305         0  0.005451         0       256    0.4198    0.9643    0.9496    0.7232   0.02518   0.00298         0
   168/219     2.47G  0.005724 0.0005221         0  0.006246         0       256     0.384    0.9643    0.9499    0.7053   0.02495  0.002974         0
   169/219     2.47G  0.004882 0.0005039         0  0.005386         0       256     0.369    0.9643    0.9514    0.6996   0.02511  0.002969         0
   170/219     2.47G  0.005944 0.0005063         0   0.00645         0       256    0.3661    0.9643    0.9514    0.7031   0.02499  0.002993         0
   171/219     2.47G  0.004992 0.0005036         0  0.005495         0       256    0.3766    0.9643    0.9534    0.7095   0.02521  0.003003         0
   172/219     2.47G  0.006696  0.000527         0  0.007223         0       256    0.3976    0.9643    0.9534    0.7066   0.02527  0.003057         0
   173/219     2.47G  0.004771  0.000524         0  0.005295         0       256    0.4366    0.9643     0.952    0.7082   0.02543    0.0031         0
   174/219     2.47G  0.004901 0.0005218         0  0.005422         0       256    0.4202    0.9643    0.9507    0.7065   0.02511  0.003063         0
   175/219     2.47G  0.004539 0.0005116         0   0.00505         0       256    0.4315    0.9643    0.9507    0.7074   0.02508  0.003045         0
   176/219     2.47G   0.00469 0.0005072         0  0.005197         0       256    0.4371    0.9643    0.9479    0.7107   0.02539   0.00304         0
   177/219     2.47G  0.005301 0.0005113         0  0.005813         0       256    0.4281    0.9643    0.9495    0.7175    0.0254  0.003042         0
   178/219     2.47G  0.004517 0.0004886         0  0.005006         0       256    0.4152    0.9643     0.948    0.7248   0.02522   0.00305         0
   179/219     2.47G  0.003743 0.0004742         0  0.004217         0       256    0.4105    0.9643    0.9509    0.7221    0.0251  0.003031         0
   180/219     2.47G  0.005493 0.0004811         0  0.005974         0       256    0.4284    0.9643    0.9535    0.6975   0.02462  0.003035         0
   181/219     2.47G  0.004792 0.0004639         0  0.005256         0       256     0.405    0.9643    0.9533     0.702   0.02507   0.00306         0
   182/219     2.47G  0.004871 0.0004646         0  0.005335         0       256    0.4096    0.9643    0.9511    0.6998   0.02475  0.003071         0
   183/219     2.47G  0.003932  0.000453         0  0.004385         0       256    0.4029    0.9643    0.9512    0.6936   0.02525  0.003047         0
   184/219     2.47G  0.005146 0.0004539         0    0.0056         0       256    0.4067    0.9643    0.9546    0.7003    0.0252  0.002999         0
   185/219     2.47G  0.005074 0.0004479         0  0.005522         0       256    0.4288    0.9643    0.9522    0.7084   0.02551  0.002979         0
   186/219     2.47G  0.004744 0.0004476         0  0.005192         0       256    0.4375    0.9643    0.9506    0.7166   0.02558  0.002958         0
   187/219     2.47G  0.003843 0.0004393         0  0.004283         0       256     0.414    0.9643    0.9479    0.7015    0.0257  0.002957         0
   188/219     2.47G  0.004448  0.000445         0  0.004893         0       256    0.4142    0.9643    0.9466     0.697   0.02556  0.002958         0
   189/219     2.47G  0.004753 0.0004411         0  0.005194         0       256    0.4238    0.9643    0.9479    0.6966   0.02556  0.002981         0
   190/219     2.47G  0.004241 0.0004405         0  0.004682         0       256    0.4005    0.9643    0.9495    0.7014   0.02567  0.002964         0
   191/219     2.47G  0.004266 0.0004388         0  0.004705         0       256    0.4176    0.9643    0.9482    0.7083   0.02609  0.002971         0
   192/219     2.47G  0.004965 0.0004491         0  0.005414         0       256    0.4255    0.9643    0.9509    0.7061   0.02642  0.002997         0
   193/219     2.47G   0.00452 0.0004447         0  0.004965         0       256    0.4283    0.9643    0.9499    0.7097   0.02599  0.003033         0
   194/219     2.47G  0.004217 0.0004298         0  0.004647         0       256    0.4176    0.9643    0.9499    0.7064   0.02547  0.003033         0
   195/219     2.47G  0.004202 0.0004285         0  0.004631         0       256    0.4382    0.9643    0.9479    0.7074    0.0255  0.003041         0
   196/219     2.47G  0.004372  0.000429         0  0.004801         0       256    0.4603    0.9643    0.9497     0.711   0.02551  0.003037         0
   197/219     2.47G  0.004623 0.0004303         0  0.005054         0       256    0.4816    0.9643    0.9525    0.7107   0.02537  0.003036         0
   198/219     2.47G  0.003851 0.0004152         0  0.004267         0       256    0.4711    0.9643    0.9525    0.7159   0.02532  0.003029         0
   199/219     2.47G  0.003844 0.0004129         0  0.004257         0       256    0.4762    0.9643    0.9525    0.7079   0.02502  0.003026         0
   200/219     2.47G  0.004094 0.0004129         0  0.004507         0       256    0.4635    0.9643    0.9491    0.7153   0.02498  0.003008         0
   201/219     2.47G  0.003996 0.0004081         0  0.004404         0       256     0.449    0.9643     0.945    0.7212   0.02473  0.002998         0
   202/219     2.47G  0.003959 0.0003975         0  0.004356         0       256    0.4398    0.9643     0.945    0.7156   0.02496  0.002971         0
   203/219     2.47G  0.003995 0.0003973         0  0.004393         0       256    0.4664    0.9643    0.9463    0.7268   0.02514  0.002964         0
   204/219     2.47G  0.004234 0.0004036         0  0.004637         0       256    0.4579    0.9643    0.9441    0.7044   0.02493  0.002981         0
   205/219     2.47G  0.003818 0.0003944         0  0.004212         0       256    0.4683    0.9643    0.9469    0.7138   0.02509  0.003014         0
   206/219     2.47G   0.00365 0.0003957         0  0.004046         0       256    0.4612    0.9643    0.9478    0.7081    0.0247  0.003024         0
   207/219     2.47G  0.003694 0.0003952         0  0.004089         0       256    0.4641    0.9643    0.9466    0.7062    0.0248  0.003037         0
   208/219     2.47G  0.005118 0.0004073         0  0.005525         0       256    0.4653    0.9643    0.9478    0.7083   0.02486  0.003039         0
   209/219     2.47G  0.003912 0.0003998         0  0.004312         0       256    0.5053    0.9643    0.9478    0.7017   0.02471  0.003031         0
   210/219     2.47G  0.004322 0.0004043         0  0.004727         0       256     0.492    0.9643    0.9506    0.7213   0.02464  0.003016         0
   211/219     2.47G   0.00403 0.0004079         0  0.004437         0       256    0.5018    0.9643    0.9508    0.7214   0.02477   0.00301         0
   212/219     2.47G  0.003953 0.0004131         0  0.004366         0       256    0.4897    0.9643    0.9519     0.702   0.02484     0.003         0
   213/219     2.47G  0.003687 0.0004051         0  0.004092         0       256    0.5097    0.9643    0.9507    0.7342   0.02492  0.002994         0
   214/219     2.47G  0.003906 0.0004069         0  0.004313         0       256    0.5154    0.9643    0.9506    0.7241   0.02524  0.002998         0
   215/219     2.47G  0.003967 0.0004002         0  0.004367         0       256    0.5406    0.9643    0.9509    0.7212   0.02554  0.003023         0
   216/219     2.47G  0.004734 0.0004124         0  0.005146         0       256    0.5278    0.9643    0.9546    0.7199   0.02545  0.003062         0
   217/219     2.47G  0.003497  0.000391         0  0.003888         0       256    0.5284    0.9643    0.9525    0.7268   0.02527   0.00306         0
   218/219     2.47G  0.003688 0.0003921         0   0.00408         0       256    0.5084    0.9643    0.9533    0.7215   0.02513  0.003013         0
   219/219     2.47G  0.003564 0.0003818         0  0.003946         0       256    0.5251    0.9643    0.9534    0.7106   0.02507  0.002996         0
