     0/219     2.47G   0.08473   0.03457         0    0.1193         0       256         0         0 0.0001149 1.674e-05   0.09306   0.03773         0
     1/219     2.47G    0.0744   0.03509         0    0.1095         0       256         0         0  0.001368 0.0002043   0.08607   0.03787         0
     2/219     2.47G   0.06821   0.03482         0     0.103         0       256         0         0   0.01712  0.003181   0.07914   0.03916         0
     3/219     2.47G   0.05884   0.03579         0   0.09462         0       256         0         0   0.02139   0.00452   0.06897   0.03873         0
     4/219     2.47G    0.0541   0.03264         0   0.08674         0       256    0.5329    0.6429    0.6278    0.2806   0.06203   0.03248         0
     5/219     2.47G   0.05337   0.02558         0   0.07895         0       256    0.2621    0.8929    0.5043    0.1832   0.05083   0.02945         0
     6/219     2.47G   0.05061   0.02203         0   0.07264         0       256    0.3008    0.8571    0.5047    0.1125    0.0675   0.02308         0
     7/219     2.47G    0.0567    0.0183         0     0.075         0       256    0.1611      0.75    0.1968   0.07489   0.07171   0.02112         0
     8/219     2.47G   0.05764   0.01612         0   0.07376         0       256     0.155    0.8571    0.2702   0.07415   0.06206   0.02081         0
     9/219     2.47G   0.05765    0.0147         0   0.07235         0       256    0.2659    0.6071    0.3353    0.0813   0.05585   0.02496         0
    10/219     2.47G   0.05271   0.01539         0    0.0681         0       256    0.1509    0.8571    0.3592   0.09808   0.06167   0.01842         0
    11/219     2.47G   0.05436   0.01319         0   0.06755         0       256   0.08055    0.9286      0.35     0.139   0.06741    0.0171         0
    12/219     2.47G   0.06081   0.01359         0    0.0744         0       256    0.2388      0.75    0.2633    0.0743   0.05871    0.0249         0
    13/219     2.47G   0.05301   0.01504         0   0.06805         0       256   0.09114    0.9643    0.3217    0.1616   0.06513    0.0185         0
    14/219     2.47G   0.05653   0.01314         0   0.06967         0       256    0.2617    0.7857    0.5779    0.2367   0.05266   0.02557         0
    15/219     2.47G   0.04828   0.01437         0   0.06266         0       256     0.157    0.9286      0.56     0.201   0.06037   0.01747         0
    16/219     2.47G   0.05702   0.01249         0   0.06951         0       256    0.1021    0.9286    0.5889     0.299   0.06053   0.01902         0
    17/219     2.47G   0.05653   0.01304         0   0.06957         0       256    0.1481    0.9286    0.5369    0.1699   0.06113   0.01879         0
    18/219     2.47G   0.05277   0.01267         0   0.06544         0       256    0.2103    0.9286    0.6971    0.3309    0.0487   0.01786         0
    19/219     2.47G   0.04183   0.01117         0     0.053         0       256    0.2082    0.9286    0.7664    0.4006   0.05012   0.01772         0
    20/219     2.47G   0.04623   0.01076         0   0.05699         0       256    0.2366    0.8929    0.4453      0.16   0.05296   0.01971         0
    21/219     2.47G   0.04584    0.0118         0   0.05764         0       256    0.2296    0.9286    0.8496     0.433   0.04619   0.01677         0
    22/219     2.47G   0.04022  0.009941         0   0.05016         0       256    0.2314    0.9643    0.8909    0.3917   0.04523   0.01626         0
    23/219     2.47G   0.03988   0.00926         0   0.04914         0       256    0.2534    0.8929    0.6179    0.1596   0.05128   0.02099         0
    24/219     2.47G   0.04145   0.01019         0   0.05165         0       256    0.1841    0.9643    0.7768    0.3953   0.04536   0.01742         0
    25/219     2.47G   0.04326  0.009048         0   0.05231         0       256    0.1765    0.9286    0.6344    0.2913   0.05115   0.01762         0
    26/219     2.47G   0.04333  0.008922         0   0.05225         0       256    0.3246    0.9286    0.8447    0.4619   0.04251   0.01898         0
    27/219     2.47G   0.03851  0.009253         0   0.04776         0       256    0.3481    0.9286    0.6059    0.1881   0.04239   0.01899         0
    28/219     2.47G   0.03986  0.009918         0   0.04978         0       256     0.466    0.8728    0.7953    0.4606   0.04159   0.02209         0
    29/219     2.47G   0.03192  0.009642         0   0.04156         0       256    0.2751    0.9286    0.6561    0.3288   0.04399   0.01728         0
    30/219     2.47G   0.03554  0.008177         0   0.04372         0       256     0.367    0.9286    0.7323    0.3745    0.0373   0.01577         0
    31/219     2.47G   0.03251  0.008003         0   0.04052         0       256    0.3717    0.9286    0.8616    0.4012   0.04166   0.01583         0
    32/219     2.47G   0.03509  0.008687         0   0.04377         0       256    0.3982    0.9286    0.8131    0.4725    0.0414   0.01775         0
    33/219     2.47G   0.03246  0.008346         0   0.04081         0       256    0.3699    0.9286    0.8026    0.4069   0.04071     0.017         0
    34/219     2.47G   0.03248  0.007922         0   0.04041         0       256    0.3904    0.9286     0.835    0.4882     0.035   0.01601         0
    35/219     2.47G   0.02927   0.00744         0   0.03671         0       256    0.3429    0.9286    0.8968    0.4538     0.042   0.01566         0
    36/219     2.47G   0.03797  0.007887         0   0.04585         0       256    0.3968    0.9286    0.9229    0.5696   0.03805   0.01628         0
    37/219     2.47G   0.02881  0.008017         0   0.03683         0       256    0.5078    0.9286    0.9168    0.5883   0.03569   0.01724         0
    38/219     2.47G   0.02959  0.007481         0   0.03707         0       256    0.4772    0.9286    0.9147    0.5824   0.03299   0.01709         0
    39/219     2.47G   0.02621  0.007311         0   0.03353         0       256    0.4554    0.9286    0.8923    0.6039   0.03516   0.01713         0
    40/219     2.47G   0.02892  0.007199         0   0.03612         0       256    0.4568    0.9286    0.8821    0.6277   0.03464   0.01735         0
    41/219     2.47G   0.02972  0.007474         0   0.03719         0       256    0.4699    0.9286    0.8905    0.4139   0.03604   0.01893         0
    42/219     2.47G   0.03024  0.007738         0   0.03798         0       256    0.4606    0.9286    0.8651    0.4455   0.03571   0.01912         0
    43/219     2.47G   0.02307  0.006817         0   0.02989         0       256    0.5253    0.9286     0.886    0.6624    0.0317   0.01795         0
    44/219     2.47G   0.02286  0.006679         0   0.02954         0       256    0.5262    0.9286    0.8939    0.6119   0.03131   0.01754         0
    45/219     2.47G   0.02767  0.006613         0   0.03428         0       256    0.4334    0.9286    0.8419    0.4991   0.03475   0.01837         0
    46/219     2.47G   0.02395  0.006957         0   0.03091         0       256    0.6313    0.9286    0.8962    0.5488   0.03122   0.01758         0
    47/219     2.47G   0.02549  0.006747         0   0.03223         0       256    0.6247    0.9286     0.911    0.5622   0.03272   0.01709         0
    48/219     2.47G   0.02852  0.006998         0   0.03552         0       256    0.5447    0.9286    0.8815    0.5918   0.03155   0.01724         0
    49/219     2.47G   0.02033  0.006569         0    0.0269         0       256    0.6446    0.9286    0.8985    0.6325   0.02935   0.01723         0
    50/219     2.47G   0.02162  0.006256         0   0.02787         0       256    0.4567    0.9286    0.9141    0.6716   0.03038    0.0165         0
    51/219     2.47G    0.0221  0.006093         0   0.02819         0       256      0.47    0.9286    0.8839    0.5708   0.03102   0.01707         0
    52/219     2.47G    0.0209  0.006232         0   0.02713         0       256    0.6345    0.9286     0.912    0.6045   0.03065   0.01793         0
    53/219     2.47G   0.02319  0.006166         0   0.02935         0       256     0.683    0.9286    0.9176    0.5848   0.03203    0.0177         0
    54/219     2.47G   0.02174  0.006232         0   0.02797         0       256    0.7061    0.9286    0.9212    0.6366   0.03116   0.01735         0
    55/219     2.47G   0.02022  0.005931         0   0.02615         0       256    0.7146    0.9286    0.9128    0.6417   0.03011   0.01743         0
    56/219     2.47G    0.0205  0.005928         0   0.02643         0       256    0.6086    0.9286    0.9123    0.6206   0.02997   0.01717         0
    57/219     2.47G   0.01943  0.005933         0   0.02536         0       256    0.6856    0.9286    0.9058    0.6044   0.02998    0.0177         0
    58/219     2.47G   0.01912  0.005515         0   0.02463         0       256    0.6853    0.9286    0.9132    0.5846   0.02914   0.01765         0
    59/219     2.47G   0.01914   0.00564         0   0.02478         0       256    0.7574    0.9286    0.9116    0.6285   0.03008     0.018         0
    60/219     2.47G   0.01832  0.005559         0   0.02388         0       256    0.8567    0.9286    0.9144    0.6252   0.02923   0.01793         0
    61/219     2.47G   0.01599  0.005356         0   0.02135         0       256    0.6846    0.9286    0.9029    0.6015   0.03088   0.01831         0
    62/219     2.47G   0.01833  0.005347         0   0.02368         0       256    0.7372    0.9286    0.9018    0.5732   0.02766   0.01816         0
    63/219     2.47G   0.01656  0.005079         0   0.02164         0       256      0.63    0.9286     0.897    0.6272   0.03046   0.01858         0
    64/219     2.47G   0.02256  0.005799         0   0.02836         0       256    0.7268    0.9286    0.8874    0.5708   0.02943   0.01953         0
    65/219     2.47G   0.01795  0.006058         0     0.024         0       256    0.8453    0.9286    0.9134    0.6353   0.02924   0.02047         0
    66/219     2.47G   0.01536  0.005771         0   0.02113         0       256    0.7613    0.9286    0.9117    0.6502    0.0291   0.01802         0
    67/219     2.47G   0.01402  0.004988         0   0.01901         0       256    0.6041    0.9286    0.8966    0.6352   0.02841   0.01699         0
    68/219     2.47G   0.01734  0.005398         0   0.02274         0       256    0.5562    0.9286    0.8927    0.5836   0.03102   0.01724         0
    69/219     2.47G   0.01814  0.005417         0   0.02356         0       256    0.6046    0.9286    0.9088    0.6411   0.03021   0.01768         0
    70/219     2.47G   0.01739  0.005597         0   0.02299         0       256    0.7087    0.9286    0.9172    0.6361   0.02805   0.01791         0
    71/219     2.47G   0.01513  0.005263         0    0.0204         0       256    0.6501    0.9286    0.9198    0.6229   0.02756   0.01821         0
    72/219     2.47G   0.01665  0.005254         0    0.0219         0       256    0.6587    0.9286    0.9158    0.5738   0.03006    0.0178         0
    73/219     2.47G   0.01823  0.005704         0   0.02394         0       256    0.7055    0.9286    0.9188    0.6454   0.02855   0.01794         0
    74/219     2.47G   0.01513  0.005157         0   0.02028         0       256    0.6899    0.9286    0.9218    0.6595   0.02772   0.01776         0
    75/219     2.47G   0.01569  0.005175         0   0.02087         0       256    0.7095    0.9286    0.9233    0.6457   0.02885   0.01778         0
    76/219     2.47G    0.0186  0.005341         0   0.02394         0       256    0.6668    0.9286    0.9145    0.6626   0.02707   0.01839         0
    77/219     2.47G   0.01414  0.005137         0   0.01928         0       256    0.7109    0.9286    0.9145    0.6461   0.02951   0.01843         0
    78/219     2.47G   0.01403  0.005033         0   0.01906         0       256    0.6984    0.9286    0.9069    0.6358   0.02814   0.01769         0
    79/219     2.47G   0.01485  0.004805         0   0.01966         0       256    0.6197    0.9286    0.9009    0.6076   0.02834   0.01774         0
    80/219     2.47G    0.0158  0.005015         0   0.02082         0       256    0.6641    0.9286    0.8996    0.6201   0.02838   0.01788         0
    81/219     2.47G   0.01475  0.004856         0   0.01961         0       256     0.708    0.9286    0.9072    0.6342   0.02861   0.01872         0
    82/219     2.47G    0.0152  0.004844         0   0.02004         0       256    0.6211    0.9286    0.9029    0.6472   0.02862   0.01851         0
    83/219     2.47G   0.01185  0.004528         0   0.01638         0       256    0.6036    0.9286    0.9085    0.6364   0.02985   0.01823         0
    84/219     2.47G   0.01572   0.00493         0   0.02065         0       256    0.6437    0.9286    0.9106     0.647   0.02883    0.0179         0
    85/219     2.47G   0.01563  0.004984         0   0.02062         0       256    0.6963    0.9286    0.9104    0.6449   0.02839   0.01841         0
    86/219     2.47G   0.01364  0.004735         0   0.01838         0       256    0.6863    0.9286    0.9172    0.6337   0.02825   0.01847         0
    87/219     2.47G   0.01357  0.004509         0   0.01808         0       256    0.6732    0.9286    0.9183    0.6319   0.02883   0.01885         0
    88/219     2.47G   0.01551  0.004965         0   0.02048         0       256    0.6359    0.9286     0.913    0.6308    0.0294   0.01913         0
    89/219     2.47G   0.01525  0.004798         0   0.02005         0       256    0.6275    0.9286    0.9133    0.6416   0.02912   0.01896         0
    90/219     2.47G   0.01335  0.004646         0     0.018         0       256    0.7081    0.9286    0.9029    0.6602   0.02876   0.01908         0
    91/219     2.47G   0.01102   0.00437         0   0.01539         0       256    0.7031    0.9286    0.8999    0.6331   0.03068   0.01918         0
    92/219     2.47G   0.01587  0.004901         0   0.02077         0       256    0.7491    0.9286    0.8988    0.6361   0.02897   0.01903         0
    93/219     2.47G   0.01481  0.004798         0    0.0196         0       256    0.6426    0.9286    0.8928    0.6259   0.02972   0.01954         0
    94/219     2.47G   0.01471  0.004881         0   0.01959         0       256    0.6935    0.9286    0.9021    0.6367   0.02788   0.01908         0
    95/219     2.47G   0.01152  0.004537         0   0.01606         0       256    0.7076    0.9286    0.9036    0.6506   0.02847   0.01851         0
    96/219     2.47G   0.01437   0.00475         0   0.01912         0       256    0.6642    0.9286    0.9063    0.6352   0.02772   0.01782         0
    97/219     2.47G   0.01223  0.004366         0    0.0166         0       256    0.7238    0.9286    0.9028      0.66   0.02757   0.01766         0
    98/219     2.47G    0.0111  0.004146         0   0.01525         0       256    0.6514    0.9286     0.904    0.6352   0.02804   0.01762         0
    99/219     2.47G   0.01352  0.004534         0   0.01806         0       256    0.6278    0.9286    0.9057    0.6532   0.02791   0.01805         0
   100/219     2.47G   0.01532  0.005012         0   0.02033         0       256     0.704    0.9286    0.9059    0.6537   0.02737   0.01844         0
   101/219     2.47G   0.01364  0.004558         0    0.0182         0       256    0.7504    0.9286    0.9104    0.6396   0.02722   0.01876         0
   102/219     2.47G   0.01148   0.00427         0   0.01575         0       256    0.6979    0.9286    0.9101    0.6555   0.02766   0.01817         0
   103/219     2.47G   0.01166  0.004197         0   0.01585         0       256    0.6755    0.9286    0.9058    0.6318   0.02806   0.01842         0
   104/219     2.47G   0.01378  0.004519         0    0.0183         0       256     0.753    0.9286    0.9056    0.6415   0.02846   0.01855         0
   105/219     2.47G   0.01541  0.004715         0   0.02012         0       256    0.7289    0.9286     0.908    0.6149   0.02844   0.01957         0
   106/219     2.47G   0.01188  0.004431         0   0.01631         0       256    0.7705    0.9286    0.9091    0.6562   0.02792   0.01952         0
   107/219     2.47G   0.01014  0.004032         0   0.01417         0       256    0.7474    0.9286    0.9116    0.6635    0.0274   0.01942         0
   108/219     2.47G   0.01088  0.004059         0   0.01494         0       256    0.7028    0.9286    0.9092    0.6812   0.02852   0.01895         0
   109/219     2.47G   0.01319  0.004409         0    0.0176         0       256    0.6729    0.9286    0.9159    0.6658   0.02784   0.01867         0
   110/219     2.47G   0.01046   0.00389         0   0.01436         0       256    0.6982    0.9286     0.915    0.6865   0.02727   0.01881         0
   111/219     2.47G     0.011  0.003971         0   0.01498         0       256    0.6686    0.9286    0.9117    0.6699   0.02828   0.01901         0
   112/219     2.47G   0.01156  0.004191         0   0.01576         0       256    0.6793    0.9286    0.9196    0.6542   0.02778   0.01893         0
   113/219     2.47G  0.009962  0.003894         0   0.01386         0       256    0.6956    0.9286    0.9205    0.6719   0.02809   0.01926         0
   114/219     2.47G   0.01053  0.003909         0   0.01444         0       256     0.726    0.9286    0.9166    0.6924   0.02664   0.01925         0
   115/219     2.47G   0.01111  0.004039         0   0.01515         0       256    0.6771    0.9286    0.9156    0.6683   0.02817   0.01905         0
   116/219     2.47G   0.01219   0.00419         0   0.01638         0       256    0.6787    0.9286    0.9121    0.6592   0.02852   0.01899         0
   117/219     2.47G   0.01331  0.004306         0   0.01761         0       256    0.7336    0.9286    0.9171    0.6376   0.02914   0.01908         0
   118/219     2.47G   0.01186  0.004235         0    0.0161         0       256    0.7675    0.9286    0.9144    0.6661   0.02774   0.01903         0
   119/219     2.47G  0.008039  0.003715         0   0.01175         0       256    0.7665    0.9286    0.9144    0.6759   0.02811   0.01891         0
   120/219     2.47G   0.01081  0.004008         0   0.01482         0       256     0.701    0.9286    0.9132    0.6503   0.02661    0.0187         0
   121/219     2.47G   0.01069  0.003885         0   0.01458         0       256    0.6682    0.9286    0.9144    0.6688   0.02717   0.01895         0
   122/219     2.47G   0.01009  0.003815         0    0.0139         0       256    0.6852    0.9286    0.9159    0.6678   0.02707   0.01922         0
   123/219     2.47G  0.009599   0.00375         0   0.01335         0       256    0.7249    0.9286    0.9128    0.6511   0.02704   0.01931         0
   124/219     2.47G  0.009718  0.003819         0   0.01354         0       256    0.7338    0.9286    0.9144    0.6463   0.02786   0.01938         0
   125/219     2.47G   0.01322   0.00419         0   0.01741         0       256    0.7194    0.9286    0.9172     0.645   0.02813   0.02023         0
   126/219     2.47G   0.00961  0.003755         0   0.01336         0       256    0.6989    0.9286    0.9159    0.6482   0.02791    0.0203         0
   127/219     2.47G  0.008551  0.003564         0   0.01212         0       256    0.6945    0.9286    0.9159    0.6735   0.02807   0.02021         0
   128/219     2.47G   0.01026  0.003896         0   0.01415         0       256    0.6831    0.9286    0.9156     0.659   0.02804   0.01981         0
   129/219     2.47G   0.01069  0.003865         0   0.01456         0       256      0.68    0.9286    0.9156    0.6444   0.02773   0.01971         0
   130/219     2.47G  0.008788  0.003488         0   0.01228         0       256    0.6644    0.9286    0.9145    0.6507   0.02778   0.01914         0
   131/219     2.47G  0.008397  0.003483         0   0.01188         0       256    0.6627    0.9286    0.9162    0.6667   0.02923   0.01937         0
   132/219     2.47G   0.01276  0.004225         0   0.01698         0       256    0.6978    0.9286    0.9156    0.6829   0.02854   0.01915         0
   133/219     2.47G    0.0095  0.003763         0   0.01326         0       256     0.692    0.9286    0.9159    0.6559   0.02787   0.01918         0
   134/219     2.47G   0.00774  0.003439         0   0.01118         0       256    0.6944    0.9286    0.9144     0.668   0.02777   0.01893         0
   135/219     2.47G  0.009357  0.003694         0   0.01305         0       256    0.7436    0.9286    0.9144    0.6589   0.02751   0.01884         0
   136/219     2.47G  0.009193   0.00371         0    0.0129         0       256    0.7228    0.9286    0.9144    0.6653   0.02737    0.0189         0
   137/219     2.47G  0.008906   0.00353         0   0.01244         0       256    0.6912    0.9286    0.9159    0.6593   0.02777   0.01906         0
   138/219     2.47G  0.008409  0.003375         0   0.01178         0       256    0.6786    0.9286    0.9133    0.6743   0.02778   0.01913         0
   139/219     2.47G   0.00788  0.003335         0   0.01121         0       256    0.6719    0.9286    0.9128    0.6521    0.0282   0.01943         0
   140/219     2.47G  0.009316  0.003624         0   0.01294         0       256    0.6466    0.9286    0.9116    0.6529   0.02806   0.01957         0
   141/219     2.47G  0.007851  0.003277         0   0.01113         0       256    0.6362    0.9286    0.9104    0.6439   0.02801   0.01971         0
   142/219     2.47G  0.007655  0.003218         0   0.01087         0       256    0.6399    0.9286    0.9089    0.6517   0.02745   0.01944         0
   143/219     2.47G   0.00815  0.003357         0   0.01151         0       256    0.6999    0.9286    0.9089    0.6485   0.02775   0.01944         0
   144/219     2.47G  0.007946  0.003392         0   0.01134         0       256    0.6657    0.9286    0.9087     0.649   0.02765   0.01924         0
   145/219     2.47G   0.00867  0.003424         0   0.01209         0       256    0.7142    0.9286    0.9074     0.649   0.02726   0.01924         0
   146/219     2.47G  0.006644  0.003026         0   0.00967         0       256    0.6814    0.9286    0.9087    0.6477   0.02721   0.01923         0
   147/219     2.47G  0.007444  0.003236         0   0.01068         0       256    0.6839    0.9286    0.9104    0.6427   0.02751   0.01936         0
   148/219     2.47G  0.008298  0.003525         0   0.01182         0       256    0.7208    0.9286    0.9116    0.6411   0.02765    0.0193         0
   149/219     2.47G  0.007548  0.003097         0   0.01064         0       256    0.7211    0.9286    0.9102    0.6599   0.02746   0.01927         0
   150/219     2.47G  0.007534  0.003191         0   0.01073         0       256    0.7232    0.9286    0.9102    0.6513   0.02717   0.01925         0
   151/219     2.47G  0.006346     0.003         0  0.009346         0       256    0.7253    0.9286    0.9102    0.6457   0.02735    0.0195         0
   152/219     2.47G  0.008203  0.003228         0   0.01143         0       256    0.7018    0.9286    0.9102    0.6342   0.02761   0.01943         0
   153/219     2.47G  0.006733   0.00301         0  0.009743         0       256    0.7111    0.9286    0.9104    0.6576   0.02735    0.0196         0
   154/219     2.47G  0.006813  0.002973         0  0.009786         0       256    0.7109    0.9286    0.9104    0.6476   0.02724   0.01939         0
   155/219     2.47G  0.006656     0.003         0  0.009656         0       256    0.6881    0.9286    0.9104    0.6414   0.02739   0.01958         0
   156/219     2.47G  0.007851  0.003251         0    0.0111         0       256    0.6867    0.9286    0.9102    0.6549   0.02717   0.01961         0
   157/219     2.47G  0.006358  0.002958         0  0.009316         0       256    0.7022    0.9286     0.909    0.6479   0.02731   0.01956         0
   158/219     2.47G  0.006406  0.002924         0   0.00933         0       256    0.6608    0.9286     0.909    0.6481   0.02692   0.01942         0
   159/219     2.47G  0.007203  0.003012         0   0.01022         0       256    0.6664    0.9286     0.909    0.6512   0.02735   0.01967         0
   160/219     2.47G  0.007157  0.003169         0   0.01033         0       256    0.6693    0.9286    0.9108    0.6354   0.02726   0.01961         0
   161/219     2.47G  0.007727   0.00314         0   0.01087         0       256    0.6912    0.9286    0.9108     0.638    0.0275   0.01974         0
   162/219     2.47G  0.006464  0.002908         0  0.009372         0       256    0.7108    0.9286    0.9133    0.6539    0.0272   0.01951         0
   163/219     2.47G  0.006055  0.002807         0  0.008862         0       256    0.6748    0.9286    0.9144     0.656   0.02748   0.01979         0
   164/219     2.47G  0.006111  0.002948         0  0.009058         0       256    0.6903    0.9286    0.9144    0.6673   0.02746    0.0198         0
   165/219     2.47G  0.006338  0.002882         0   0.00922         0       256    0.6549    0.9286    0.9156    0.6592   0.02759   0.01974         0
   166/219     2.47G  0.006654  0.002955         0  0.009608         0       256    0.6293    0.9286    0.9156     0.666   0.02747   0.01967         0
   167/219     2.47G  0.006511  0.002974         0  0.009484         0       256    0.6706    0.9286    0.9156    0.6674   0.02799   0.01994         0
   168/219     2.47G  0.007727   0.00314         0   0.01087         0       256    0.6704    0.9286    0.9156    0.6516   0.02783   0.01982         0
   169/219     2.47G  0.005703  0.002746         0  0.008448         0       256    0.6596    0.9286    0.9156    0.6506   0.02788   0.01977         0
   170/219     2.47G  0.005408   0.00271         0  0.008118         0       256    0.6443    0.9286    0.9156    0.6529   0.02768   0.01938         0
   171/219     2.47G  0.005391  0.002683         0  0.008073         0       256    0.6553    0.9286    0.9128    0.6459   0.02742   0.01938         0
   172/219     2.47G  0.006501  0.003084         0  0.009585         0       256    0.6714    0.9286    0.9128    0.6496   0.02739   0.01926         0
   173/219     2.47G  0.006477  0.002883         0   0.00936         0       256    0.6306    0.9286    0.9144     0.654   0.02756   0.01923         0
   174/219     2.47G  0.005678  0.002722         0  0.008399         0       256    0.6844    0.9286    0.9144    0.6568   0.02747    0.0191         0
   175/219     2.47G   0.00586   0.00278         0   0.00864         0       256    0.7067    0.9286    0.9128    0.6525   0.02767   0.01929         0
   176/219     2.47G  0.005867  0.002844         0  0.008711         0       256    0.6919    0.9286    0.9128    0.6549   0.02745   0.01946         0
   177/219     2.47G   0.00539  0.002638         0  0.008027         0       256     0.678    0.9286    0.9128    0.6653   0.02778   0.01959         0
   178/219     2.47G   0.00553  0.002663         0  0.008193         0       256    0.6729    0.9286    0.9128    0.6436   0.02772   0.01954         0
   179/219     2.47G  0.005219  0.002567         0  0.007786         0       256    0.6957    0.9286    0.9128    0.6519   0.02805   0.01979         0
   180/219     2.47G  0.005698  0.002774         0  0.008472         0       256    0.6927    0.9286    0.9128    0.6522    0.0277   0.01972         0
   181/219     2.47G   0.00539  0.002597         0  0.007987         0       256    0.6464    0.9286    0.9128    0.6514   0.02749    0.0197         0
   182/219     2.47G  0.005843  0.002614         0  0.008458         0       256    0.6653    0.9286    0.9144    0.6519   0.02714   0.01948         0
   183/219     2.47G  0.005166  0.002549         0  0.007715         0       256    0.6748    0.9286    0.9128    0.6411    0.0274   0.01956         0
   184/219     2.47G  0.005671  0.002726         0  0.008397         0       256    0.6922    0.9286    0.9144    0.6533   0.02742   0.01962         0
   185/219     2.47G  0.005793  0.002694         0  0.008487         0       256    0.6912    0.9286    0.9156    0.6552   0.02744   0.01964         0
   186/219     2.47G  0.004671  0.002479         0  0.007149         0       256    0.6726    0.9286    0.9144    0.6558   0.02741   0.01964         0
   187/219     2.47G  0.005142  0.002599         0  0.007741         0       256    0.6917    0.9286    0.9128    0.6327   0.02764    0.0198         0
   188/219     2.47G  0.005174  0.002672         0  0.007845         0       256    0.6702    0.9286    0.9128     0.648   0.02732   0.01976         0
   189/219     2.47G  0.004393  0.002387         0   0.00678         0       256    0.6609    0.9286    0.9144    0.6531   0.02736   0.01982         0
   190/219     2.47G  0.004877  0.002464         0  0.007341         0       256    0.6511    0.9286    0.9156    0.6389   0.02717   0.01968         0
   191/219     2.47G   0.00447  0.002366         0  0.006837         0       256    0.6848    0.9286    0.9144    0.6623   0.02747   0.01975         0
   192/219     2.47G  0.005177  0.002587         0  0.007765         0       256    0.6721    0.9286    0.9144    0.6704   0.02741   0.01975         0
   193/219     2.47G  0.005401  0.002587         0  0.007988         0       256     0.657    0.9286    0.9144    0.6532   0.02778   0.01985         0
   194/219     2.47G  0.004899  0.002449         0  0.007348         0       256    0.6618    0.9286    0.9144    0.6489   0.02761   0.01977         0
   195/219     2.47G  0.004491  0.002429         0   0.00692         0       256    0.6743    0.9286    0.9128    0.6457   0.02773   0.01999         0
   196/219     2.47G  0.004898   0.00256         0  0.007457         0       256    0.6776    0.9286    0.9128    0.6544   0.02755   0.01999         0
   197/219     2.47G  0.004583  0.002389         0  0.006972         0       256    0.6651    0.9286    0.9144    0.6586   0.02765   0.02006         0
   198/219     2.47G  0.004146  0.002308         0  0.006454         0       256     0.665    0.9286    0.9133    0.6593   0.02763   0.01993         0
   199/219     2.47G  0.004548  0.002403         0  0.006952         0       256    0.6689    0.9286    0.9144    0.6486   0.02766   0.02008         0
   200/219     2.47G   0.00482  0.002555         0  0.007375         0       256    0.6585    0.9286    0.9133    0.6438   0.02763   0.02003         0
   201/219     2.47G   0.00496  0.002512         0  0.007472         0       256    0.6608    0.9286    0.9133    0.6383   0.02757      0.02         0
   202/219     2.47G  0.004599  0.002405         0  0.007003         0       256    0.6574    0.9286    0.9133    0.6425   0.02752   0.01997         0
   203/219     2.47G  0.005311  0.002504         0  0.007815         0       256    0.6893    0.9286    0.9133    0.6458   0.02784    0.0201         0
   204/219     2.47G  0.004865  0.002483         0  0.007348         0       256    0.7113    0.9286    0.9116    0.6434   0.02764   0.02009         0
   205/219     2.47G  0.004445  0.002318         0  0.006763         0       256    0.6939    0.9286    0.9128    0.6399    0.0276   0.02009         0
   206/219     2.47G   0.00477  0.002382         0  0.007152         0       256    0.7228    0.9286    0.9144    0.6441   0.02746   0.01984         0
   207/219     2.47G  0.004824  0.002513         0  0.007337         0       256    0.7301    0.9286    0.9128    0.6429   0.02759   0.02006         0
   208/219     2.47G  0.004598  0.002418         0  0.007015         0       256    0.7173    0.9286    0.9156    0.6602   0.02755   0.02007         0
   209/219     2.47G   0.00463  0.002396         0  0.007026         0       256    0.6826    0.9286    0.9171    0.6524   0.02776   0.02011         0
   210/219     2.47G  0.004217   0.00225         0  0.006467         0       256    0.6922    0.9286    0.9156    0.6632   0.02715   0.01992         0
   211/219     2.47G  0.004937  0.002424         0  0.007361         0       256    0.7031    0.9286    0.9159    0.6601    0.0277   0.02013         0
   212/219     2.47G  0.005434  0.002632         0  0.008066         0       256    0.6906    0.9286    0.9159    0.6511   0.02756      0.02         0
   213/219     2.47G  0.003869  0.002215         0  0.006084         0       256    0.6811    0.9286    0.9172    0.6558   0.02744      0.02         0
   214/219     2.47G  0.003732  0.002204         0  0.005936         0       256    0.6746    0.9286    0.9144    0.6531   0.02739    0.0199         0
   215/219     2.47G  0.004217  0.002275         0  0.006492         0       256    0.6806    0.9286    0.9116    0.6513   0.02772   0.02017         0
   216/219     2.47G  0.004251  0.002314         0  0.006564         0       256    0.6661    0.9286    0.9116    0.6494   0.02751   0.02011         0
   217/219     2.47G  0.004856  0.002455         0  0.007311         0       256    0.6616    0.9286    0.9144    0.6456   0.02751   0.02003         0
   218/219     2.47G  0.004246  0.002279         0  0.006526         0       256    0.6433    0.9286    0.9156    0.6505   0.02751   0.01992         0
   219/219     2.47G  0.004817  0.002382         0  0.007199         0       256    0.7072    0.9286    0.9128    0.6497   0.02756   0.02002         0
