     0/219     1.52G    0.0887    0.0318         0    0.1205         0       256         0         0 0.0003415 4.523e-05   0.09437   0.03614         0
     1/219     1.53G   0.07631   0.03408         0    0.1104         0       256         0         0 0.0004793 6.513e-05   0.08748   0.03816         0
     2/219     1.53G   0.06943   0.03459         0     0.104         0       256         0         0  0.001872 0.0003094   0.07861   0.03917         0
     3/219     1.53G   0.06246   0.03382         0   0.09627         0       256         1   0.03571   0.08571   0.04738   0.07622   0.03608         0
     4/219     1.53G   0.05478   0.03043         0   0.08521         0       256    0.2545    0.7857    0.4449    0.1029   0.05698   0.03252         0
     5/219     1.53G   0.05538   0.02417         0   0.07956         0       256    0.3505    0.8214    0.4268    0.1851   0.05524    0.0284         0
     6/219     1.53G   0.05813   0.02074         0   0.07887         0       256    0.4217      0.75    0.6505    0.3236   0.06005   0.02516         0
     7/219     1.53G    0.0547    0.0194         0    0.0741         0       256    0.2174    0.8571    0.3103    0.1134   0.05828   0.02309         0
     8/219     1.53G   0.05745   0.01673         0   0.07418         0       256    0.2543    0.8041    0.4695    0.1843   0.05972   0.02183         0
     9/219     1.53G    0.0527   0.01691         0   0.06961         0       256    0.1462    0.9286    0.5366    0.1996   0.07252   0.01777         0
    10/219     1.53G   0.06282   0.01347         0   0.07629         0       256     0.274      0.75    0.4196    0.1891   0.06034   0.02383         0
    11/219     1.53G   0.05586   0.01589         0   0.07175         0       256    0.2211    0.7857     0.325   0.07673   0.06865   0.02061         0
    12/219     1.53G   0.05977   0.01818         0   0.07796         0       256    0.2214    0.8571    0.5355    0.1817   0.05822    0.0279         0
    13/219     1.53G   0.05399   0.01873         0   0.07272         0       256    0.1232    0.9286    0.6178     0.238   0.06588   0.01896         0
    14/219     1.53G   0.06079   0.01417         0   0.07496         0       256     0.118    0.9286    0.2631   0.08058   0.06155   0.02094         0
    15/219     1.53G    0.0545   0.01471         0   0.06921         0       256    0.2077    0.9286    0.5452    0.1623    0.0614   0.01948         0
    16/219     1.53G    0.0559   0.01389         0   0.06979         0       256    0.1706    0.9286      0.51    0.1944   0.07495   0.01626         0
    17/219     1.53G    0.0624   0.01369         0   0.07609         0       256    0.1862    0.8929    0.4548    0.2234    0.0624    0.0205         0
    18/219     1.53G   0.05185   0.01445         0   0.06631         0       256    0.1739    0.9643    0.6239    0.3063   0.06019   0.01654         0
    19/219     1.53G   0.05298   0.01168         0   0.06466         0       256    0.1923    0.9286    0.7093    0.4116   0.05318    0.0166         0
    20/219     1.53G   0.04911    0.0116         0   0.06071         0       256    0.2498    0.9286    0.5939    0.2286   0.05534   0.01704         0
    21/219     1.53G   0.05072   0.01124         0   0.06196         0       256    0.2231    0.8924    0.5377    0.2592   0.05754   0.01721         0
    22/219     1.53G   0.04751   0.01063         0   0.05815         0       256    0.3173    0.9286    0.8324    0.4786   0.04654   0.01618         0
    23/219     1.53G   0.04141   0.01013         0   0.05154         0       256    0.2703    0.8929    0.7451    0.4047   0.04823   0.01676         0
    24/219     1.53G   0.04353   0.01044         0   0.05396         0       256     0.215    0.9286    0.8015    0.3759    0.0502   0.01592         0
    25/219     1.53G   0.05042  0.009187         0   0.05961         0       256    0.2767    0.8929    0.6944    0.2829   0.04968   0.01823         0
    26/219     1.53G   0.04121    0.0114         0   0.05261         0       256    0.4039    0.8929    0.8964    0.5663   0.04411   0.01777         0
    27/219     1.53G   0.03781  0.009134         0   0.04694         0       256    0.2502    0.9286    0.8117    0.4171   0.04897   0.01639         0
    28/219     1.53G   0.04277  0.009377         0   0.05214         0       256    0.3126    0.8929    0.8839    0.5098   0.04535   0.01715         0
    29/219     1.53G   0.03592  0.009645         0   0.04556         0       256    0.3049    0.9286    0.8249    0.3875   0.04582    0.0163         0
    30/219     1.53G   0.03569  0.008752         0   0.04444         0       256    0.3495    0.9643    0.8975    0.5027   0.04207   0.01529         0
    31/219     1.53G   0.03572  0.008327         0   0.04405         0       256    0.3197    0.9286    0.8815    0.4447   0.04702   0.01639         0
    32/219     1.53G   0.03969   0.00855         0   0.04824         0       256    0.3469    0.8929    0.8813    0.5359   0.04243   0.01783         0
    33/219     1.53G   0.03475  0.008709         0   0.04346         0       256    0.4068    0.9643    0.9249    0.5973   0.03951   0.01587         0
    34/219     1.53G   0.03187  0.008608         0   0.04048         0       256    0.3966    0.9643    0.9415    0.6066   0.03476   0.01573         0
    35/219     1.53G   0.02966  0.008052         0   0.03771         0       256    0.3187    0.9286    0.9174    0.3988   0.04074   0.01576         0
    36/219     1.53G   0.03594  0.008389         0   0.04433         0       256    0.3075    0.9286    0.8998    0.5805   0.04235    0.0171         0
    37/219     1.53G   0.02927  0.007985         0   0.03725         0       256    0.5335    0.8988    0.8791    0.5819   0.03694   0.01841         0
    38/219     1.53G   0.02733  0.007933         0   0.03526         0       256    0.3966    0.9286    0.9065    0.5558   0.04018   0.01691         0
    39/219     1.53G   0.02939  0.007417         0    0.0368         0       256    0.3879    0.9286     0.912    0.5967   0.03719   0.01665         0
    40/219     1.53G     0.027  0.007418         0   0.03442         0       256    0.4228    0.9286    0.9146    0.5808   0.03895   0.01624         0
    41/219     1.53G   0.03024  0.007336         0   0.03758         0       256    0.5104    0.9286    0.9092    0.5558   0.03711   0.01772         0
    42/219     1.53G   0.02568  0.007076         0   0.03276         0       256    0.4659    0.9286    0.8981    0.6201   0.03811   0.01821         0
    43/219     1.53G   0.02572  0.006958         0   0.03268         0       256    0.5224    0.9286     0.929    0.6315   0.03581   0.01794         0
    44/219     1.53G   0.02709  0.007107         0    0.0342         0       256    0.4084    0.9286    0.9245    0.4529   0.03847   0.01842         0
    45/219     1.53G   0.02983  0.006987         0   0.03682         0       256    0.4414    0.9286    0.9086    0.5968   0.03938    0.0183         0
    46/219     1.53G   0.02511  0.006861         0   0.03198         0       256    0.7314    0.9286    0.9179    0.6423   0.03286   0.01911         0
    47/219     1.53G   0.02224  0.006836         0   0.02908         0       256    0.6474    0.9183    0.9075    0.6191   0.03355   0.01945         0
    48/219     1.53G   0.02375  0.006544         0    0.0303         0       256    0.6495    0.8929    0.9071     0.646   0.03328    0.0191         0
    49/219     1.53G   0.02217  0.006186         0   0.02835         0       256     0.536    0.8929    0.8896    0.6227   0.03669   0.01944         0
    50/219     1.53G    0.0256  0.006486         0   0.03209         0       256    0.5756    0.8929    0.9115    0.5995   0.03514   0.01925         0
    51/219     1.53G   0.02233  0.006593         0   0.02892         0       256    0.6947    0.9286    0.9245    0.6551   0.03309   0.01925         0
    52/219     1.53G   0.02299   0.00658         0   0.02957         0       256    0.6796    0.9286    0.9196     0.556   0.03327    0.0195         0
    53/219     1.53G   0.02453  0.006739         0   0.03127         0       256    0.7139    0.9286    0.9285    0.6151   0.03127      0.02         0
    54/219     1.53G   0.02003  0.006191         0   0.02622         0       256    0.5616    0.9286    0.9297    0.6183   0.03245   0.01809         0
    55/219     1.53G     0.021  0.005978         0   0.02698         0       256    0.6327    0.9286    0.9146    0.6193   0.03213    0.0182         0
    56/219     1.53G   0.02203  0.006292         0   0.02832         0       256    0.6427    0.9286    0.9251    0.6086   0.03218   0.01872         0
    57/219     1.53G   0.02129  0.006183         0   0.02748         0       256    0.7506    0.9286    0.9271    0.6257     0.033   0.01974         0
    58/219     1.53G   0.01813  0.006016         0   0.02415         0       256    0.6308    0.9286     0.915    0.6136   0.03298   0.01891         0
    59/219     1.53G   0.02182  0.005929         0   0.02775         0       256    0.4648    0.8929     0.891    0.6112   0.03438   0.01845         0
    60/219     1.53G   0.02414  0.006041         0   0.03018         0       256     0.615    0.8929    0.9051    0.5729    0.0377   0.01793         0
    61/219     1.53G    0.0247   0.00653         0   0.03123         0       256    0.8455    0.8929    0.9136    0.6347   0.03344   0.01957         0
    62/219     1.53G   0.01815  0.005952         0    0.0241         0       256    0.6858    0.8929    0.9154    0.6419    0.0308   0.01803         0
    63/219     1.53G   0.01749   0.00558         0   0.02307         0       256    0.6442    0.8929     0.914    0.6245   0.02949   0.01751         0
    64/219     1.53G   0.02136  0.005862         0   0.02722         0       256    0.6146    0.9286    0.9034    0.5788   0.03099   0.01709         0
    65/219     1.53G   0.01767  0.005789         0   0.02345         0       256     0.662    0.9286    0.9163    0.5935   0.03275   0.01771         0
    66/219     1.53G   0.01743  0.005642         0   0.02308         0       256    0.6002    0.9286    0.9289    0.6591   0.03045   0.01721         0
    67/219     1.53G   0.01745  0.005569         0   0.02302         0       256    0.5965    0.9286    0.9296    0.6726   0.03014   0.01648         0
    68/219     1.53G   0.01731  0.005444         0   0.02276         0       256    0.6083    0.9286    0.9303    0.6382   0.03036   0.01651         0
    69/219     1.53G    0.0206  0.005631         0   0.02623         0       256    0.6415    0.9286    0.9262     0.587   0.03087   0.01774         0
    70/219     1.53G   0.01779  0.005289         0   0.02308         0       256    0.6566    0.9286    0.9247     0.635   0.03128   0.01872         0
    71/219     1.53G   0.01698   0.00517         0   0.02215         0       256    0.7652    0.9286     0.927    0.6692   0.03173   0.01852         0
    72/219     1.53G   0.01771  0.005278         0   0.02299         0       256    0.6915    0.9286    0.9291    0.6603   0.03001   0.01846         0
    73/219     1.53G   0.01705   0.00518         0   0.02223         0       256    0.7802    0.9286    0.9318    0.6302   0.03113   0.01865         0
    74/219     1.53G   0.01601  0.005014         0   0.02103         0       256    0.7271    0.9286    0.9298    0.6717    0.0296   0.01856         0
    75/219     1.53G   0.01836  0.005208         0   0.02357         0       256     0.783    0.9286    0.9294    0.6777   0.03053   0.01938         0
    76/219     1.53G   0.01611  0.005141         0   0.02125         0       256    0.8113    0.9286    0.9302    0.6604   0.03144   0.01932         0
    77/219     1.53G   0.01629  0.005037         0   0.02133         0       256    0.8393    0.9286     0.932    0.6738   0.03076   0.01847         0
    78/219     1.53G   0.01505  0.004851         0    0.0199         0       256      0.82    0.9286    0.9376    0.6676   0.03063   0.01774         0
    79/219     1.53G   0.01489  0.004862         0   0.01976         0       256    0.7611    0.9286    0.9351    0.6307   0.03066   0.01841         0
    80/219     1.53G    0.0164  0.005099         0    0.0215         0       256    0.7143    0.9286    0.9337    0.6718   0.03061   0.01905         0
    81/219     1.53G   0.01614  0.004928         0   0.02106         0       256    0.6738    0.9286    0.9295    0.6456   0.03378   0.01892         0
    82/219     1.53G   0.01802  0.005029         0   0.02305         0       256    0.7733    0.9286    0.9385    0.7034   0.02981   0.01824         0
    83/219     1.53G   0.01369  0.004888         0   0.01858         0       256    0.7677    0.9286    0.9375    0.6893   0.02995   0.01815         0
    84/219     1.53G   0.01811  0.005178         0   0.02329         0       256    0.7806    0.9286    0.9377    0.6464   0.03058   0.01798         0
    85/219     1.53G   0.01392  0.004693         0   0.01861         0       256    0.6473    0.9286     0.931    0.6663    0.0315   0.01824         0
    86/219     1.53G   0.01595  0.004604         0   0.02055         0       256    0.6787    0.9286    0.9345    0.6989   0.03032   0.01842         0
    87/219     1.53G   0.01501  0.004696         0   0.01971         0       256    0.7161    0.9286     0.934    0.6593   0.03105   0.01923         0
    88/219     1.53G   0.01654  0.004843         0   0.02138         0       256    0.7521    0.9286    0.9306    0.6469   0.03175   0.02025         0
    89/219     1.53G    0.0154  0.005018         0   0.02042         0       256    0.7885    0.9286     0.924    0.6504   0.03194   0.02006         0
    90/219     1.53G   0.01278  0.004574         0   0.01736         0       256    0.6631    0.9286    0.9284    0.6294   0.03024   0.01821         0
    91/219     1.53G    0.0153  0.004758         0   0.02006         0       256    0.5811    0.9286    0.9227    0.6646    0.0296   0.01782         0
    92/219     1.53G   0.01293  0.004611         0   0.01754         0       256    0.5632    0.9286    0.9251    0.6646   0.03064   0.01786         0
    93/219     1.53G   0.01584  0.004916         0   0.02075         0       256    0.6169    0.9286     0.931     0.676   0.02935   0.01841         0
    94/219     1.53G   0.01321  0.004627         0   0.01783         0       256    0.6488    0.9286    0.9328     0.669   0.02929   0.01811         0
    95/219     1.53G   0.01356  0.004644         0   0.01821         0       256    0.6816    0.9286    0.9334    0.6676   0.02931   0.01833         0
    96/219     1.53G   0.01185  0.004556         0   0.01641         0       256    0.6534    0.9286    0.9318    0.6806   0.02959   0.01869         0
    97/219     1.53G   0.01352  0.004482         0     0.018         0       256    0.6561    0.9286    0.9276    0.6619   0.02931    0.0194         0
    98/219     1.53G   0.01207  0.004197         0   0.01627         0       256    0.6955    0.9286    0.9319     0.652   0.03132    0.0198         0
    99/219     1.53G   0.01505  0.004512         0   0.01956         0       256    0.7043    0.9286    0.9286     0.664   0.03062   0.02029         0
   100/219     1.53G   0.01432  0.004516         0   0.01884         0       256    0.7192    0.9286     0.929    0.6734   0.03027    0.0206         0
   101/219     1.53G   0.01464  0.004697         0   0.01933         0       256    0.7323    0.9286    0.9291     0.667   0.03197   0.02031         0
   102/219     1.53G   0.01425  0.004486         0   0.01874         0       256    0.7308    0.9286    0.9381    0.6781   0.03017   0.01964         0
   103/219     1.53G   0.01232  0.004317         0   0.01663         0       256    0.7332    0.9286    0.9356    0.6853   0.03042   0.01907         0
   104/219     1.53G   0.01146  0.004233         0    0.0157         0       256    0.7124    0.9286    0.9373    0.6904   0.03016   0.01834         0
   105/219     1.53G   0.01292  0.004268         0   0.01718         0       256    0.7451    0.9286    0.9344    0.6783   0.03024    0.0186         0
   106/219     1.53G   0.01266  0.004269         0   0.01693         0       256    0.7597    0.9286    0.9365    0.6819    0.0299   0.01856         0
   107/219     1.53G   0.01116  0.004067         0   0.01522         0       256    0.7907    0.9286    0.9368    0.6371    0.0313   0.01877         0
   108/219     1.53G   0.01296  0.004451         0   0.01741         0       256    0.8142    0.9286    0.9366    0.6624   0.02977   0.01927         0
   109/219     1.53G   0.01011  0.003759         0   0.01387         0       256    0.8005    0.9286    0.9389    0.6748   0.02967   0.01956         0
   110/219     1.53G   0.01198  0.003998         0   0.01598         0       256     0.805    0.9286    0.9377    0.6692   0.03045   0.01957         0
   111/219     1.53G   0.01223  0.004064         0   0.01629         0       256    0.8803    0.9286    0.9403    0.6853   0.03015   0.02002         0
   112/219     1.53G   0.01197  0.004104         0   0.01608         0       256    0.8878    0.9286    0.9387    0.6792   0.03056   0.02048         0
   113/219     1.53G   0.01145  0.003989         0   0.01544         0       256    0.8047    0.9286    0.9393    0.6866   0.02953   0.02041         0
   114/219     1.53G   0.01006  0.003752         0   0.01382         0       256    0.7464    0.9286    0.9436     0.685   0.02916    0.0192         0
   115/219     1.53G   0.01068  0.003767         0   0.01445         0       256    0.6846    0.9286    0.9399    0.6952   0.02902   0.01925         0
   116/219     1.53G   0.01108  0.003904         0   0.01498         0       256    0.7282    0.9286    0.9412    0.6828   0.03126   0.01939         0
   117/219     1.53G   0.01404    0.0041         0   0.01814         0       256    0.7062    0.9286    0.9393     0.671   0.03029   0.01996         0
   118/219     1.53G   0.01149  0.003922         0   0.01541         0       256    0.7455    0.9286    0.9393    0.6908   0.03011   0.01978         0
   119/219     1.53G   0.01046  0.003991         0   0.01445         0       256    0.7526    0.9286    0.9388    0.6793   0.03094    0.0195         0
   120/219     1.53G   0.01074   0.00395         0    0.0147         0       256    0.7256    0.9286    0.9398    0.7019   0.02973   0.01934         0
   121/219     1.53G  0.009547  0.003677         0   0.01322         0       256    0.7252    0.9286    0.9407    0.6962   0.02889   0.01911         0
   122/219     1.53G   0.01108  0.003724         0   0.01481         0       256     0.794    0.9286    0.9372    0.6571   0.02899   0.01864         0
   123/219     1.53G   0.00973  0.003591         0   0.01332         0       256    0.7993    0.9286    0.9359     0.654   0.02892   0.01909         0
   124/219     1.53G   0.01242  0.004174         0   0.01659         0       256    0.7561    0.9286    0.9357    0.6686   0.02927    0.0192         0
   125/219     1.53G   0.01069  0.003738         0   0.01443         0       256    0.8689    0.9286     0.939    0.6657   0.02881   0.01945         0
   126/219     1.53G  0.009173  0.003672         0   0.01285         0       256    0.8178    0.9286     0.941    0.6689   0.02926   0.01859         0
   127/219     1.53G   0.00864  0.003395         0   0.01203         0       256    0.7929    0.9286    0.9372    0.6467    0.0291   0.01872         0
   128/219     1.53G   0.01046  0.003839         0    0.0143         0       256    0.7608    0.9286    0.9366     0.662   0.02868   0.01851         0
   129/219     1.53G   0.01121   0.00381         0   0.01502         0       256    0.7629    0.9286    0.9406    0.6849   0.02873   0.01872         0
   130/219     1.53G  0.009008  0.003509         0   0.01252         0       256     0.762    0.9286    0.9418    0.6908   0.02848   0.01861         0
   131/219     1.53G  0.008755  0.003502         0   0.01226         0       256    0.8178    0.9286    0.9365    0.6812   0.02934   0.01909         0
   132/219     1.53G   0.00938  0.003647         0   0.01303         0       256    0.7713    0.9286    0.9367    0.6737   0.02888   0.01905         0
   133/219     1.53G  0.007827  0.003296         0   0.01112         0       256    0.7271    0.9286     0.937    0.6783   0.02904   0.01902         0
   134/219     1.53G  0.009007  0.003536         0   0.01254         0       256     0.682    0.9286    0.9375    0.6987   0.02791   0.01865         0
   135/219     1.53G  0.008741  0.003395         0   0.01214         0       256    0.6689    0.9286    0.9357    0.6537    0.0283   0.01864         0
   136/219     1.53G   0.00968  0.003602         0   0.01328         0       256    0.7157    0.9286      0.94    0.6943   0.02815   0.01862         0
   137/219     1.53G  0.009117  0.003439         0   0.01256         0       256    0.8009    0.9286    0.9432    0.6787   0.02845   0.01873         0
   138/219     1.53G  0.008584  0.003362         0   0.01195         0       256    0.7577    0.9286    0.9409    0.6701   0.02824   0.01864         0
   139/219     1.53G  0.007644  0.003292         0   0.01094         0       256    0.7416    0.9286    0.9397    0.6778    0.0281   0.01898         0
   140/219     1.53G   0.00846  0.003508         0   0.01197         0       256    0.7356    0.9286      0.94    0.6709   0.02892   0.01896         0
   141/219     1.53G  0.009333  0.003711         0   0.01304         0       256    0.7706    0.9286    0.9374    0.6758   0.02858   0.01939         0
   142/219     1.53G  0.008061  0.003286         0   0.01135         0       256     0.762    0.9286    0.9344    0.6562   0.02863   0.01956         0
   143/219     1.53G  0.008322  0.003276         0    0.0116         0       256    0.7794    0.9286    0.9347    0.6427   0.02866    0.0197         0
   144/219     1.53G  0.008695  0.003429         0   0.01212         0       256    0.7392    0.9286    0.9353    0.6624   0.02809   0.01945         0
   145/219     1.53G   0.01016  0.003627         0   0.01378         0       256    0.7427    0.9286    0.9361    0.6603   0.02796   0.01924         0
   146/219     1.53G  0.008552   0.00327         0   0.01182         0       256    0.7949    0.9286    0.9374    0.6869    0.0278   0.01882         0
   147/219     1.53G  0.007627  0.003213         0   0.01084         0       256    0.7696    0.9286    0.9361    0.6746   0.02786   0.01917         0
   148/219     1.53G  0.007451  0.003207         0   0.01066         0       256    0.7671    0.9286    0.9396    0.6586   0.02844   0.01917         0
   149/219     1.53G  0.008259  0.003309         0   0.01157         0       256    0.7655    0.9286    0.9382    0.6753    0.0275   0.01933         0
   150/219     1.53G  0.007496  0.003001         0    0.0105         0       256    0.7677    0.9286    0.9417    0.6852   0.02834   0.01896         0
   151/219     1.53G    0.0072  0.003087         0   0.01029         0       256     0.757    0.9286    0.9386    0.6764   0.02881   0.01924         0
   152/219     1.53G  0.007804   0.00331         0   0.01111         0       256    0.7426    0.9286     0.938    0.6791    0.0286   0.01951         0
   153/219     1.53G  0.007277  0.002977         0   0.01025         0       256    0.7811    0.9286     0.938    0.6823   0.02894   0.01984         0
   154/219     1.53G  0.007402  0.002888         0   0.01029         0       256    0.7771    0.9286    0.9336    0.6669    0.0292   0.02006         0
   155/219     1.53G  0.007346  0.002962         0   0.01031         0       256    0.7773    0.9286    0.9328    0.6571    0.0294   0.02053         0
   156/219     1.53G  0.007749  0.003142         0   0.01089         0       256    0.7608    0.9286    0.9347    0.6765   0.02942   0.02018         0
   157/219     1.53G  0.007109  0.002979         0   0.01009         0       256    0.8463    0.9286     0.939    0.6697   0.02949   0.02013         0
   158/219     1.53G  0.006623  0.002929         0  0.009552         0       256    0.8165    0.9286    0.9406    0.6812   0.02836   0.01947         0
   159/219     1.53G  0.006274  0.002826         0    0.0091         0       256    0.8675    0.9286    0.9382    0.6723   0.02825   0.01956         0
   160/219     1.53G  0.006986  0.002999         0  0.009985         0       256    0.8677    0.9286     0.941    0.6811   0.02802   0.01936         0
   161/219     1.53G  0.007976  0.003034         0   0.01101         0       256    0.8414    0.9286    0.9434    0.6735   0.02816   0.01928         0
   162/219     1.53G  0.006923  0.002855         0  0.009778         0       256    0.8039    0.9286    0.9419     0.689   0.02784   0.01939         0
   163/219     1.53G  0.006886  0.002904         0   0.00979         0       256    0.8169    0.9286    0.9376    0.6815   0.02843   0.01978         0
   164/219     1.53G  0.007208  0.002946         0   0.01015         0       256    0.8131    0.9286    0.9379    0.6818   0.02877   0.01991         0
   165/219     1.53G  0.007344  0.002923         0   0.01027         0       256    0.8387    0.9286    0.9382    0.6831   0.02854   0.01999         0
   166/219     1.53G  0.007001  0.002842         0  0.009843         0       256    0.7914    0.9286    0.9421     0.689   0.02842   0.01949         0
   167/219     1.53G  0.005641  0.002622         0  0.008263         0       256    0.8103    0.9286     0.939    0.6992   0.02861   0.01966         0
   168/219     1.53G  0.005881  0.002763         0  0.008644         0       256    0.7559    0.9286    0.9381    0.7023   0.02846   0.01954         0
   169/219     1.53G  0.006143    0.0027         0  0.008843         0       256    0.6867    0.9286    0.9376    0.6852   0.02853   0.01932         0
   170/219     1.53G  0.005616  0.002585         0  0.008201         0       256     0.721    0.9286    0.9417    0.6774   0.02788   0.01908         0
   171/219     1.53G  0.005454  0.002597         0  0.008051         0       256    0.7209    0.9286     0.939    0.6776   0.02843   0.01922         0
   172/219     1.53G  0.005459  0.002674         0  0.008133         0       256    0.7039    0.9286    0.9393    0.6766   0.02789   0.01921         0
   173/219     1.53G  0.005657  0.002611         0  0.008268         0       256    0.7067    0.9286    0.9384    0.6654   0.02846   0.01939         0
   174/219     1.53G  0.006015   0.00267         0  0.008685         0       256    0.7299    0.9286    0.9381     0.683   0.02775   0.01917         0
   175/219     1.53G   0.00528  0.002566         0  0.007846         0       256    0.6968    0.9286    0.9378    0.6793   0.02797   0.01949         0
   176/219     1.53G  0.006017  0.002752         0   0.00877         0       256    0.6875    0.9286    0.9372    0.6717    0.0282   0.01964         0
   177/219     1.53G  0.005754  0.002565         0  0.008319         0       256     0.649    0.9286    0.9354    0.6657    0.0287   0.01978         0
   178/219     1.53G  0.004864  0.002407         0   0.00727         0       256    0.7344    0.9286    0.9387    0.6701   0.02798   0.01958         0
   179/219     1.53G   0.00624  0.002601         0  0.008841         0       256    0.6902    0.9286    0.9396    0.6826   0.02858    0.0198         0
   180/219     1.53G  0.006693  0.002759         0  0.009452         0       256    0.6674    0.9286    0.9386     0.676   0.02847   0.01979         0
   181/219     1.53G  0.006604  0.002685         0  0.009289         0       256    0.6787    0.9286    0.9397    0.6897   0.02893   0.01985         0
   182/219     1.53G  0.006261   0.00268         0  0.008941         0       256    0.7294    0.9286    0.9415    0.6816    0.0285   0.01969         0
   183/219     1.53G  0.005716  0.002577         0  0.008292         0       256    0.7524    0.9286     0.938    0.6691   0.02885   0.01996         0
   184/219     1.53G   0.00601  0.002796         0  0.008807         0       256    0.7438    0.9286    0.9399    0.6644   0.02941    0.0199         0
   185/219     1.53G  0.005027  0.002468         0  0.007495         0       256     0.725    0.9286    0.9406    0.6836   0.02837   0.01995         0
   186/219     1.53G  0.005031  0.002392         0  0.007423         0       256    0.7662    0.9286    0.9412    0.6785   0.02845    0.0196         0
   187/219     1.53G  0.005956  0.002601         0  0.008557         0       256    0.7216    0.9286    0.9377    0.6823   0.02862   0.01989         0
   188/219     1.53G  0.005037  0.002505         0  0.007543         0       256    0.7237    0.9286    0.9379    0.6889   0.02842   0.01982         0
   189/219     1.53G  0.005331  0.002497         0  0.007828         0       256    0.7071    0.9286    0.9372     0.674   0.02833   0.01967         0
   190/219     1.53G  0.004716  0.002304         0   0.00702         0       256     0.698    0.9286    0.9374    0.6812   0.02794    0.0191         0
   191/219     1.53G  0.005169  0.002422         0  0.007592         0       256    0.6857    0.9286    0.9363    0.6775   0.02819   0.01929         0
   192/219     1.53G  0.004681  0.002393         0  0.007074         0       256    0.7084    0.9286    0.9393    0.6861   0.02804   0.01938         0
   193/219     1.53G  0.006112  0.002581         0  0.008693         0       256    0.7157    0.9286    0.9417    0.6857   0.02814   0.01941         0
   194/219     1.53G  0.004866  0.002406         0  0.007272         0       256    0.7231    0.9286    0.9432    0.6754   0.02793    0.0193         0
   195/219     1.53G  0.004827  0.002339         0  0.007166         0       256    0.7308    0.9286     0.939    0.6785   0.02783   0.01957         0
   196/219     1.53G  0.005497   0.00262         0  0.008117         0       256    0.7086    0.9286    0.9387    0.6831     0.028    0.0195         0
   197/219     1.53G  0.004809  0.002267         0  0.007075         0       256    0.6874    0.9286    0.9387    0.6796   0.02821   0.01956         0
   198/219     1.53G  0.004798  0.002328         0  0.007126         0       256    0.7307    0.9286    0.9406    0.6751   0.02774   0.01911         0
   199/219     1.53G  0.004487   0.00231         0  0.006797         0       256    0.7277    0.9286    0.9377    0.6808   0.02815   0.01932         0
   200/219     1.53G   0.00462  0.002312         0  0.006933         0       256    0.7248    0.9286    0.9385    0.6903   0.02819   0.01937         0
   201/219     1.53G  0.004252  0.002193         0  0.006446         0       256       0.7    0.9286    0.9369    0.6945   0.02794   0.01959         0
   202/219     1.53G  0.004007  0.002101         0  0.006108         0       256    0.7362    0.9286    0.9366    0.6785   0.02786   0.01932         0
   203/219     1.53G  0.005185  0.002392         0  0.007577         0       256    0.7023    0.9286    0.9341    0.6798   0.02816   0.01953         0
   204/219     1.53G   0.00509  0.002456         0  0.007546         0       256    0.7034    0.9286    0.9353    0.6751   0.02823   0.01978         0
   205/219     1.53G  0.005959   0.00256         0  0.008519         0       256    0.6747    0.9286    0.9348    0.6728   0.02856   0.02003         0
   206/219     1.53G  0.004387  0.002157         0  0.006544         0       256     0.709    0.9286    0.9348    0.6662     0.028    0.0199         0
   207/219     1.53G  0.004817  0.002261         0  0.007078         0       256    0.7125    0.9286    0.9331    0.6699    0.0286   0.02021         0
   208/219     1.53G  0.004885  0.002375         0   0.00726         0       256    0.7166    0.9286    0.9339    0.6764   0.02886    0.0201         0
   209/219     1.53G  0.004985    0.0023         0  0.007284         0       256    0.6967    0.9286    0.9356    0.6732   0.02843   0.02004         0
   210/219     1.53G  0.004408  0.002173         0  0.006581         0       256    0.7424    0.9286    0.9385    0.6837   0.02812   0.01947         0
   211/219     1.53G  0.004429  0.002161         0   0.00659         0       256    0.7129    0.9286    0.9352    0.6813   0.02795   0.01975         0
   212/219     1.53G  0.004476  0.002272         0  0.006748         0       256    0.7117    0.9286    0.9352     0.678   0.02794   0.01961         0
   213/219     1.53G  0.003391  0.001979         0   0.00537         0       256      0.69    0.9286    0.9352     0.669   0.02828   0.01963         0
   214/219     1.53G  0.004868  0.002289         0  0.007157         0       256    0.7084    0.9286     0.936    0.6706   0.02794   0.01957         0
   215/219     1.53G  0.003704  0.002058         0  0.005761         0       256    0.7289    0.9286    0.9353    0.6869   0.02808   0.01974         0
   216/219     1.53G  0.004366  0.002217         0  0.006584         0       256    0.6887    0.9286    0.9365    0.6916   0.02814   0.01968         0
   217/219     1.53G  0.004898  0.002301         0    0.0072         0       256    0.6916    0.9286    0.9365    0.6772   0.02821   0.01965         0
   218/219     1.53G  0.005127   0.00229         0  0.007418         0       256    0.7345    0.9286    0.9383    0.6878   0.02771   0.01943         0
   219/219     1.53G  0.004341   0.00216         0  0.006501         0       256    0.7225    0.9286    0.9348    0.6765   0.02839   0.01968         0
