     0/219     1.37G   0.06465   0.03121         0   0.09587         0       256         0         0 0.0001018 1.579e-05   0.07937   0.03282         0
     1/219     1.37G   0.05741   0.02946         0   0.08687         0       256         0         0 0.0004427  7.47e-05   0.07113   0.03331         0
     2/219     1.37G   0.04905   0.03125         0    0.0803         0       256         0         0    0.0266  0.004498   0.06097   0.03329         0
     3/219     1.37G   0.04161   0.02925         0   0.07086         0       256     0.225    0.5714    0.3089   0.07235   0.05722   0.02787         0
     4/219     1.37G   0.04224   0.02279         0   0.06503         0       256    0.1658    0.6071    0.2542   0.06201   0.05773    0.0231         0
     5/219     1.37G   0.04551   0.01774         0   0.06325         0       256      0.15      0.25    0.2496    0.1128   0.06301   0.02075         0
     6/219     1.37G   0.04611   0.01691         0   0.06302         0       256    0.2099    0.7143    0.3596    0.1724   0.05462   0.01972         0
     7/219     1.37G   0.04817   0.01429         0   0.06245         0       256    0.2789    0.3042    0.2161   0.08275   0.06493   0.01944         0
     8/219     1.37G   0.04888   0.01593         0   0.06481         0       256   0.08714    0.8571    0.2195   0.09048   0.05896   0.02291         0
     9/219     1.37G   0.04493   0.02264         0   0.06757         0       256    0.1631    0.6429    0.1932   0.04593   0.04846   0.03084         0
    10/219     1.37G   0.03964   0.01993         0   0.05957         0       256     0.145    0.8663    0.4318    0.1472   0.05253   0.02077         0
    11/219     1.37G   0.03722   0.01582         0   0.05304         0       256   0.07163    0.8571    0.4467    0.1134   0.05268   0.01791         0
    12/219     1.37G   0.04278     0.015         0   0.05779         0       256   0.08137    0.9286    0.5231    0.1698   0.05029   0.02017         0
    13/219     1.37G   0.03865    0.0169         0   0.05555         0       256    0.1166    0.8571     0.458    0.2436   0.05219   0.01889         0
    14/219     1.37G   0.03651   0.01345         0   0.04996         0       256    0.1504    0.8214      0.48    0.2043    0.0468   0.01903         0
    15/219     1.37G   0.03438   0.01149         0   0.04587         0       256    0.1831    0.6786     0.396     0.109   0.04982   0.02028         0
    16/219     1.37G   0.03818   0.01095         0   0.04913         0       256     0.274    0.6429    0.3283    0.1095   0.05011   0.02385         0
    17/219     1.37G   0.03424   0.01312         0   0.04736         0       256    0.1592    0.9643     0.806    0.4477   0.04237    0.0172         0
    18/219     1.37G   0.03052   0.01042         0   0.04094         0       256    0.2816    0.9286    0.7059    0.2334   0.04018   0.01874         0
    19/219     1.37G   0.02829   0.01007         0   0.03836         0       256    0.2542    0.9286      0.58    0.2704   0.03823    0.0175         0
    20/219     1.37G    0.0289   0.01068         0   0.03958         0       256    0.2665    0.9643    0.6734    0.2682   0.03835   0.01609         0
    21/219     1.37G   0.02974  0.009763         0   0.03951         0       256    0.2643    0.9286     0.736    0.3116   0.04197   0.01652         0
    22/219     1.37G    0.0293  0.008854         0   0.03816         0       256    0.2342    0.8929    0.6645    0.2489   0.03822   0.01641         0
    23/219     1.37G   0.02524  0.008197         0   0.03343         0       256    0.3374    0.8929    0.8494    0.4986   0.03417    0.0164         0
    24/219     1.37G   0.02578  0.007922         0    0.0337         0       256      0.31    0.8929    0.6162    0.2192   0.04089   0.01736         0
    25/219     1.37G   0.02838  0.008465         0   0.03684         0       256    0.3346    0.8571    0.6987    0.2666   0.03897   0.01873         0
    26/219     1.37G   0.02565  0.007728         0   0.03338         0       256    0.2675    0.8571    0.7236    0.3693    0.0373   0.01672         0
    27/219     1.37G   0.02587  0.007774         0   0.03364         0       256    0.2912    0.8571    0.7587    0.2292   0.03615   0.01798         0
    28/219     1.37G   0.02573  0.007776         0   0.03351         0       256    0.3002    0.8929    0.6697    0.4705   0.04126   0.01882         0
    29/219     1.37G   0.03137  0.007492         0   0.03886         0       256    0.3235    0.8571    0.7895    0.1866   0.04137   0.01895         0
    30/219     1.37G   0.02831  0.007569         0   0.03587         0       256    0.3394    0.8929    0.8709    0.5217   0.03573   0.01724         0
    31/219     1.37G   0.02395  0.007184         0   0.03114         0       256    0.3798    0.9643     0.897    0.4516   0.03424    0.0169         0
    32/219     1.37G   0.02449  0.007224         0   0.03172         0       256    0.2945    0.9643    0.8538     0.473   0.03499   0.01714         0
    33/219     1.37G   0.02397  0.006993         0   0.03096         0       256    0.2893    0.9643     0.859    0.4368   0.03449     0.017         0
    34/219     1.37G    0.0239  0.006975         0   0.03088         0       256     0.302    0.9643    0.8314    0.4857    0.0344   0.01651         0
    35/219     1.37G   0.02332    0.0068         0   0.03012         0       256    0.3418    0.9643    0.8468    0.4671   0.03523    0.0171         0
    36/219     1.37G   0.02386  0.006689         0   0.03055         0       256    0.3324    0.8571    0.7894    0.4403   0.03829   0.01889         0
    37/219     1.37G   0.02662  0.007002         0   0.03362         0       256    0.2991    0.8929     0.761    0.3773   0.04057   0.01948         0
    38/219     1.37G    0.0263  0.006993         0   0.03329         0       256    0.4257    0.8929    0.8863    0.5126   0.03556   0.01989         0
    39/219     1.37G   0.02162  0.006639         0   0.02825         0       256    0.4642    0.9286    0.8866    0.5074   0.03525   0.01926         0
    40/219     1.37G    0.0206  0.006356         0   0.02695         0       256    0.4682    0.8214    0.8404    0.5264   0.03443   0.02067         0
    41/219     1.37G   0.02092  0.006148         0   0.02707         0       256    0.3166    0.7857    0.6883    0.3905   0.03897   0.02119         0
    42/219     1.37G   0.02306  0.006003         0   0.02906         0       256    0.3923    0.8214    0.8097    0.3991   0.03544   0.02155         0
    43/219     1.37G   0.02189  0.006334         0   0.02822         0       256     0.414    0.8214    0.8552    0.5607   0.03518   0.02096         0
    44/219     1.37G   0.02194  0.006344         0   0.02828         0       256    0.3775    0.8214    0.8149    0.4444   0.03528   0.02153         0
    45/219     1.37G   0.02104  0.006291         0   0.02733         0       256    0.4262    0.8571    0.8443    0.4818   0.03502   0.02159         0
    46/219     1.37G   0.02146  0.005997         0   0.02745         0       256    0.3784    0.8929    0.8506    0.4717   0.03474   0.02145         0
    47/219     1.37G   0.02183  0.006067         0   0.02789         0       256    0.4442    0.8214    0.8472    0.5125   0.03575   0.02142         0
    48/219     1.37G   0.01955  0.005923         0   0.02547         0       256      0.53    0.8571     0.871    0.6059   0.03314   0.02153         0
    49/219     1.37G   0.01975    0.0057         0   0.02545         0       256    0.4273    0.8929    0.8529    0.5078   0.03377   0.02047         0
    50/219     1.37G   0.02113   0.00582         0   0.02695         0       256    0.4611    0.8929    0.9198    0.5771   0.03276   0.01937         0
    51/219     1.37G   0.01968  0.005702         0   0.02538         0       256    0.4213    0.8929    0.9184    0.5453   0.03346   0.01868         0
    52/219     1.37G   0.02128  0.006096         0   0.02737         0       256    0.4297    0.8929    0.8825    0.4845   0.03402   0.01916         0
    53/219     1.37G   0.02299  0.006318         0   0.02931         0       256    0.4719    0.8929    0.8885    0.5395   0.03297   0.01953         0
    54/219     1.37G   0.01947   0.00578         0   0.02525         0       256    0.4544    0.9643    0.9279    0.5048   0.03139   0.01807         0
    55/219     1.37G   0.01933  0.005704         0   0.02504         0       256    0.3896    0.9643    0.8983    0.5567   0.03269   0.01804         0
    56/219     1.37G      0.02  0.005717         0   0.02572         0       256    0.4551    0.9643    0.9309    0.6295   0.03202   0.01824         0
    57/219     1.37G   0.01924  0.005489         0   0.02473         0       256    0.4346    0.9643    0.9248    0.5704   0.03223   0.01801         0
    58/219     1.37G   0.01819  0.005251         0   0.02344         0       256    0.4322    0.9643     0.921    0.5943   0.03158   0.01748         0
    59/219     1.37G   0.01763  0.005193         0   0.02282         0       256    0.4743    0.9643    0.8971    0.5812   0.03199   0.01866         0
    60/219     1.37G   0.01832  0.005393         0   0.02371         0       256    0.4851    0.9087    0.9002    0.5757   0.03186   0.01988         0
    61/219     1.37G    0.0194  0.005374         0   0.02477         0       256    0.4042    0.8571    0.8357    0.4198   0.03412   0.02168         0
    62/219     1.37G   0.01805  0.005395         0   0.02345         0       256    0.4654    0.8929    0.8881    0.5642   0.03274   0.02151         0
    63/219     1.37G   0.01817  0.005295         0   0.02347         0       256    0.4517    0.8929    0.8932    0.5219    0.0332    0.0208         0
    64/219     1.37G   0.01776  0.005157         0   0.02292         0       256    0.4671    0.8929    0.9101    0.6114   0.03134   0.01995         0
    65/219     1.37G    0.0175  0.005237         0   0.02273         0       256    0.4343    0.8929      0.91    0.5744   0.03092   0.01932         0
    66/219     1.37G   0.01707  0.005171         0   0.02224         0       256    0.4327    0.8929     0.918    0.5012   0.03101   0.01897         0
    67/219     1.37G   0.01646  0.005324         0   0.02179         0       256    0.4343    0.8929    0.9087    0.5363   0.03143   0.02003         0
    68/219     1.37G   0.01754  0.005555         0   0.02309         0       256    0.4198    0.8929    0.8983    0.5499    0.0309   0.02026         0
    69/219     1.37G   0.01657  0.005289         0   0.02186         0       256    0.4284    0.9103    0.8996      0.58   0.02974   0.01982         0
    70/219     1.37G   0.01568  0.005098         0   0.02078         0       256    0.5021    0.9643    0.9144    0.5613   0.02855   0.02027         0
    71/219     1.37G    0.0146  0.005403         0      0.02         0       256    0.5059    0.8778    0.8784    0.5995   0.02925   0.02214         0
    72/219     1.37G   0.01551  0.005468         0   0.02098         0       256     0.467    0.8571    0.8429    0.5173   0.03053   0.02318         0
    73/219     1.37G   0.01862  0.005809         0   0.02443         0       256    0.5244    0.7857    0.7996    0.4395    0.0314   0.02586         0
    74/219     1.37G   0.01605  0.005848         0   0.02189         0       256    0.5057      0.75    0.7876    0.4955   0.03006   0.02716         0
    75/219     1.37G   0.01384  0.005519         0   0.01936         0       256    0.5543    0.8571    0.8181    0.4103   0.03064   0.02483         0
    76/219     1.37G   0.01708  0.006337         0   0.02342         0       256    0.6018    0.8097    0.8127     0.515   0.02949   0.02535         0
    77/219     1.37G   0.01406  0.005674         0   0.01973         0       256    0.6231    0.8856    0.8604    0.5503   0.02812   0.02436         0
    78/219     1.37G   0.01222  0.005321         0   0.01754         0       256    0.6841    0.8929    0.8921    0.5788   0.02699   0.02354         0
    79/219     1.37G   0.01022  0.004855         0   0.01507         0       256    0.6587    0.8929    0.8866    0.5573   0.02659   0.02258         0
    80/219     1.37G   0.01062  0.004847         0   0.01547         0       256    0.6166    0.8929    0.9081    0.5174   0.02698   0.02162         0
    81/219     1.37G   0.01314  0.005379         0   0.01852         0       256    0.6232    0.8929    0.8996    0.5218   0.02788    0.0227         0
    82/219     1.37G   0.01219  0.005073         0   0.01726         0       256      0.64    0.8929    0.9091    0.5712   0.02518   0.02173         0
    83/219     1.37G  0.009426  0.004646         0   0.01407         0       256    0.5764    0.9286    0.9066    0.5241   0.02519   0.01953         0
    84/219     1.37G   0.01269  0.005269         0   0.01796         0       256    0.6293    0.9097    0.9025    0.5707   0.02705   0.02005         0
    85/219     1.37G   0.01426  0.005559         0   0.01981         0       256    0.6893    0.8929    0.9207    0.5573   0.02505   0.02063         0
    86/219     1.37G  0.009299  0.004603         0    0.0139         0       256    0.6985    0.9286    0.9288    0.5789     0.025   0.01887         0
    87/219     1.37G   0.01024   0.00462         0   0.01486         0       256    0.6831    0.9286    0.9181    0.5705   0.02451   0.01912         0
    88/219     1.37G   0.00962  0.004481         0    0.0141         0       256    0.6573    0.9286    0.9204    0.6032   0.02564   0.01934         0
    89/219     1.37G   0.01115   0.00462         0   0.01577         0       256    0.7295    0.9286    0.9172    0.5551   0.02532   0.02102         0
    90/219     1.37G   0.00918  0.004358         0   0.01354         0       256    0.6957    0.9286    0.9126    0.5876   0.02499     0.021         0
    91/219     1.37G   0.01066  0.004565         0   0.01523         0       256    0.6975    0.8929    0.9132    0.6065    0.0246   0.02029         0
    92/219     1.37G  0.009887   0.00443         0   0.01432         0       256    0.6965    0.8929    0.9072    0.5471   0.02477   0.02052         0
    93/219     1.37G   0.01051  0.004509         0   0.01502         0       256    0.6686    0.9286    0.9078    0.5853   0.02492   0.02116         0
    94/219     1.37G   0.00865  0.004221         0   0.01287         0       256    0.6779    0.9286    0.9115    0.5616   0.02558   0.02138         0
    95/219     1.37G  0.008803  0.004228         0   0.01303         0       256    0.6694    0.9286    0.9102    0.5114    0.0261   0.02163         0
    96/219     1.37G   0.01018  0.004585         0   0.01477         0       256    0.6658    0.9286    0.9118    0.5541   0.02501   0.02196         0
    97/219     1.37G   0.01033  0.004482         0   0.01482         0       256    0.7151    0.9286    0.9077    0.5331   0.02648   0.02285         0
    98/219     1.37G  0.009797  0.004388         0   0.01419         0       256    0.7487    0.9286    0.9197    0.6011   0.02415   0.02214         0
    99/219     1.37G  0.009434  0.004473         0   0.01391         0       256    0.7099    0.9286    0.9145    0.5831   0.02474   0.02148         0
   100/219     1.37G   0.01116  0.004699         0   0.01586         0       256    0.7014    0.8929    0.9069     0.577   0.02509   0.02174         0
   101/219     1.37G  0.008296  0.004048         0   0.01234         0       256    0.6968    0.8929    0.9028    0.6019   0.02415   0.02231         0
   102/219     1.37G  0.008039  0.003934         0   0.01197         0       256    0.6861    0.8929    0.9033    0.5615   0.02495   0.02159         0
   103/219     1.37G  0.008609  0.004051         0   0.01266         0       256    0.6684    0.8929    0.8952    0.5797   0.02499   0.02226         0
   104/219     1.37G  0.008693   0.00409         0   0.01278         0       256     0.635    0.8929    0.8878     0.591   0.02532   0.02348         0
   105/219     1.37G  0.008236  0.003915         0   0.01215         0       256    0.6288    0.8929    0.8755    0.5183   0.02658   0.02362         0
   106/219     1.37G  0.008855  0.003998         0   0.01285         0       256    0.6958    0.8929     0.886    0.5782   0.02435   0.02296         0
   107/219     1.37G  0.007214  0.003732         0   0.01095         0       256    0.6823    0.8929    0.8872    0.5397   0.02539   0.02229         0
   108/219     1.37G  0.009496  0.004119         0   0.01362         0       256    0.6464    0.8929    0.8862    0.5847   0.02551   0.02254         0
   109/219     1.37G  0.009102  0.004067         0   0.01317         0       256    0.6538    0.8929    0.8742    0.5324    0.0263    0.0236         0
   110/219     1.37G  0.009738  0.004289         0   0.01403         0       256    0.7234    0.8929    0.8944    0.5597   0.02554   0.02417         0
   111/219     1.37G  0.007609  0.003877         0   0.01149         0       256    0.7405    0.8929    0.8967    0.5563   0.02569   0.02358         0
   112/219     1.37G  0.007576  0.003784         0   0.01136         0       256    0.7584    0.8929    0.9041    0.5532   0.02577    0.0229         0
   113/219     1.37G   0.00887  0.003985         0   0.01285         0       256    0.7453    0.8929    0.9054    0.5794   0.02496   0.02258         0
   114/219     1.37G  0.007319  0.003636         0   0.01096         0       256    0.7473    0.8929    0.9075      0.56   0.02599   0.02278         0
   115/219     1.37G  0.008077  0.003794         0   0.01187         0       256    0.6652    0.8929    0.8973    0.5689   0.02558   0.02321         0
   116/219     1.37G  0.007717    0.0038         0   0.01152         0       256    0.7147    0.8929    0.8958    0.5518   0.02655   0.02367         0
   117/219     1.37G  0.008404  0.003902         0   0.01231         0       256    0.6664    0.8929    0.8999    0.5753   0.02564   0.02326         0
   118/219     1.37G  0.007974  0.003641         0   0.01161         0       256     0.712    0.8929    0.9073     0.571   0.02503   0.02278         0
   119/219     1.37G  0.006876  0.003536         0   0.01041         0       256    0.6714    0.8929    0.9078    0.5968   0.02453   0.02211         0
   120/219     1.37G  0.008194  0.003739         0   0.01193         0       256    0.6706    0.8929    0.9063    0.6005   0.02461   0.02225         0
   121/219     1.37G  0.007767  0.003609         0   0.01138         0       256    0.6189    0.8929    0.8974    0.5894   0.02509    0.0229         0
   122/219     1.37G  0.006858   0.00353         0   0.01039         0       256    0.6521    0.8929    0.9125    0.5961   0.02498   0.02308         0
   123/219     1.37G   0.00655  0.003379         0  0.009929         0       256    0.6589    0.8929    0.9032    0.5619   0.02588   0.02332         0
   124/219     1.37G  0.007325   0.00354         0   0.01087         0       256    0.6606    0.8929     0.904    0.5799   0.02567   0.02337         0
   125/219     1.37G  0.007347  0.003538         0   0.01088         0       256    0.6835    0.8929    0.9059    0.5612   0.02561   0.02305         0
   126/219     1.37G  0.006627  0.003325         0  0.009952         0       256    0.6787    0.8929    0.9082    0.5807   0.02513   0.02266         0
   127/219     1.37G  0.006389  0.003325         0  0.009714         0       256    0.6454    0.8929    0.9048    0.5766   0.02529   0.02232         0
   128/219     1.37G  0.007333  0.003554         0   0.01089         0       256    0.6306    0.8929    0.9039    0.5773   0.02577   0.02237         0
   129/219     1.37G  0.007166  0.003514         0   0.01068         0       256    0.7184    0.8929    0.9036    0.5521   0.02585   0.02268         0
   130/219     1.37G  0.006935  0.003456         0   0.01039         0       256    0.7009    0.8929    0.9068    0.5883   0.02521   0.02286         0
   131/219     1.37G  0.005349  0.003046         0  0.008395         0       256    0.7152    0.8929    0.9025    0.5778   0.02464   0.02278         0
   132/219     1.37G   0.00829  0.003678         0   0.01197         0       256    0.6706    0.8929    0.9017    0.6009   0.02466   0.02256         0
   133/219     1.37G  0.006379  0.003257         0  0.009636         0       256    0.6401    0.8929    0.9034    0.6008   0.02484    0.0228         0
   134/219     1.37G  0.007195  0.003374         0   0.01057         0       256     0.705    0.8929    0.9007    0.5819   0.02503   0.02281         0
   135/219     1.37G  0.006321  0.003253         0  0.009574         0       256    0.6923    0.8929    0.8986     0.592   0.02506   0.02289         0
   136/219     1.37G  0.006743  0.003412         0   0.01015         0       256    0.6516    0.8929    0.8958    0.5603   0.02578   0.02314         0
   137/219     1.37G  0.007054  0.003436         0   0.01049         0       256    0.6914    0.8929    0.8929    0.5756   0.02521   0.02326         0
   138/219     1.37G  0.006045  0.003183         0  0.009228         0       256    0.7035    0.8929    0.9026    0.5867   0.02476   0.02301         0
   139/219     1.37G  0.005325  0.002985         0  0.008309         0       256    0.6901    0.8929    0.9058    0.5673    0.0252   0.02297         0
   140/219     1.37G  0.006149  0.003289         0  0.009438         0       256    0.6734    0.8929    0.9104    0.5674   0.02489   0.02261         0
   141/219     1.37G  0.006164  0.003181         0  0.009344         0       256    0.7056    0.8929    0.9145    0.5934   0.02508   0.02241         0
   142/219     1.37G  0.006129  0.003219         0  0.009348         0       256    0.7184    0.8929    0.9229     0.583   0.02512    0.0227         0
   143/219     1.37G  0.005146  0.002962         0  0.008108         0       256    0.7227    0.8929     0.917    0.5698   0.02556   0.02299         0
   144/219     1.37G  0.006461  0.003318         0   0.00978         0       256    0.6874    0.8929    0.9136    0.5953   0.02588   0.02294         0
   145/219     1.37G  0.007508  0.003401         0   0.01091         0       256    0.7197    0.8929    0.9126    0.5916   0.02586   0.02341         0
   146/219     1.37G  0.004785  0.002887         0  0.007672         0       256    0.7116    0.8929     0.913    0.6148   0.02546   0.02338         0
   147/219     1.37G  0.005458  0.002941         0  0.008398         0       256     0.712    0.8929    0.9069     0.584   0.02547    0.0231         0
   148/219     1.37G  0.006562  0.003289         0  0.009851         0       256    0.7191    0.8929    0.9035    0.6061   0.02519   0.02329         0
   149/219     1.37G  0.006433  0.003228         0   0.00966         0       256    0.6823    0.8929    0.8978    0.5823    0.0252   0.02363         0
   150/219     1.37G   0.00576   0.00308         0   0.00884         0       256    0.7019    0.8929    0.9018    0.6036    0.0251    0.0239         0
   151/219     1.37G  0.004861  0.002845         0  0.007706         0       256    0.7222    0.8929    0.8966    0.6209   0.02477   0.02377         0
   152/219     1.37G   0.00628   0.00328         0   0.00956         0       256    0.7077    0.8929     0.894    0.6033   0.02512   0.02375         0
   153/219     1.37G  0.006852  0.003268         0   0.01012         0       256    0.6657    0.8929    0.8891    0.6124   0.02524   0.02402         0
   154/219     1.37G  0.005022  0.002861         0  0.007883         0       256    0.7159    0.8929    0.8888    0.5767   0.02489   0.02372         0
   155/219     1.37G  0.005521  0.002973         0  0.008494         0       256    0.6931    0.8929    0.8911    0.5929    0.0252   0.02339         0
   156/219     1.37G  0.005562   0.00302         0  0.008581         0       256    0.6928    0.8929    0.8958    0.5847   0.02517   0.02325         0
   157/219     1.37G  0.005494  0.002901         0  0.008395         0       256    0.6824    0.8929    0.8899    0.5816   0.02501   0.02309         0
   158/219     1.37G   0.00465  0.002642         0  0.007292         0       256    0.6753    0.8929    0.9011     0.589   0.02516   0.02295         0
   159/219     1.37G   0.00416  0.002511         0  0.006672         0       256    0.6334    0.8929    0.8975    0.5866   0.02504   0.02303         0
   160/219     1.37G  0.004339   0.00256         0  0.006898         0       256    0.6541    0.8929    0.8981    0.5538   0.02523   0.02306         0
   161/219     1.37G  0.005247  0.002842         0  0.008089         0       256    0.6811    0.8929    0.8992    0.5938   0.02516   0.02303         0
   162/219     1.37G   0.00452  0.002597         0  0.007117         0       256    0.6172    0.8929    0.9029    0.5817    0.0251   0.02312         0
   163/219     1.37G  0.004807  0.002687         0  0.007494         0       256    0.6836    0.8929    0.9023    0.6057   0.02514   0.02325         0
   164/219     1.37G   0.00454  0.002569         0  0.007109         0       256    0.6947    0.8929    0.9014    0.5945   0.02557   0.02344         0
   165/219     1.37G  0.003939  0.002387         0  0.006326         0       256    0.6801    0.8929    0.9077    0.6218   0.02546   0.02341         0
   166/219     1.37G  0.004488  0.002613         0  0.007101         0       256    0.6754    0.8929    0.9014    0.5832   0.02524   0.02322         0
   167/219     1.37G  0.004197  0.002523         0  0.006719         0       256    0.6422    0.8929    0.9038    0.5848   0.02531   0.02331         0
   168/219     1.37G   0.00498  0.002829         0  0.007809         0       256    0.6298    0.8929    0.9034    0.5759    0.0258   0.02354         0
   169/219     1.37G  0.004812   0.00268         0  0.007492         0       256    0.6882    0.8929    0.9021    0.5838   0.02563   0.02345         0
   170/219     1.37G  0.004177  0.002432         0  0.006609         0       256    0.6986    0.8929    0.9084      0.56   0.02553   0.02334         0
   171/219     1.37G  0.004131  0.002437         0  0.006568         0       256    0.6684    0.8929    0.9064    0.5701   0.02546   0.02332         0
   172/219     1.37G  0.005047  0.002839         0  0.007886         0       256    0.6925    0.8929    0.9039    0.5882   0.02524   0.02351         0
   173/219     1.37G  0.004806  0.002654         0   0.00746         0       256    0.6947    0.8929    0.9048    0.6038   0.02535   0.02365         0
   174/219     1.37G  0.003909  0.002347         0  0.006256         0       256     0.653    0.8929    0.9086    0.5643   0.02515   0.02354         0
   175/219     1.37G  0.003595  0.002295         0  0.005891         0       256    0.6494    0.8929    0.9029    0.5681   0.02511   0.02341         0
   176/219     1.37G  0.004622  0.002611         0  0.007233         0       256    0.6936    0.8929    0.8999    0.5842   0.02522    0.0233         0
   177/219     1.37G  0.004636  0.002563         0  0.007199         0       256     0.697    0.8929    0.9015    0.5868     0.025   0.02315         0
   178/219     1.37G    0.0039  0.002347         0  0.006247         0       256    0.7395    0.8929    0.9098    0.5894   0.02488   0.02329         0
   179/219     1.37G  0.003241  0.002155         0  0.005396         0       256    0.7016    0.8929    0.9038     0.581   0.02539   0.02345         0
   180/219     1.37G  0.003711   0.00233         0  0.006041         0       256    0.6778    0.8929    0.9007    0.5764   0.02516   0.02345         0
   181/219     1.37G  0.003959  0.002354         0  0.006313         0       256     0.677    0.8929    0.9014    0.5945   0.02495   0.02343         0
   182/219     1.37G  0.003807  0.002278         0  0.006085         0       256    0.6913    0.8929    0.9091     0.591   0.02503   0.02343         0
   183/219     1.37G  0.004122    0.0024         0  0.006522         0       256    0.6934    0.8929    0.9015    0.5705   0.02541    0.0236         0
   184/219     1.37G  0.004539  0.002664         0  0.007204         0       256    0.6611    0.8929    0.8971    0.5937   0.02536   0.02397         0
   185/219     1.37G  0.004027  0.002393         0   0.00642         0       256    0.6903    0.8929    0.8993    0.5838   0.02525   0.02399         0
   186/219     1.37G  0.003791  0.002341         0  0.006132         0       256    0.7147    0.8929    0.9045    0.5818   0.02532   0.02379         0
   187/219     1.37G  0.003551   0.00225         0  0.005801         0       256    0.6549    0.8929    0.9025    0.5894   0.02542   0.02354         0
   188/219     1.37G  0.004756  0.002683         0  0.007439         0       256    0.6594    0.8929    0.9026    0.6104   0.02529   0.02335         0
   189/219     1.37G  0.004355  0.002504         0  0.006858         0       256    0.6501    0.8929    0.9058    0.6066   0.02523   0.02321         0
   190/219     1.37G   0.00373  0.002239         0  0.005969         0       256    0.6501    0.8929    0.9108    0.6022   0.02497   0.02303         0
   191/219     1.37G  0.003254  0.002078         0  0.005332         0       256    0.6854    0.8929    0.9056    0.6064   0.02472   0.02318         0
   192/219     1.37G  0.004317  0.002382         0  0.006699         0       256    0.6895    0.8929    0.9035    0.5865   0.02495    0.0233         0
   193/219     1.37G  0.003712  0.002239         0  0.005951         0       256    0.6756    0.8929    0.9058    0.5856   0.02499   0.02332         0
   194/219     1.37G  0.003391  0.002156         0  0.005547         0       256    0.7402    0.8929    0.9092    0.6064   0.02468   0.02352         0
   195/219     1.37G  0.003106  0.002072         0  0.005178         0       256    0.7046    0.8929    0.9072       0.6   0.02464   0.02348         0
   196/219     1.37G  0.003958  0.002323         0   0.00628         0       256    0.7247    0.8929    0.9102    0.6014   0.02478   0.02343         0
   197/219     1.37G  0.003589  0.002228         0  0.005817         0       256    0.7262    0.8929    0.9074    0.6086   0.02454   0.02331         0
   198/219     1.37G   0.00441  0.002443         0  0.006853         0       256    0.7211    0.8929    0.9149    0.5907   0.02464   0.02356         0
   199/219     1.37G  0.003374   0.00209         0  0.005464         0       256    0.7133    0.8929    0.9068    0.5782   0.02486   0.02387         0
   200/219     1.37G  0.003688  0.002299         0  0.005987         0       256    0.7366    0.8929    0.9037    0.5903   0.02513   0.02403         0
   201/219     1.37G  0.003701  0.002254         0  0.005955         0       256    0.7305    0.8929    0.9011    0.5752   0.02503   0.02414         0
   202/219     1.37G  0.003227  0.002025         0  0.005252         0       256    0.7408    0.8929     0.908      0.58   0.02483   0.02403         0
   203/219     1.37G  0.003002   0.00201         0  0.005012         0       256    0.7078    0.8929     0.902    0.5816   0.02503   0.02396         0
   204/219     1.37G   0.00375   0.00233         0  0.006081         0       256    0.7095    0.8929    0.9019    0.5632   0.02525   0.02399         0
   205/219     1.37G  0.003702  0.002142         0  0.005844         0       256      0.67    0.8929     0.899     0.583   0.02529   0.02388         0
   206/219     1.37G  0.003466  0.002101         0  0.005567         0       256    0.6973    0.8929    0.9071    0.5736   0.02508   0.02364         0
   207/219     1.37G   0.00338  0.002138         0  0.005519         0       256    0.6769    0.8929    0.9051    0.5661   0.02507   0.02367         0
   208/219     1.37G  0.003416  0.002163         0  0.005579         0       256    0.6496    0.8929    0.9018    0.5762   0.02506   0.02375         0
   209/219     1.37G  0.003231  0.002082         0  0.005313         0       256    0.6636    0.8929    0.9028    0.5797   0.02532   0.02385         0
   210/219     1.37G  0.003242  0.001998         0   0.00524         0       256    0.6254    0.8929    0.9057    0.5806   0.02498   0.02361         0
   211/219     1.37G  0.002663  0.001868         0  0.004531         0       256    0.6212    0.8929    0.9039    0.5862   0.02499   0.02352         0
   212/219     1.37G  0.003399   0.00217         0  0.005568         0       256    0.6409    0.8929    0.9059    0.5904   0.02503   0.02346         0
   213/219     1.37G  0.002936  0.002039         0  0.004974         0       256    0.6761    0.8929    0.9069    0.6015   0.02489   0.02345         0
   214/219     1.37G  0.003043  0.001999         0  0.005042         0       256    0.6502    0.8929    0.9076    0.5844   0.02501   0.02351         0
   215/219     1.37G  0.002917  0.001983         0    0.0049         0       256    0.6482    0.8929    0.9067    0.5925   0.02511   0.02365         0
   216/219     1.37G  0.002988   0.00201         0  0.004998         0       256    0.6564    0.8929    0.9084    0.5931   0.02514   0.02377         0
   217/219     1.37G  0.004384  0.002463         0  0.006847         0       256    0.6778    0.8929    0.9066    0.5781   0.02531   0.02393         0
   218/219     1.37G  0.003193  0.001945         0  0.005138         0       256    0.6449    0.8929    0.9112    0.5755   0.02511   0.02386         0
   219/219     1.37G   0.00299  0.001968         0  0.004958         0       256    0.6924    0.8929    0.9078    0.5884   0.02525   0.02386         0
