     0/219     2.47G   0.08537  0.001983         0   0.08736         0       256         0         0 8.149e-05 1.212e-05   0.09346  0.002876         0
     1/219     2.47G   0.07453  0.003304         0   0.07783         0       256         0         0  0.002125 0.0004521   0.08603  0.003776         0
     2/219     2.47G   0.06834  0.004016         0   0.07236         0       256         0         0 0.0009663 0.0001553   0.08213  0.004381         0
     3/219     2.47G   0.06184  0.004907         0   0.06675         0       256         0         0  0.002189 0.0004808   0.07325  0.005881         0
     4/219     2.47G   0.05355  0.006097         0   0.05965         0       256         0         0  0.008568   0.00178   0.05804  0.007597         0
     5/219     2.47G   0.05066  0.006304         0   0.05697         0       256         0         0   0.01171  0.002349   0.05196  0.007864         0
     6/219     2.47G   0.04408  0.006638         0   0.05072         0       256         0         0   0.02584  0.004925   0.04762  0.008156         0
     7/219     2.47G   0.04337  0.006751         0   0.05012         0       256         0         0   0.04672   0.01909    0.0483  0.007563         0
     8/219     2.47G   0.04123  0.006623         0   0.04785         0       256         0         0   0.08264   0.01459   0.05976  0.005648         0
     9/219     2.47G    0.0511  0.005223         0   0.05633         0       256         0         0   0.09688   0.03243   0.05374  0.006923         0
    10/219     2.47G   0.04477  0.006361         0   0.05113         0       256         0         0    0.1096   0.04126   0.04392   0.00837         0
    11/219     2.47G    0.0407   0.00667         0   0.04737         0       256    0.4788    0.1071    0.2542   0.07626   0.06275  0.005823         0
    12/219     2.47G   0.05286   0.00551         0   0.05837         0       256         0         0   0.09793   0.03015   0.05367  0.007818         0
    13/219     2.47G   0.04127  0.006696         0   0.04797         0       256    0.2608    0.1786    0.2688   0.07142   0.05218  0.006883         0
    14/219     2.47G   0.04614  0.005695         0   0.05184         0       256   0.08616    0.1429   0.04706   0.02108   0.04541  0.008051         0
    15/219     2.47G   0.03725  0.006863         0   0.04411         0       256   0.06324    0.1327   0.05911   0.01743   0.04416  0.007863         0
    16/219     2.47G   0.04011  0.006354         0   0.04646         0       256         0         0   0.02263  0.005775    0.0536  0.006809         0
    17/219     2.47G   0.04188  0.006028         0    0.0479         0       256   0.03142   0.03571   0.04847   0.01604   0.03859   0.00832         0
    18/219     2.47G   0.03106  0.007163         0   0.03822         0       256    0.1889    0.2143    0.2099    0.1081   0.03294  0.008751         0
    19/219     2.47G   0.02862  0.006979         0    0.0356         0       256    0.1399    0.4286    0.2113   0.08813   0.03831  0.007715         0
    20/219     2.47G   0.03475  0.006305         0   0.04106         0       256    0.1357    0.2857    0.1649   0.08031   0.03577  0.008224         0
    21/219     2.47G    0.0303  0.006698         0     0.037         0       256    0.1694      0.25     0.146   0.08118   0.04303  0.007482         0
    22/219     2.47G   0.02904  0.006826         0   0.03587         0       256    0.1473    0.3929    0.1947    0.0971   0.03696  0.007401         0
    23/219     2.47G   0.02865  0.006275         0   0.03493         0       256     0.143    0.6429    0.2541    0.1452   0.03501  0.007424         0
    24/219     2.47G   0.03081  0.005976         0   0.03678         0       256    0.1497    0.6071    0.2939    0.1829    0.0363  0.007056         0
    25/219     2.47G   0.03071  0.005744         0   0.03646         0       256    0.1656    0.6786    0.4152    0.2093   0.03486  0.006776         0
    26/219     2.47G   0.02624  0.005882         0   0.03213         0       256     0.211    0.6429    0.4038    0.2411   0.03792  0.006468         0
    27/219     2.47G   0.02968  0.005292         0   0.03497         0       256    0.2125    0.7143    0.5298    0.2147   0.03947  0.005938         0
    28/219     2.47G    0.0311  0.005054         0   0.03616         0       256    0.2254    0.5714    0.5192    0.3523   0.03271  0.006394         0
    29/219     2.47G   0.02682  0.005383         0    0.0322         0       256    0.1959    0.8214    0.5488    0.3304   0.03225  0.006132         0
    30/219     2.47G   0.02443  0.005147         0   0.02958         0       256    0.1903    0.9286    0.5619    0.3502   0.03058  0.006032         0
    31/219     2.47G   0.02431  0.004921         0   0.02923         0       256     0.169    0.9643    0.6198    0.3405   0.02975  0.005885         0
    32/219     2.47G   0.02251  0.004972         0   0.02748         0       256    0.1469    0.9643     0.658    0.3706   0.03001  0.005725         0
    33/219     2.47G   0.02177  0.004739         0   0.02651         0       256    0.1389    0.9643    0.7018    0.4623   0.03187  0.005387         0
    34/219     2.47G   0.02263  0.004574         0   0.02721         0       256    0.1536    0.9643    0.7667    0.5315    0.0309  0.005297         0
    35/219     2.47G   0.02326  0.004429         0   0.02769         0       256    0.1299    0.9643    0.7523    0.3994   0.03074  0.005215         0
    36/219     2.47G   0.02443  0.004304         0   0.02874         0       256    0.1081    0.9643    0.7003    0.3639   0.02934  0.005273         0
    37/219     2.47G   0.02259  0.004298         0   0.02689         0       256    0.1056    0.9643    0.6954      0.44   0.02915  0.005185         0
    38/219     2.47G   0.02168  0.004104         0   0.02579         0       256     0.115    0.9643    0.7063    0.4157   0.03078   0.00501         0
    39/219     2.47G   0.02195  0.003924         0   0.02587         0       256    0.1027         1    0.7922    0.4954   0.03195  0.004684         0
    40/219     2.47G   0.02302  0.003737         0   0.02676         0       256    0.1904    0.9643    0.8657    0.4822   0.02997  0.004804         0
    41/219     2.47G   0.02047  0.003845         0   0.02431         0       256    0.2198    0.9643    0.8788    0.6185   0.02588  0.004858         0
    42/219     2.47G   0.01783  0.003791         0   0.02162         0       256    0.2174         1    0.8713    0.6199   0.02619  0.004659         0
    43/219     2.47G   0.01757  0.003504         0   0.02107         0       256    0.1848         1    0.8752    0.4726   0.02816  0.004324         0
    44/219     2.47G   0.02093  0.003316         0   0.02424         0       256    0.1832         1    0.8373    0.5047   0.02827  0.004317         0
    45/219     2.47G    0.0182  0.003273         0   0.02148         0       256    0.2227    0.9643    0.8392    0.6038   0.02807  0.004317         0
    46/219     2.47G   0.01769  0.003128         0   0.02082         0       256    0.2476    0.9643    0.8531    0.5725   0.02671  0.004261         0
    47/219     2.47G   0.01701  0.002878         0   0.01989         0       256    0.2055    0.9643    0.8372    0.5412   0.02915  0.004022         0
    48/219     2.47G   0.02129  0.002712         0     0.024         0       256    0.1958    0.9286    0.8676    0.5683   0.02848  0.004092         0
    49/219     2.47G   0.01851  0.002756         0   0.02127         0       256    0.2156    0.9286    0.8566    0.6132   0.02818   0.00426         0
    50/219     2.47G   0.01644  0.002678         0   0.01912         0       256    0.2128    0.9286    0.8556    0.5926   0.02787  0.004075         0
    51/219     2.47G   0.01832  0.002522         0   0.02085         0       256    0.1759    0.9643    0.8487    0.5547   0.02905  0.003948         0
    52/219     2.47G   0.01765  0.002491         0   0.02014         0       256    0.2064    0.9643    0.8482    0.5853   0.02909  0.003868         0
    53/219     2.47G   0.01766  0.002482         0   0.02014         0       256    0.2387    0.9286    0.8502    0.5945   0.03017  0.003997         0
    54/219     2.47G   0.01711  0.002506         0   0.01962         0       256    0.2214    0.8929    0.8522    0.6252   0.02856  0.004082         0
    55/219     2.47G   0.01408  0.002514         0   0.01659         0       256    0.2414    0.9286      0.87    0.5743   0.02813  0.003975         0
    56/219     2.47G    0.0171  0.002344         0   0.01944         0       256    0.1554    0.9643    0.8786    0.6282   0.02733  0.003743         0
    57/219     2.47G   0.01685  0.002211         0   0.01906         0       256    0.1732    0.9643    0.8571    0.4969   0.03094  0.003679         0
    58/219     2.47G   0.01803  0.002346         0   0.02038         0       256    0.1882    0.9643    0.8696    0.6061   0.02708  0.003864         0
    59/219     2.47G   0.01344   0.00231         0   0.01575         0       256    0.2157    0.9643    0.8854    0.5956   0.02698  0.003803         0
    60/219     2.47G   0.01812  0.002149         0   0.02027         0       256    0.1751    0.9643    0.8962    0.6094    0.0266  0.003762         0
    61/219     2.47G   0.01598  0.002196         0   0.01818         0       256    0.2158    0.9643     0.888    0.5874   0.02678  0.003812         0
    62/219     2.47G   0.01566  0.002106         0   0.01777         0       256    0.2359    0.9286    0.8808    0.6293   0.02819  0.003816         0
    63/219     2.47G   0.01352  0.002018         0   0.01554         0       256     0.198    0.9286    0.8894    0.6359   0.02813  0.003736         0
    64/219     2.47G   0.01525  0.001959         0    0.0172         0       256    0.2382    0.9286    0.8745    0.6671   0.02853  0.003784         0
    65/219     2.47G    0.0148  0.001924         0   0.01672         0       256    0.1855    0.9286    0.8574    0.5867    0.0277  0.003813         0
    66/219     2.47G   0.01371  0.001876         0   0.01558         0       256    0.1907    0.9286    0.8439    0.6266   0.02625  0.003782         0
    67/219     2.47G   0.01299  0.001765         0   0.01475         0       256    0.1715    0.8929    0.8457    0.5805    0.0282  0.003659         0
    68/219     2.47G   0.01657  0.001735         0    0.0183         0       256    0.2028    0.8929    0.8485      0.57   0.02748  0.003794         0
    69/219     2.47G   0.01435  0.001792         0   0.01615         0       256    0.2139    0.8929    0.8572    0.6089   0.02885  0.003864         0
    70/219     2.47G   0.01426  0.001763         0   0.01602         0       256    0.2134    0.9643    0.8702    0.6191   0.02729  0.003764         0
    71/219     2.47G    0.0172  0.001674         0   0.01887         0       256     0.234    0.9643    0.8846    0.5678   0.02794  0.003658         0
    72/219     2.47G   0.01725  0.001748         0     0.019         0       256    0.2563    0.9286    0.8795    0.5848   0.02689  0.003841         0
    73/219     2.47G   0.01388  0.001813         0   0.01569         0       256     0.258    0.9286    0.8669    0.6047   0.02794  0.003938         0
    74/219     2.47G   0.01277   0.00171         0   0.01448         0       256    0.2142    0.9643    0.8537     0.597   0.02868  0.003814         0
    75/219     2.47G   0.01454  0.001597         0   0.01614         0       256    0.1938    0.9286    0.8612    0.5531   0.02842  0.003512         0
    76/219     2.47G   0.01697  0.001582         0   0.01856         0       256    0.2439    0.9286    0.8619    0.6054   0.02835  0.003743         0
    77/219     2.47G   0.01358  0.001738         0   0.01532         0       256    0.2846    0.9286    0.8794    0.6032   0.02839  0.003839         0
    78/219     2.47G   0.01232  0.001648         0   0.01397         0       256    0.2592    0.9286      0.87    0.6384   0.02757  0.003622         0
    79/219     2.47G   0.01241  0.001587         0   0.01399         0       256    0.2586    0.9286    0.8728    0.5952   0.02774  0.003612         0
    80/219     2.47G   0.01423  0.001523         0   0.01576         0       256    0.2367    0.9286    0.8545    0.6033   0.02819  0.003687         0
    81/219     2.47G   0.01342  0.001455         0   0.01487         0       256     0.225    0.9286    0.8452    0.6154   0.02802  0.003649         0
    82/219     2.47G   0.01219   0.00144         0   0.01363         0       256    0.2654    0.9643    0.8658    0.6286   0.02828  0.003611         0
    83/219     2.47G   0.01427  0.001427         0    0.0157         0       256    0.2557    0.9286    0.8899    0.6356   0.02692  0.003644         0
    84/219     2.47G   0.01124  0.001462         0    0.0127         0       256     0.277    0.9643    0.9082    0.6867   0.02631   0.00371         0
    85/219     2.47G    0.0112  0.001361         0   0.01256         0       256     0.254    0.9643    0.8955    0.6395   0.02688  0.003647         0
    86/219     2.47G   0.01253  0.001312         0   0.01384         0       256    0.2256    0.9643       0.9    0.6638   0.02597   0.00346         0
    87/219     2.47G    0.0131  0.001293         0   0.01439         0       256    0.2505    0.9643     0.898    0.6557   0.02621   0.00349         0
    88/219     2.47G   0.01351  0.001306         0   0.01482         0       256    0.2816    0.9643    0.9041    0.6474   0.02615  0.003559         0
    89/219     2.47G   0.01085  0.001323         0   0.01217         0       256    0.2838    0.9286     0.895    0.6285   0.02601  0.003641         0
    90/219     2.47G   0.01055   0.00125         0    0.0118         0       256    0.2552    0.9286    0.8892    0.6463   0.02617   0.00356         0
    91/219     2.47G   0.01156  0.001166         0   0.01273         0       256     0.248    0.9286    0.8769    0.6475   0.02657  0.003555         0
    92/219     2.47G   0.01134   0.00113         0   0.01247         0       256    0.2436    0.9286     0.856    0.5983   0.02662  0.003641         0
    93/219     2.47G   0.01167  0.001132         0    0.0128         0       256    0.2404    0.9286    0.8235    0.5788   0.02692  0.003933         0
    94/219     2.47G   0.01162  0.001207         0   0.01283         0       256    0.2467    0.8929    0.8214    0.5544   0.02672  0.004075         0
    95/219     2.47G   0.01028  0.001163         0   0.01144         0       256    0.2713    0.8929    0.8395     0.618    0.0271  0.003984         0
    96/219     2.47G   0.01212   0.00116         0   0.01328         0       256    0.2704    0.8929    0.8411    0.6065   0.02814  0.003959         0
    97/219     2.47G   0.01162    0.0012         0   0.01282         0       256    0.3481    0.9286    0.8667    0.6479   0.02787  0.003882         0
    98/219     2.47G   0.01104  0.001108         0   0.01215         0       256    0.3564    0.9286    0.8501    0.6234   0.02715  0.003729         0
    99/219     2.47G   0.01114  0.001084         0   0.01222         0       256    0.3306    0.8929    0.8376     0.616   0.02722  0.003776         0
   100/219     2.47G    0.0103  0.001114         0   0.01142         0       256    0.3772    0.9643    0.8507    0.6297   0.02641  0.003823         0
   101/219     2.47G   0.01056  0.001068         0   0.01162         0       256     0.368    0.8929    0.8512    0.6082   0.02679  0.003871         0
   102/219     2.47G  0.009858  0.001068         0   0.01093         0       256    0.3119    0.9643    0.8595    0.6328   0.02614  0.003808         0
   103/219     2.47G   0.01075  0.001029         0   0.01178         0       256    0.3139    0.9643    0.8735    0.6601   0.02653  0.003778         0
   104/219     2.47G   0.01024  0.001036         0   0.01127         0       256    0.3291    0.9643    0.8952    0.6664   0.02571  0.003748         0
   105/219     2.47G  0.009784  0.001041         0   0.01082         0       256    0.3576    0.9643    0.9031    0.6475   0.02611  0.003664         0
   106/219     2.47G  0.008627 0.0009952         0  0.009622         0       256    0.3921    0.9643    0.8961    0.6709   0.02576  0.003566         0
   107/219     2.47G   0.00942 0.0009336         0   0.01035         0       256    0.3811    0.9643    0.8683    0.6405   0.02595  0.003597         0
   108/219     2.47G  0.009237  0.000905         0   0.01014         0       256    0.3639    0.9643    0.8663    0.6183   0.02631  0.003493         0
   109/219     2.47G   0.01124 0.0009257         0   0.01216         0       256    0.3918    0.9643    0.8704    0.6247   0.02722  0.003553         0
   110/219     2.47G  0.009921 0.0009779         0    0.0109         0       256    0.4574    0.9286    0.8708     0.635   0.02626  0.003693         0
   111/219     2.47G  0.009831 0.0009865         0   0.01082         0       256    0.4706    0.9286    0.8691    0.6344   0.02675  0.003796         0
   112/219     2.47G   0.01035 0.0009899         0   0.01134         0       256    0.4321    0.9286    0.8682    0.6384   0.02663  0.003898         0
   113/219     2.47G  0.008196 0.0009407         0  0.009137         0       256    0.3745    0.9286    0.8625     0.631   0.02691  0.003861         0
   114/219     2.47G  0.008464 0.0008708         0  0.009335         0       256    0.3128    0.9286    0.8369    0.6093   0.02658  0.003855         0
   115/219     2.47G  0.008256 0.0008045         0  0.009061         0       256    0.2708    0.8929    0.8377    0.5887   0.02757  0.003777         0
   116/219     2.47G   0.01044 0.0008245         0   0.01126         0       256    0.2583    0.8929    0.8269    0.6052   0.02724  0.003807         0
   117/219     2.47G  0.009541 0.0008422         0   0.01038         0       256    0.2946    0.8929    0.8271    0.5839    0.0276  0.003841         0
   118/219     2.47G  0.008431 0.0008527         0  0.009284         0       256    0.3433    0.8962    0.8441    0.5911   0.02723  0.003856         0
   119/219     2.47G  0.009606 0.0008826         0   0.01049         0       256    0.3441    0.8929     0.847    0.6003   0.02693  0.003908         0
   120/219     2.47G  0.009293 0.0008894         0   0.01018         0       256    0.3831    0.9286    0.8633    0.6184   0.02724  0.003802         0
   121/219     2.47G   0.00845 0.0008376         0  0.009288         0       256    0.3931    0.9286    0.8775    0.6656   0.02686  0.003688         0
   122/219     2.47G  0.008416 0.0008152         0  0.009231         0       256    0.4181    0.9286    0.8891    0.6581   0.02653  0.003518         0
   123/219     2.47G  0.009083 0.0007717         0  0.009855         0       256    0.4223    0.9286    0.8864    0.6669   0.02637    0.0035         0
   124/219     2.47G   0.01064 0.0008127         0   0.01145         0       256    0.4193    0.9286    0.8747    0.6195    0.0267  0.003596         0
   125/219     2.47G  0.008666 0.0008763         0  0.009542         0       256    0.4252    0.9286     0.866    0.6465   0.02779  0.003729         0
   126/219     2.47G  0.007859 0.0008204         0   0.00868         0       256    0.3982    0.9286    0.8718    0.6477   0.02685  0.003567         0
   127/219     2.47G  0.007289 0.0007575         0  0.008047         0       256    0.3399    0.9286    0.8702    0.6327   0.02695  0.003482         0
   128/219     2.47G  0.009076 0.0007369         0  0.009812         0       256    0.3014    0.9286    0.8663    0.6435   0.02656  0.003466         0
   129/219     2.47G  0.009471 0.0007458         0   0.01022         0       256    0.3245    0.9286    0.8618    0.6314   0.02626   0.00359         0
   130/219     2.47G   0.00749  0.000764         0  0.008254         0       256     0.315    0.9286    0.8627    0.6219   0.02611  0.003599         0
   131/219     2.47G  0.007126 0.0007689         0  0.007894         0       256    0.3525    0.9286    0.8664    0.6345   0.02707  0.003592         0
   132/219     2.47G  0.008486 0.0007634         0  0.009249         0       256    0.3538    0.8929    0.8669    0.6353   0.02696  0.003622         0
   133/219     2.47G  0.008124 0.0007674         0  0.008891         0       256    0.3467    0.8929     0.851     0.624   0.02699  0.003748         0
   134/219     2.47G  0.006635 0.0007537         0  0.007389         0       256    0.3604    0.8929     0.849    0.6257   0.02661  0.003712         0
   135/219     2.47G  0.006879 0.0007127         0  0.007592         0       256    0.3567    0.8929    0.8478    0.6141   0.02693  0.003724         0
   136/219     2.47G  0.007206 0.0007225         0  0.007928         0       256    0.3408    0.8929    0.8506    0.6184   0.02752  0.003698         0
   137/219     2.47G  0.008897 0.0007393         0  0.009637         0       256    0.3665    0.8929    0.8593    0.6135    0.0274  0.003655         0
   138/219     2.47G  0.007512 0.0007208         0  0.008233         0       256    0.3936    0.9286    0.8599    0.6229   0.02683  0.003627         0
   139/219     2.47G  0.006229 0.0006796         0  0.006908         0       256     0.386    0.8929    0.8508    0.6145   0.02713  0.003655         0
   140/219     2.47G  0.007629 0.0007011         0   0.00833         0       256    0.3837    0.9286    0.8535    0.6261   0.02662  0.003659         0
   141/219     2.47G  0.007452 0.0006834         0  0.008135         0       256    0.3512    0.9286    0.8506     0.627   0.02641  0.003702         0
   142/219     2.47G  0.007269 0.0006841         0  0.007953         0       256     0.352    0.9286    0.8564    0.6448   0.02631   0.00372         0
   143/219     2.47G  0.006406 0.0006819         0  0.007088         0       256    0.3599    0.9286    0.8594    0.6399   0.02629  0.003708         0
   144/219     2.47G  0.005567 0.0006549         0  0.006222         0       256    0.3724    0.9286    0.8681    0.6361   0.02602  0.003604         0
   145/219     2.47G  0.007429 0.0006495         0  0.008078         0       256    0.3696    0.9286    0.8772    0.6613   0.02584  0.003581         0
   146/219     2.47G  0.006409 0.0006312         0  0.007041         0       256    0.3736    0.9286    0.8723    0.6453    0.0261  0.003624         0
   147/219     2.47G   0.00643 0.0006295         0  0.007059         0       256    0.3897    0.9286    0.8661    0.6622   0.02652  0.003641         0
   148/219     2.47G  0.007671  0.000645         0  0.008316         0       256     0.411    0.9286    0.8666    0.6324   0.02643  0.003734         0
   149/219     2.47G  0.006855 0.0006394         0  0.007494         0       256    0.4011    0.9286      0.87    0.6336   0.02629  0.003773         0
   150/219     2.47G  0.005805 0.0006176         0  0.006423         0       256     0.422    0.9286     0.874    0.6449   0.02615  0.003736         0
   151/219     2.47G  0.005769 0.0005977         0  0.006367         0       256    0.4133    0.9286    0.8719    0.6322   0.02642  0.003743         0
   152/219     2.47G  0.007277  0.000608         0  0.007885         0       256    0.4182    0.9286    0.8703    0.6192   0.02627  0.003774         0
   153/219     2.47G  0.007481 0.0005976         0  0.008079         0       256    0.3999    0.9286    0.8707    0.6078   0.02664  0.003774         0
   154/219     2.47G  0.005839 0.0005884         0  0.006428         0       256    0.4071    0.9286     0.871    0.6188   0.02643  0.003664         0
   155/219     2.47G  0.005148 0.0005537         0  0.005702         0       256    0.3795    0.9286    0.8646    0.6165   0.02682  0.003621         0
   156/219     2.47G  0.006649 0.0005556         0  0.007204         0       256    0.4008    0.9286    0.8629     0.628   0.02705    0.0036         0
   157/219     2.47G  0.005356 0.0005342         0   0.00589         0       256    0.3951    0.9286    0.8626      0.64    0.0272  0.003657         0
   158/219     2.47G  0.005553 0.0005463         0    0.0061         0       256    0.3879    0.9286    0.8534     0.624   0.02687  0.003718         0
   159/219     2.47G  0.005864 0.0005555         0  0.006419         0       256    0.4435    0.9286    0.8554    0.6287     0.027  0.003809         0
   160/219     2.47G  0.006386  0.000555         0  0.006941         0       256     0.419    0.9286    0.8638    0.6453   0.02647  0.003776         0
   161/219     2.47G  0.005863 0.0005522         0  0.006415         0       256    0.4107    0.9286    0.8757    0.6667   0.02647  0.003734         0
   162/219     2.47G  0.005367 0.0005525         0   0.00592         0       256    0.4164    0.9286    0.8793    0.6584   0.02617   0.00369         0
   163/219     2.47G   0.00515 0.0005452         0  0.005695         0       256    0.4368    0.9286    0.8763    0.6531   0.02634  0.003678         0
   164/219     2.47G    0.0064 0.0005494         0   0.00695         0       256      0.44    0.9286    0.8828    0.6613    0.0264  0.003648         0
   165/219     2.47G  0.005176 0.0005344         0   0.00571         0       256    0.4612    0.9286    0.8758    0.6473   0.02638  0.003715         0
   166/219     2.47G  0.005331 0.0005338         0  0.005864         0       256    0.4484    0.9286    0.8735    0.6389   0.02616  0.003688         0
   167/219     2.47G  0.005169 0.0005295         0  0.005699         0       256    0.4536    0.9286    0.8694    0.6324   0.02632   0.00372         0
   168/219     2.47G  0.005474 0.0005332         0  0.006007         0       256    0.4684    0.9286    0.8722    0.6412   0.02629  0.003682         0
   169/219     2.47G   0.00473 0.0005097         0   0.00524         0       256     0.431    0.9286    0.8741    0.6341   0.02623  0.003638         0
   170/219     2.47G  0.004998 0.0004959         0  0.005494         0       256    0.4138    0.9286    0.8778     0.654   0.02585  0.003543         0
   171/219     2.47G  0.004789 0.0004752         0  0.005265         0       256    0.4207    0.9286    0.8736    0.6464    0.0262  0.003572         0
   172/219     2.47G  0.006126 0.0004936         0  0.006619         0       256    0.4375    0.9286    0.8757     0.651   0.02596  0.003574         0
   173/219     2.47G  0.006046 0.0004924         0  0.006538         0       256    0.4319    0.9286    0.8786    0.6634   0.02584  0.003608         0
   174/219     2.47G  0.004734 0.0004931         0  0.005227         0       256    0.4613    0.9286     0.883    0.6623   0.02593  0.003634         0
   175/219     2.47G  0.004424  0.000496         0   0.00492         0       256    0.4553    0.9286    0.8801    0.6651   0.02599  0.003684         0
   176/219     2.47G  0.005236 0.0005029         0  0.005739         0       256    0.4806    0.9286    0.8837    0.6559   0.02622  0.003676         0
   177/219     2.47G  0.006115 0.0005108         0  0.006626         0       256     0.503    0.9286    0.8812    0.6454   0.02628  0.003683         0
   178/219     2.47G  0.004227 0.0005034         0  0.004731         0       256    0.4801    0.9286     0.886     0.655   0.02613  0.003658         0
   179/219     2.47G  0.004242 0.0004924         0  0.004734         0       256    0.5005    0.9286    0.8771    0.6368   0.02636  0.003709         0
   180/219     2.47G  0.004662 0.0004873         0  0.005149         0       256    0.4873    0.9286    0.8774    0.6499   0.02628  0.003686         0
   181/219     2.47G  0.004669 0.0004709         0   0.00514         0       256    0.4617    0.9286    0.8792    0.6448   0.02636  0.003686         0
   182/219     2.47G  0.004646 0.0004655         0  0.005112         0       256    0.4358    0.9286    0.8805    0.6436   0.02626  0.003634         0
   183/219     2.47G  0.004505 0.0004631         0  0.004968         0       256    0.4449    0.9286    0.8736    0.6464   0.02649  0.003708         0
   184/219     2.47G  0.004661 0.0004524         0  0.005113         0       256    0.4457    0.9286     0.876     0.641   0.02638  0.003728         0
   185/219     2.47G  0.004261 0.0004567         0  0.004718         0       256    0.4457    0.9286    0.8761    0.6477   0.02649  0.003777         0
   186/219     2.47G  0.004347 0.0004532         0    0.0048         0       256    0.4507    0.9286    0.8792    0.6441   0.02635   0.00375         0
   187/219     2.47G  0.004099 0.0004525         0  0.004551         0       256    0.4542    0.9286    0.8758      0.65   0.02643   0.00381         0
   188/219     2.47G  0.004966 0.0004619         0  0.005428         0       256    0.4519    0.9286    0.8771    0.6477   0.02653  0.003792         0
   189/219     2.47G  0.004154 0.0004517         0  0.004606         0       256    0.4542    0.9286    0.8755    0.6292   0.02674    0.0038         0
   190/219     2.47G  0.004016 0.0004514         0  0.004467         0       256     0.458    0.9286    0.8793    0.6478   0.02656  0.003737         0
   191/219     2.47G  0.004184 0.0004502         0  0.004635         0       256    0.4631    0.9286    0.8775    0.6552   0.02681  0.003737         0
   192/219     2.47G  0.005323 0.0004585         0  0.005781         0       256    0.4544    0.9286    0.8811    0.6464   0.02667  0.003679         0
   193/219     2.47G  0.003418 0.0004328         0  0.003851         0       256    0.4621    0.9286    0.8831    0.6558   0.02674  0.003648         0
   194/219     2.47G  0.003804 0.0004262         0   0.00423         0       256    0.4499    0.9286    0.8848    0.6561   0.02634  0.003591         0
   195/219     2.47G  0.003678 0.0004107         0  0.004089         0       256     0.459    0.9286    0.8811     0.644    0.0265  0.003651         0
   196/219     2.47G  0.003772 0.0004035         0  0.004175         0       256    0.4566    0.9286    0.8781    0.6493   0.02637  0.003629         0
   197/219     2.47G  0.004426 0.0004024         0  0.004828         0       256    0.4392    0.9286    0.8793    0.6422   0.02628  0.003615         0
   198/219     2.47G  0.004179 0.0004059         0  0.004585         0       256    0.4424    0.9286    0.8825    0.6552    0.0262  0.003607         0
   199/219     2.47G  0.004005 0.0004082         0  0.004413         0       256    0.4556    0.9286    0.8801     0.645   0.02643  0.003652         0
   200/219     2.47G   0.00399 0.0004119         0  0.004402         0       256    0.4585    0.9286    0.8835    0.6515   0.02642  0.003645         0
   201/219     2.47G  0.004309 0.0004163         0  0.004725         0       256    0.4599    0.9286    0.8873    0.6462   0.02646  0.003673         0
   202/219     2.47G  0.003892 0.0004129         0  0.004305         0       256    0.4678    0.9286    0.8911    0.6499   0.02598  0.003659         0
   203/219     2.47G  0.004184 0.0004173         0  0.004602         0       256     0.459    0.9286    0.8838    0.6534   0.02627  0.003729         0
   204/219     2.47G  0.004796 0.0004205         0  0.005217         0       256    0.4825    0.9286    0.8846    0.6459   0.02598  0.003744         0
   205/219     2.47G  0.003811 0.0004184         0   0.00423         0       256    0.4507    0.9286    0.8827    0.6534   0.02609  0.003782         0
   206/219     2.47G  0.002969 0.0003998         0  0.003368         0       256    0.4529    0.9286     0.885    0.6399   0.02618  0.003695         0
   207/219     2.47G   0.00381 0.0003925         0  0.004202         0       256    0.4548    0.9286    0.8792    0.6573   0.02648  0.003698         0
   208/219     2.47G  0.003874 0.0003817         0  0.004256         0       256     0.443    0.9286    0.8804    0.6456   0.02658  0.003647         0
   209/219     2.47G  0.003928 0.0003742         0  0.004303         0       256    0.4417    0.9286    0.8798    0.6549   0.02646  0.003612         0
   210/219     2.47G  0.003616 0.0003669         0  0.003983         0       256    0.4085    0.9286     0.879     0.658   0.02642  0.003601         0
   211/219     2.47G  0.003885  0.000369         0  0.004254         0       256     0.424    0.9286     0.872     0.652   0.02651  0.003667         0
   212/219     2.47G  0.003818  0.000374         0  0.004192         0       256     0.426    0.9286    0.8759    0.6415   0.02635  0.003658         0
   213/219     2.47G  0.003912 0.0003737         0  0.004286         0       256    0.4411    0.9286    0.8748    0.6447   0.02646  0.003676         0
   214/219     2.47G  0.003333 0.0003742         0  0.003707         0       256     0.436    0.9286    0.8787    0.6456   0.02645  0.003616         0
   215/219     2.47G  0.003714 0.0003732         0  0.004087         0       256     0.442    0.9286    0.8781    0.6529   0.02664   0.00366         0
   216/219     2.47G  0.005084 0.0003843         0  0.005469         0       256    0.4422    0.9286    0.8788    0.6609   0.02655  0.003672         0
   217/219     2.47G  0.003727  0.000376         0  0.004103         0       256    0.4535    0.9286    0.8807    0.6573    0.0264  0.003698         0
   218/219     2.47G  0.003262 0.0003708         0  0.003632         0       256    0.4585    0.9286    0.8851     0.656   0.02619  0.003674         0
   219/219     2.47G  0.003754 0.0003736         0  0.004128         0       256    0.4583    0.9286    0.8773    0.6605   0.02646  0.003696         0
