     0/199     2.47G   0.08536    0.0342         0    0.1196         0       256         0         0 0.0001248 1.889e-05   0.09329   0.03745         0
     1/199     2.47G   0.07429   0.03523         0    0.1095         0       256         0         0  0.004984 0.0008998   0.08589   0.03798         0
     2/199     2.47G   0.06751   0.03518         0    0.1027         0       256         0         0  0.008608  0.001648   0.07856   0.03951         0
     3/199     2.47G   0.06003    0.0357         0   0.09573         0       256         0         0    0.1049   0.03418   0.06771   0.03988         0
     4/199     2.47G   0.05198   0.03359         0   0.08557         0       256    0.6173    0.6786    0.6103    0.2263    0.0597   0.03312         0
     5/199     2.47G    0.0532   0.02554         0   0.07873         0       256     0.241    0.8929    0.2729   0.04809   0.06267   0.02567         0
     6/199     2.47G   0.05545    0.0209         0   0.07634         0       256    0.3695    0.8571    0.6654     0.363   0.04962   0.02595         0
     7/199     2.47G    0.0555   0.01755         0   0.07306         0       256    0.1872    0.7143    0.3932    0.1565   0.07336    0.0205         0
     8/199     2.47G   0.06403    0.0141         0   0.07812         0       256    0.1858    0.7857    0.5045    0.2934   0.06716   0.02026         0
     9/199     2.47G   0.06168   0.01344         0   0.07513         0       256    0.1295    0.7857    0.4325    0.1783   0.07201    0.0183         0
    10/199     2.47G   0.06237   0.01322         0    0.0756         0       256     0.108    0.8929    0.2383    0.1125   0.07126   0.01788         0
    11/199     2.47G   0.06239   0.01295         0   0.07534         0       256    0.1426    0.9286    0.3918    0.1189   0.06459   0.01805         0
    12/199     2.47G   0.06151   0.01207         0   0.07358         0       256    0.1571    0.9286    0.5407    0.2403   0.06387   0.01746         0
    13/199     2.47G   0.05587   0.01236         0   0.06823         0       256   0.09093    0.9286    0.4817    0.2346   0.07252   0.01535         0
    14/199     2.47G   0.06312   0.01321         0   0.07632         0       256    0.2266    0.7143    0.4032    0.1231    0.0593   0.02505         0
    15/199     2.47G   0.05295    0.0138         0   0.06675         0       256     0.143    0.9286    0.5719    0.2745   0.06655    0.0167         0
    16/199     2.47G   0.06546   0.01091         0   0.07637         0       256    0.1675    0.8929    0.4295   0.07688   0.06632   0.02023         0
    17/199     2.47G   0.05578   0.01224         0   0.06802         0       256    0.2305      0.75     0.541    0.2235    0.0586   0.02849         0
    18/199     2.47G   0.04855   0.01307         0   0.06162         0       256     0.214    0.8929    0.5442    0.1749   0.05046   0.01991         0
    19/199     2.47G   0.04325   0.01238         0   0.05563         0       256    0.1634    0.8571    0.3319   0.06721   0.05234   0.02022         0
    20/199     2.47G    0.0442   0.01378         0   0.05798         0       256    0.1242    0.9643    0.5137    0.1565   0.04865   0.01787         0
    21/199     2.47G   0.04625   0.01287         0   0.05912         0       256    0.2596    0.9286    0.7743     0.213   0.05669   0.01915         0
    22/199     2.47G   0.04792   0.01111         0   0.05902         0       256    0.2514    0.9286    0.5907    0.2413   0.04212   0.01882         0
    23/199     2.47G   0.03789  0.009917         0   0.04781         0       256    0.1907    0.9643    0.4504    0.1708   0.05284    0.0165         0
    24/199     2.47G   0.04991   0.01081         0   0.06072         0       256    0.1614    0.9643    0.4372    0.1249    0.0521   0.01675         0
    25/199     2.47G   0.04888   0.01057         0   0.05944         0       256    0.2088    0.9643    0.7568    0.2391   0.05202   0.01583         0
    26/199     2.47G   0.04394  0.009917         0   0.05386         0       256    0.2498    0.9643     0.786    0.3964   0.04351    0.0165         0
    27/199     2.47G    0.0394  0.009456         0   0.04886         0       256    0.2231    0.9643    0.7413     0.264    0.0469   0.01736         0
    28/199     2.47G   0.04399  0.009353         0   0.05334         0       256    0.2037    0.9643    0.8094    0.3982   0.04434   0.01692         0
    29/199     2.47G   0.03837  0.009583         0   0.04796         0       256    0.3666    0.9643    0.8872    0.5327    0.0406   0.01696         0
    30/199     2.47G   0.03282  0.008728         0   0.04155         0       256    0.3868    0.9286     0.844    0.4399   0.03857   0.01695         0
    31/199     2.47G   0.03286   0.00856         0   0.04142         0       256    0.3483    0.8929    0.6355    0.2794   0.04903   0.02154         0
    32/199     2.47G   0.03686  0.009335         0    0.0462         0       256    0.3442    0.9286    0.8707    0.4317     0.046   0.01989         0
    33/199     2.47G   0.03281  0.009918         0   0.04273         0       256    0.3766    0.9643    0.9087    0.5776   0.03528   0.01769         0
    34/199     2.47G   0.02889  0.008824         0   0.03771         0       256    0.4125    0.9643    0.9052    0.6167   0.03611   0.01789         0
    35/199     2.47G   0.02885  0.008067         0   0.03692         0       256    0.3046    0.8214    0.7692    0.4516   0.04397   0.02094         0
    36/199     2.47G   0.03706  0.009577         0   0.04664         0       256    0.3609    0.9643    0.9279    0.5153   0.03565   0.01671         0
    37/199     2.47G   0.02852  0.009007         0   0.03753         0       256    0.4428    0.9286    0.8456     0.499   0.04114   0.01827         0
    38/199     2.47G   0.03054  0.007994         0   0.03853         0       256    0.4662    0.9643    0.8344    0.5107   0.03789   0.01791         0
    39/199     2.47G   0.02778  0.007787         0   0.03557         0       256    0.4855    0.9643    0.8479    0.4895   0.03828   0.01813         0
    40/199     2.47G   0.03272  0.007945         0   0.04066         0       256     0.425    0.8976    0.8187    0.5349   0.04042   0.02206         0
    41/199     2.47G    0.0296  0.008341         0   0.03794         0       256    0.5856    0.9589    0.9379    0.5991   0.03609   0.01941         0
    42/199     2.47G   0.03085  0.007536         0   0.03839         0       256    0.5849    0.9643    0.9449    0.5898   0.03355   0.01729         0
    43/199     2.47G   0.02774  0.007171         0   0.03491         0       256    0.5534    0.9643    0.9418     0.594   0.03635   0.01687         0
    44/199     2.47G   0.02974  0.007179         0   0.03692         0       256    0.5461    0.9643    0.8976     0.605   0.03582   0.01864         0
    45/199     2.47G   0.02479  0.007915         0   0.03271         0       256    0.4855    0.9643    0.9362     0.649   0.03076   0.01715         0
    46/199     2.47G   0.02164  0.007311         0   0.02896         0       256    0.3512    0.9286    0.8413    0.5952   0.03936   0.01571         0
    47/199     2.47G   0.02917  0.006891         0   0.03606         0       256    0.5778    0.9286     0.915    0.5588   0.03551   0.01775         0
    48/199     2.47G   0.02667  0.007148         0   0.03381         0       256    0.7124    0.9286    0.9269    0.5274   0.03784   0.01843         0
    49/199     2.47G    0.0283  0.007006         0    0.0353         0       256    0.6545    0.8929    0.8921    0.5777   0.03616   0.01961         0
    50/199     2.47G   0.02256  0.006544         0    0.0291         0       256    0.7014    0.9286    0.9213    0.5362   0.03355    0.0183         0
    51/199     2.47G   0.02451  0.006307         0   0.03081         0       256    0.6967    0.9286    0.8973    0.5804   0.03657   0.01905         0
    52/199     2.47G   0.02332  0.006413         0   0.02974         0       256    0.4791    0.9197    0.8495    0.5615   0.03688   0.01979         0
    53/199     2.47G   0.02553   0.00632         0   0.03185         0       256    0.5931    0.9286    0.9373    0.5808   0.03041   0.01631         0
    54/199     2.47G   0.01934  0.006106         0   0.02545         0       256    0.7296    0.9286    0.9402    0.5873   0.02923   0.01641         0
    55/199     2.47G   0.02128  0.006082         0   0.02736         0       256    0.6302    0.9286    0.9187    0.6191   0.02889   0.01748         0
    56/199     2.47G    0.0253  0.006328         0   0.03163         0       256    0.6195    0.9286    0.8883    0.6116   0.03305   0.02003         0
    57/199     2.47G   0.01965  0.006571         0   0.02622         0       256     0.766    0.9286     0.931    0.5777   0.03122   0.01978         0
    58/199     2.47G   0.01867  0.005817         0   0.02449         0       256    0.6282    0.8929    0.9182    0.5997   0.03219    0.0195         0
    59/199     2.47G   0.02378  0.006048         0   0.02983         0       256     0.659    0.8929    0.9078    0.5015   0.03364   0.02013         0
    60/199     2.47G   0.02131  0.006163         0   0.02747         0       256    0.6814    0.8929    0.9172      0.62    0.0315   0.02026         0
    61/199     2.47G   0.02018  0.005741         0   0.02592         0       256    0.7325    0.8806    0.9031     0.606   0.03114   0.02157         0
    62/199     2.47G   0.01693   0.00549         0   0.02242         0       256    0.6001    0.8571    0.8892    0.5991    0.0327   0.02138         0
    63/199     2.47G   0.02141  0.005529         0   0.02694         0       256    0.6808    0.8571    0.9052    0.5713   0.03292   0.02163         0
    64/199     2.47G   0.02322  0.006021         0   0.02924         0       256    0.7434    0.8571    0.8953    0.5786   0.03319   0.02201         0
    65/199     2.47G    0.0198  0.005776         0   0.02557         0       256    0.7692    0.8571    0.8909    0.5676   0.03315   0.02167         0
    66/199     2.47G   0.01815  0.005511         0   0.02366         0       256    0.7067    0.8929    0.9258    0.6365   0.03056    0.0201         0
    67/199     2.47G   0.01848  0.005358         0   0.02384         0       256    0.6975    0.8929    0.9286    0.5972   0.03144   0.01949         0
    68/199     2.47G   0.02137  0.005824         0    0.0272         0       256    0.7325    0.8571    0.9046    0.5954   0.03079    0.0205         0
    69/199     2.47G   0.01504  0.005244         0   0.02028         0       256    0.8055    0.8929    0.9127    0.6088   0.03178     0.021         0
    70/199     2.47G   0.01691  0.005287         0    0.0222         0       256    0.7242    0.8929    0.9172    0.6185   0.02998   0.02035         0
    71/199     2.47G   0.01702   0.00523         0   0.02225         0       256    0.6726    0.8805    0.9021     0.588   0.03167   0.02068         0
    72/199     2.47G   0.01809  0.005397         0   0.02348         0       256    0.7317    0.8929    0.9121    0.5961   0.03009    0.0208         0
    73/199     2.47G   0.01903  0.005487         0   0.02452         0       256     0.766    0.8929     0.918    0.6204   0.03085   0.02061         0
    74/199     2.47G   0.01679  0.005244         0   0.02203         0       256    0.8045    0.9286    0.9376    0.6808   0.02753   0.01935         0
    75/199     2.47G   0.01414  0.005064         0    0.0192         0       256    0.8244    0.9286    0.9467    0.6492   0.02812   0.01815         0
    76/199     2.47G    0.0176  0.005232         0   0.02283         0       256    0.8424    0.9548    0.9532    0.6113   0.02808   0.01756         0
    77/199     2.47G   0.01664   0.00508         0   0.02172         0       256    0.7196    0.9286     0.936    0.6115   0.02812   0.01841         0
    78/199     2.47G   0.01423  0.004756         0   0.01899         0       256    0.7538    0.9286    0.9445    0.6222   0.02812   0.01774         0
    79/199     2.47G   0.01562  0.004648         0   0.02026         0       256    0.7299    0.9286    0.9465    0.6579   0.02909   0.01764         0
    80/199     2.47G   0.01624  0.004998         0   0.02123         0       256     0.789    0.9348    0.9546     0.644   0.02888   0.01816         0
    81/199     2.47G   0.01458  0.004875         0   0.01945         0       256    0.7242    0.9379     0.947    0.6677   0.03038   0.01804         0
    82/199     2.47G    0.0161  0.004588         0   0.02068         0       256    0.7888    0.9286    0.9519    0.6326   0.02806   0.01779         0
    83/199     2.47G    0.0155  0.004787         0   0.02028         0       256    0.7752    0.9286    0.9449    0.6234   0.02819   0.01828         0
    84/199     2.47G   0.01613  0.005054         0   0.02118         0       256    0.7612    0.9286    0.9435    0.6232   0.02849    0.0183         0
    85/199     2.47G   0.01634  0.004913         0   0.02125         0       256    0.7826    0.9286    0.9438    0.6285   0.02942   0.01899         0
    86/199     2.47G   0.01352  0.004662         0   0.01819         0       256    0.6466    0.9286    0.9416    0.6547   0.02843    0.0183         0
    87/199     2.47G   0.01575  0.004744         0    0.0205         0       256     0.744    0.9286    0.9434    0.6252    0.0294   0.01857         0
    88/199     2.47G   0.01637  0.005065         0   0.02143         0       256    0.7497    0.8929    0.9348    0.6495   0.03011   0.02003         0
    89/199     2.47G   0.01687  0.004877         0   0.02175         0       256    0.7325    0.8929    0.9362    0.6576   0.03048    0.0199         0
    90/199     2.47G   0.01372  0.004575         0   0.01829         0       256    0.7801    0.9286    0.9361    0.6352   0.02869   0.01937         0
    91/199     2.47G    0.0139  0.004585         0   0.01848         0       256    0.7432    0.9286    0.9363    0.5828   0.02956   0.01945         0
    92/199     2.47G   0.01758  0.004999         0   0.02258         0       256    0.7661    0.8929    0.9252    0.6331   0.02997    0.0204         0
    93/199     2.47G   0.01384  0.004499         0   0.01833         0       256     0.816    0.8929    0.9203    0.6359   0.02892   0.02147         0
    94/199     2.47G   0.01115  0.004276         0   0.01543         0       256    0.7579    0.8943    0.9277    0.6403   0.02874   0.01962         0
    95/199     2.47G    0.0136  0.004298         0    0.0179         0       256    0.8009    0.9286    0.9336    0.6356   0.02891   0.01935         0
    96/199     2.47G    0.0137  0.004554         0   0.01825         0       256    0.7932    0.8929     0.931    0.6497   0.02843   0.01936         0
    97/199     2.47G   0.01281  0.004259         0   0.01707         0       256    0.8201    0.8929    0.9314    0.6611   0.03089   0.01947         0
    98/199     2.47G    0.0148  0.004364         0   0.01916         0       256    0.8068    0.8929    0.9225    0.6538   0.02955   0.02028         0
    99/199     2.47G   0.01371  0.004419         0   0.01813         0       256    0.8314    0.8929    0.9258    0.6629   0.02874   0.02019         0
   100/199     2.47G    0.0127  0.004448         0   0.01714         0       256    0.8357    0.8929     0.926    0.6391   0.02831   0.01998         0
   101/199     2.47G   0.01318  0.004351         0   0.01753         0       256    0.7407    0.8571    0.9173    0.6566   0.02783    0.0202         0
   102/199     2.47G    0.0106  0.003995         0    0.0146         0       256    0.7014    0.8571    0.9128    0.6438   0.02803   0.02013         0
   103/199     2.47G   0.01201   0.00407         0   0.01608         0       256    0.7088    0.8571    0.9125    0.6427   0.02822   0.02035         0
   104/199     2.47G   0.01222  0.004157         0   0.01638         0       256     0.784    0.8571    0.9077    0.6425   0.02975   0.02096         0
   105/199     2.47G   0.01357  0.004108         0   0.01768         0       256    0.7147    0.8571    0.9134     0.633   0.02841   0.02053         0
   106/199     2.47G   0.01033  0.003806         0   0.01413         0       256    0.7527    0.9286    0.9317    0.6668   0.02775   0.01958         0
   107/199     2.47G   0.01137  0.003935         0    0.0153         0       256    0.7512    0.9286    0.9329    0.6621   0.02742    0.0194         0
   108/199     2.47G   0.01206  0.004018         0   0.01607         0       256    0.7552    0.9286    0.9357    0.6389   0.02812   0.01942         0
   109/199     2.47G   0.01211  0.004027         0   0.01613         0       256    0.8166    0.8929      0.93    0.6436   0.02885   0.02034         0
   110/199     2.47G   0.01264  0.004024         0   0.01666         0       256    0.8315    0.8929    0.9375    0.6642   0.02753   0.01984         0
   111/199     2.47G   0.01006  0.003846         0    0.0139         0       256    0.8714    0.8929    0.9311    0.6499   0.02765   0.01997         0
   112/199     2.47G   0.01004  0.003817         0   0.01385         0       256    0.7741    0.8929    0.9331    0.6591   0.02827   0.01971         0
   113/199     2.47G   0.01159   0.00398         0   0.01557         0       256    0.7263    0.8929    0.9331    0.6581   0.02757   0.01951         0
   114/199     2.47G  0.009474  0.003639         0   0.01311         0       256    0.7862    0.8929    0.9322    0.6431   0.02723   0.01961         0
   115/199     2.47G   0.01016  0.003633         0    0.0138         0       256     0.768    0.8929    0.9309    0.6659   0.02749      0.02         0
   116/199     2.47G   0.01022  0.003641         0   0.01386         0       256    0.7691    0.8929    0.9277    0.6475   0.02859   0.02035         0
   117/199     2.47G    0.0108  0.003636         0   0.01444         0       256      0.76    0.8571    0.9213    0.6513   0.02926    0.0207         0
   118/199     2.47G  0.009742  0.003499         0   0.01324         0       256     0.785    0.8571    0.9165    0.6715   0.02833    0.0207         0
   119/199     2.47G  0.009929   0.00357         0    0.0135         0       256    0.8044    0.8815    0.9235    0.6665   0.02818   0.02079         0
   120/199     2.47G   0.01047  0.003796         0   0.01427         0       256    0.7691    0.8929    0.9311    0.6623   0.02739   0.02006         0
   121/199     2.47G  0.009339  0.003553         0   0.01289         0       256    0.7786    0.8929    0.9345    0.6642   0.02808      0.02         0
   122/199     2.47G  0.009807  0.003549         0   0.01336         0       256    0.7823    0.8929    0.9377    0.6604   0.02734   0.01973         0
   123/199     2.47G  0.009348  0.003483         0   0.01283         0       256    0.8341    0.8929    0.9348    0.6434   0.02775      0.02         0
   124/199     2.47G  0.009807   0.00365         0   0.01346         0       256    0.8428    0.8929    0.9352    0.6584   0.02802    0.0201         0
   125/199     2.47G  0.008811  0.003349         0   0.01216         0       256    0.8366    0.9147    0.9395    0.6506   0.02777   0.01965         0
   126/199     2.47G  0.009368   0.00344         0   0.01281         0       256    0.8284    0.9286    0.9405    0.6759   0.02738   0.01926         0
   127/199     2.47G  0.008724  0.003308         0   0.01203         0       256    0.8041    0.9286    0.9376    0.6673   0.02783   0.01967         0
   128/199     2.47G   0.01017  0.003554         0   0.01372         0       256    0.8314    0.9286    0.9364    0.6704   0.02814   0.01973         0
   129/199     2.47G    0.0084  0.003217         0   0.01162         0       256    0.7992    0.9286    0.9382    0.6497     0.028   0.01977         0
   130/199     2.47G  0.008307  0.003215         0   0.01152         0       256    0.7571    0.9286    0.9349    0.6547   0.02752   0.01925         0
   131/199     2.47G  0.008788  0.003236         0   0.01202         0       256    0.7471    0.9286    0.9312    0.6423   0.02778   0.01938         0
   132/199     2.47G   0.01035  0.003699         0   0.01405         0       256    0.7821    0.9286    0.9354    0.6634   0.02799    0.0192         0
   133/199     2.47G   0.00838  0.003272         0   0.01165         0       256    0.8094      0.91     0.933    0.6596   0.02813   0.01962         0
   134/199     2.47G  0.008705   0.00323         0   0.01194         0       256    0.7964    0.8929    0.9317    0.6717   0.02768   0.01936         0
   135/199     2.47G  0.008754  0.003288         0   0.01204         0       256    0.8167    0.8929    0.9321    0.6606   0.02752   0.01967         0
   136/199     2.47G  0.008261  0.003297         0   0.01156         0       256    0.8158    0.8929    0.9349    0.6697   0.02713   0.01989         0
   137/199     2.47G  0.007754  0.003153         0   0.01091         0       256    0.8348    0.8929     0.938    0.6642   0.02721   0.01958         0
   138/199     2.47G  0.007088  0.003006         0   0.01009         0       256    0.8665    0.9272     0.945    0.6703    0.0267   0.01927         0
   139/199     2.47G  0.009005  0.003303         0   0.01231         0       256    0.8101    0.9286    0.9394    0.6737   0.02704   0.01953         0
   140/199     2.47G  0.007856  0.003175         0   0.01103         0       256    0.8073    0.9286    0.9427    0.6803   0.02724   0.01961         0
   141/199     2.47G  0.007501   0.00302         0   0.01052         0       256    0.8502    0.9286     0.945    0.6612   0.02751   0.01942         0
   142/199     2.47G  0.009194  0.003243         0   0.01244         0       256    0.7828    0.9286    0.9453    0.6723   0.02696   0.01916         0
   143/199     2.47G   0.00612   0.00279         0   0.00891         0       256    0.7855    0.9286    0.9413    0.6706   0.02696   0.01928         0
   144/199     2.47G  0.008363   0.00315         0   0.01151         0       256    0.7853    0.9144    0.9411    0.6731   0.02743   0.01931         0
   145/199     2.47G  0.006973  0.002943         0  0.009916         0       256    0.7794    0.8929    0.9381    0.6604    0.0276   0.01959         0
   146/199     2.47G  0.007291  0.002943         0   0.01023         0       256     0.802    0.8929    0.9377    0.6561   0.02713   0.01953         0
   147/199     2.47G  0.007255  0.002833         0   0.01009         0       256      0.81    0.8929    0.9353    0.6662   0.02767   0.02014         0
   148/199     2.47G  0.007344   0.00297         0   0.01031         0       256    0.8379    0.8929    0.9371     0.687   0.02771   0.02011         0
   149/199     2.47G  0.006964  0.002791         0  0.009756         0       256    0.8337    0.8929    0.9367    0.6715   0.02783    0.0199         0
   150/199     2.47G  0.006262  0.002727         0   0.00899         0       256    0.8416    0.9286    0.9415    0.6837   0.02691   0.01937         0
   151/199     2.47G  0.006511  0.002784         0  0.009295         0       256    0.8328    0.9286    0.9358    0.6802   0.02714   0.01959         0
   152/199     2.47G  0.007422  0.003067         0   0.01049         0       256    0.8114    0.9286    0.9363    0.6759   0.02722   0.01969         0
   153/199     2.47G  0.006262  0.002713         0  0.008975         0       256     0.849    0.9286    0.9366    0.6801   0.02729   0.01988         0
   154/199     2.47G  0.005701   0.00256         0  0.008262         0       256    0.8371    0.8929    0.9355    0.6666   0.02748   0.02011         0
   155/199     2.47G  0.007685  0.002864         0   0.01055         0       256    0.8043    0.8929    0.9271    0.6659   0.02808   0.02069         0
   156/199     2.47G  0.007045  0.002904         0  0.009949         0       256    0.7837    0.8929    0.9256    0.6701    0.0281   0.02086         0
   157/199     2.47G  0.005413  0.002538         0  0.007951         0       256    0.8107    0.9178    0.9282    0.6698   0.02775   0.02034         0
   158/199     2.47G   0.00598  0.002612         0  0.008592         0       256    0.8175    0.9286    0.9352    0.6743    0.0276    0.0198         0
   159/199     2.47G  0.006709  0.002751         0  0.009459         0       256    0.8309    0.9286     0.929    0.6702   0.02742    0.0201         0
   160/199     2.47G  0.006657  0.002829         0  0.009485         0       256     0.832    0.9286    0.9324    0.6599   0.02718   0.02005         0
   161/199     2.47G  0.006199  0.002586         0  0.008785         0       256    0.8539    0.8929    0.9325    0.6823   0.02736   0.02023         0
   162/199     2.47G  0.005769  0.002544         0  0.008313         0       256    0.8529    0.8929    0.9304    0.6734   0.02725   0.02024         0
   163/199     2.47G  0.006528  0.002727         0  0.009255         0       256    0.8637    0.8929    0.9273    0.6621   0.02747   0.02077         0
   164/199     2.47G  0.005963  0.002637         0  0.008601         0       256    0.8343    0.8929    0.9267    0.6622   0.02758   0.02051         0
   165/199     2.47G  0.005956  0.002619         0  0.008574         0       256     0.837    0.9175    0.9324    0.6687   0.02746    0.0202         0
   166/199     2.47G   0.00513  0.002401         0  0.007531         0       256    0.8273    0.9286    0.9375     0.665   0.02717   0.01976         0
   167/199     2.47G  0.006481   0.00272         0  0.009201         0       256    0.7784    0.9286     0.931    0.6743   0.02743      0.02         0
   168/199     2.47G  0.005273  0.002491         0  0.007764         0       256    0.8156    0.9286    0.9319    0.6665   0.02748   0.02004         0
   169/199     2.47G  0.005565   0.00248         0  0.008046         0       256    0.7776    0.9286    0.9325    0.6702   0.02755   0.02009         0
   170/199     2.47G  0.005256  0.002387         0  0.007642         0       256    0.8179    0.9286    0.9346    0.6689    0.0273   0.01978         0
   171/199     2.47G  0.005107  0.002312         0  0.007419         0       256    0.7479    0.9286    0.9313    0.6629   0.02762   0.02014         0
   172/199     2.47G  0.005739  0.002588         0  0.008327         0       256    0.7525    0.9286    0.9321    0.6656   0.02784   0.02004         0
   173/199     2.47G  0.005991  0.002432         0  0.008423         0       256    0.7738    0.9286    0.9333    0.6632   0.02745   0.01983         0
   174/199     2.47G  0.005322  0.002351         0  0.007674         0       256    0.8255    0.9286    0.9369     0.665   0.02706   0.01948         0
   175/199     2.47G  0.005065  0.002348         0  0.007413         0       256    0.7839    0.9286     0.932    0.6706   0.02727   0.01972         0
   176/199     2.47G  0.006464  0.002678         0  0.009142         0       256    0.8238    0.9286    0.9335    0.6822   0.02739   0.01977         0
   177/199     2.47G  0.005304  0.002449         0  0.007753         0       256    0.8292    0.9286    0.9361     0.667   0.02764   0.02006         0
   178/199     2.47G  0.005117  0.002343         0   0.00746         0       256    0.8774    0.9286    0.9385    0.6676   0.02715   0.01992         0
   179/199     2.47G  0.004584  0.002223         0  0.006807         0       256    0.8634    0.9286     0.932    0.6603   0.02747   0.02047         0
   180/199     2.47G  0.005454  0.002408         0  0.007862         0       256    0.8602    0.9286    0.9358    0.6649   0.02769   0.02032         0
   181/199     2.47G  0.005648   0.00248         0  0.008128         0       256    0.7815    0.8929    0.9317    0.6729   0.02778   0.02047         0
   182/199     2.47G  0.004965  0.002326         0   0.00729         0       256    0.8137    0.9286    0.9356      0.67   0.02747   0.02003         0
   183/199     2.47G  0.004691  0.002224         0  0.006915         0       256    0.8132    0.9286     0.932    0.6717   0.02751   0.02038         0
   184/199     2.47G  0.005364  0.002461         0  0.007825         0       256     0.807    0.8929    0.9333    0.6736   0.02776    0.0204         0
   185/199     2.47G  0.005234   0.00236         0  0.007594         0       256    0.7834    0.8929    0.9341    0.6698   0.02794   0.02047         0
   186/199     2.47G  0.004652  0.002234         0  0.006885         0       256    0.8076    0.8929    0.9375    0.6639   0.02754   0.02006         0
   187/199     2.47G  0.004528  0.002196         0  0.006724         0       256    0.8037    0.9286    0.9358     0.664    0.0278   0.02033         0
   188/199     2.47G  0.005713  0.002435         0  0.008148         0       256    0.7825    0.8929    0.9313    0.6725   0.02791    0.0204         0
   189/199     2.47G  0.005548  0.002412         0   0.00796         0       256    0.7755    0.8929    0.9332    0.6685   0.02757   0.02028         0
   190/199     2.47G  0.004349  0.002127         0  0.006477         0       256    0.8667    0.9285    0.9384    0.6684    0.0273    0.0199         0
   191/199     2.47G  0.004771  0.002277         0  0.007048         0       256    0.8481    0.9286    0.9373    0.6681   0.02754    0.0201         0
   192/199     2.47G   0.00537  0.002449         0  0.007818         0       256    0.8206    0.9286     0.936    0.6708   0.02745   0.02005         0
   193/199     2.47G   0.00468  0.002259         0  0.006939         0       256    0.8585    0.9286    0.9368    0.6746   0.02748   0.02021         0
   194/199     2.47G  0.005121  0.002229         0  0.007349         0       256    0.8705    0.9286    0.9367     0.676   0.02711   0.02005         0
   195/199     2.47G  0.004137  0.002081         0  0.006217         0       256     0.792    0.9286    0.9298    0.6682   0.02752    0.0205         0
   196/199     2.47G  0.005125  0.002345         0  0.007469         0       256     0.813    0.9286    0.9312    0.6713   0.02768   0.02034         0
   197/199     2.47G  0.005394  0.002273         0  0.007667         0       256    0.7741    0.9286    0.9316    0.6648   0.02762    0.0203         0
   198/199     2.47G  0.004642  0.002165         0  0.006807         0       256    0.8391    0.9286    0.9348    0.6576   0.02716   0.01992         0
   199/199     2.47G  0.004383   0.00209         0  0.006474         0       256    0.8394    0.9286    0.9316    0.6593   0.02742   0.02024         0
