     0/199     2.47G   0.08537   0.03419         0    0.1196         0       256         0         0         0         0         0         0         0
     1/199     2.47G   0.07435   0.03518         0    0.1095         0       256         0         0         0         0         0         0         0
     2/199     2.47G   0.06744   0.03518         0    0.1026         0       256         0         0         0         0         0         0         0
     3/199     2.47G   0.05994   0.03564         0   0.09558         0       256         0         0         0         0         0         0         0
     4/199     2.47G   0.05512    0.0331         0   0.08822         0       256         0         0         0         0         0         0         0
     5/199     2.47G    0.0529   0.02628         0   0.07917         0       256         0         0         0         0         0         0         0
     6/199     2.47G   0.05521   0.02108         0   0.07629         0       256         0         0         0         0         0         0         0
     7/199     2.47G    0.0561   0.01888         0   0.07498         0       256         0         0         0         0         0         0         0
     8/199     2.47G   0.05663   0.01677         0    0.0734         0       256         0         0         0         0         0         0         0
     9/199     2.47G   0.05734   0.01455         0   0.07189         0       256         0         0         0         0         0         0         0
    10/199     2.47G   0.05676   0.01482         0   0.07158         0       256         0         0         0         0         0         0         0
    11/199     2.47G    0.0552   0.01264         0   0.06784         0       256         0         0         0         0         0         0         0
    12/199     2.47G   0.05351   0.01338         0   0.06688         0       256         0         0         0         0         0         0         0
    13/199     2.47G   0.05333    0.0118         0   0.06514         0       256         0         0         0         0         0         0         0
    14/199     2.47G   0.06507   0.01296         0   0.07803         0       256         0         0         0         0         0         0         0
    15/199     2.47G   0.05535    0.0142         0   0.06955         0       256         0         0         0         0         0         0         0
    16/199     2.47G   0.04829   0.01429         0   0.06258         0       256         0         0         0         0         0         0         0
    17/199     2.47G   0.05333   0.02034         0   0.07366         0       256         0         0         0         0         0         0         0
    18/199     2.47G   0.04739   0.01726         0   0.06465         0       256         0         0         0         0         0         0         0
    19/199     2.47G   0.04232   0.01348         0   0.05579         0       256         0         0         0         0         0         0         0
    20/199     2.47G   0.04499   0.01229         0   0.05728         0       256         0         0         0         0         0         0         0
    21/199     2.47G   0.04303     0.012         0   0.05503         0       256         0         0         0         0         0         0         0
    22/199     2.47G   0.04497   0.01113         0   0.05609         0       256         0         0         0         0         0         0         0
    23/199     2.47G   0.04091  0.009758         0   0.05067         0       256         0         0         0         0         0         0         0
    24/199     2.47G   0.03895  0.009369         0   0.04831         0       256         0         0         0         0         0         0         0
    25/199     2.47G   0.03836   0.01055         0   0.04891         0       256         0         0         0         0         0         0         0
    26/199     2.47G   0.03945  0.009029         0   0.04848         0       256         0         0         0         0         0         0         0
    27/199     2.47G   0.03508  0.008687         0   0.04377         0       256         0         0         0         0         0         0         0
    28/199     2.47G   0.03935  0.009043         0   0.04839         0       256         0         0         0         0         0         0         0
    29/199     2.47G   0.03327  0.008029         0    0.0413         0       256         0         0         0         0         0         0         0
    30/199     2.47G    0.0343  0.008056         0   0.04235         0       256         0         0         0         0         0         0         0
    31/199     2.47G   0.03076  0.007703         0   0.03846         0       256         0         0         0         0         0         0         0
    32/199     2.47G   0.03165  0.008061         0   0.03971         0       256         0         0         0         0         0         0         0
    33/199     2.47G   0.02914  0.007935         0   0.03707         0       256         0         0         0         0         0         0         0
    34/199     2.47G   0.02961   0.00766         0   0.03727         0       256         0         0         0         0         0         0         0
    35/199     2.47G   0.02819  0.007118         0   0.03531         0       256         0         0         0         0         0         0         0
    36/199     2.47G   0.03373  0.007797         0   0.04153         0       256         0         0         0         0         0         0         0
    37/199     2.47G    0.0268  0.008181         0   0.03498         0       256         0         0         0         0         0         0         0
    38/199     2.47G   0.02231  0.006998         0   0.02931         0       256         0         0         0         0         0         0         0
    39/199     2.47G    0.0244  0.006632         0   0.03103         0       256         0         0         0         0         0         0         0
    40/199     2.47G   0.02678  0.007116         0   0.03389         0       256         0         0         0         0         0         0         0
    41/199     2.47G   0.02603  0.007157         0   0.03319         0       256         0         0         0         0         0         0         0
    42/199     2.47G   0.02186  0.007126         0   0.02899         0       256         0         0         0         0         0         0         0
    43/199     2.47G   0.02578  0.006708         0   0.03249         0       256         0         0         0         0         0         0         0
    44/199     2.47G   0.02665  0.006899         0   0.03355         0       256         0         0         0         0         0         0         0
    45/199     2.47G   0.02158  0.006723         0    0.0283         0       256         0         0         0         0         0         0         0
    46/199     2.47G   0.02236  0.006498         0   0.02886         0       256         0         0         0         0         0         0         0
    47/199     2.47G   0.02207  0.006242         0   0.02831         0       256         0         0         0         0         0         0         0
    48/199     2.47G   0.02223  0.006329         0   0.02856         0       256         0         0         0         0         0         0         0
    49/199     2.47G   0.02258  0.006241         0   0.02882         0       256         0         0         0         0         0         0         0
    50/199     2.47G   0.02217  0.006351         0   0.02852         0       256         0         0         0         0         0         0         0
    51/199     2.47G   0.01866  0.005933         0   0.02459         0       256         0         0         0         0         0         0         0
    52/199     2.47G   0.02335  0.006088         0   0.02944         0       256         0         0         0         0         0         0         0
    53/199     2.47G   0.01973  0.006039         0   0.02577         0       256         0         0         0         0         0         0         0
    54/199     2.47G   0.02023   0.00596         0   0.02619         0       256         0         0         0         0         0         0         0
    55/199     2.47G    0.0204  0.005856         0   0.02626         0       256         0         0         0         0         0         0         0
    56/199     2.47G   0.02146  0.006402         0   0.02786         0       256         0         0         0         0         0         0         0
    57/199     2.47G   0.01958  0.005887         0   0.02547         0       256         0         0         0         0         0         0         0
    58/199     2.47G   0.01879  0.005559         0   0.02435         0       256         0         0         0         0         0         0         0
    59/199     2.47G   0.02027  0.005699         0   0.02597         0       256         0         0         0         0         0         0         0
    60/199     2.47G   0.02065   0.00591         0   0.02656         0       256         0         0         0         0         0         0         0
    61/199     2.47G    0.0163  0.005492         0   0.02179         0       256         0         0         0         0         0         0         0
    62/199     2.47G   0.01841   0.00536         0   0.02377         0       256         0         0         0         0         0         0         0
    63/199     2.47G   0.01669  0.004992         0   0.02168         0       256         0         0         0         0         0         0         0
    64/199     2.47G     0.018  0.005239         0   0.02324         0       256         0         0         0         0         0         0         0
    65/199     2.47G   0.02053  0.005476         0     0.026         0       256         0         0         0         0         0         0         0
    66/199     2.47G   0.01618   0.00522         0    0.0214         0       256         0         0         0         0         0         0         0
    67/199     2.47G   0.01613  0.005017         0   0.02114         0       256         0         0         0         0         0         0         0
    68/199     2.47G   0.01756  0.005131         0   0.02269         0       256         0         0         0         0         0         0         0
    69/199     2.47G   0.01625  0.005303         0   0.02156         0       256         0         0         0         0         0         0         0
    70/199     2.47G   0.01478  0.004878         0   0.01966         0       256         0         0         0         0         0         0         0
    71/199     2.47G   0.01303  0.004529         0   0.01756         0       256         0         0         0         0         0         0         0
    72/199     2.47G   0.01784  0.005316         0   0.02316         0       256         0         0         0         0         0         0         0
    73/199     2.47G   0.01604  0.005122         0   0.02116         0       256         0         0         0         0         0         0         0
    74/199     2.47G   0.01399  0.004819         0   0.01881         0       256         0         0         0         0         0         0         0
    75/199     2.47G   0.01362  0.004592         0   0.01821         0       256         0         0         0         0         0         0         0
    76/199     2.47G   0.01549  0.004885         0   0.02037         0       256         0         0         0         0         0         0         0
    77/199     2.47G   0.01782  0.004985         0    0.0228         0       256         0         0         0         0         0         0         0
    78/199     2.47G   0.01569  0.005169         0   0.02086         0       256         0         0         0         0         0         0         0
    79/199     2.47G   0.01267  0.004749         0   0.01742         0       256         0         0         0         0         0         0         0
    80/199     2.47G   0.01621  0.005124         0   0.02133         0       256         0         0         0         0         0         0         0
    81/199     2.47G   0.01817  0.005149         0   0.02332         0       256         0         0         0         0         0         0         0
    82/199     2.47G   0.01375  0.004778         0   0.01853         0       256         0         0         0         0         0         0         0
    83/199     2.47G    0.0133  0.004609         0   0.01791         0       256         0         0         0         0         0         0         0
    84/199     2.47G   0.01416  0.004805         0   0.01896         0       256         0         0         0         0         0         0         0
    85/199     2.47G   0.01559  0.004813         0   0.02041         0       256         0         0         0         0         0         0         0
    86/199     2.47G    0.0136   0.00484         0   0.01844         0       256         0         0         0         0         0         0         0
    87/199     2.47G   0.01297  0.004539         0   0.01751         0       256         0         0         0         0         0         0         0
    88/199     2.47G   0.01532  0.004754         0   0.02007         0       256         0         0         0         0         0         0         0
    89/199     2.47G   0.01424  0.004611         0   0.01885         0       256         0         0         0         0         0         0         0
    90/199     2.47G   0.01304  0.004601         0   0.01764         0       256         0         0         0         0         0         0         0
    91/199     2.47G   0.01419  0.004748         0   0.01894         0       256         0         0         0         0         0         0         0
    92/199     2.47G   0.01236  0.004391         0   0.01675         0       256         0         0         0         0         0         0         0
    93/199     2.47G   0.01272   0.00437         0   0.01709         0       256         0         0         0         0         0         0         0
    94/199     2.47G   0.01243  0.004126         0   0.01656         0       256         0         0         0         0         0         0         0
    95/199     2.47G    0.0116   0.00424         0   0.01584         0       256         0         0         0         0         0         0         0
    96/199     2.47G   0.01427  0.004451         0   0.01872         0       256         0         0         0         0         0         0         0
    97/199     2.47G   0.01226   0.00419         0   0.01645         0       256         0         0         0         0         0         0         0
    98/199     2.47G   0.01236  0.004162         0   0.01652         0       256         0         0         0         0         0         0         0
    99/199     2.47G  0.009779  0.003839         0   0.01362         0       256         0         0         0         0         0         0         0
   100/199     2.47G   0.01288  0.004305         0   0.01719         0       256         0         0         0         0         0         0         0
   101/199     2.47G   0.01116  0.003923         0   0.01508         0       256         0         0         0         0         0         0         0
   102/199     2.47G   0.01366  0.004074         0   0.01773         0       256         0         0         0         0         0         0         0
   103/199     2.47G   0.01123  0.003922         0   0.01515         0       256         0         0         0         0         0         0         0
   104/199     2.47G   0.01214  0.004239         0   0.01638         0       256         0         0         0         0         0         0         0
   105/199     2.47G   0.01024  0.003967         0    0.0142         0       256         0         0         0         0         0         0         0
   106/199     2.47G   0.01103  0.003896         0   0.01492         0       256         0         0         0         0         0         0         0
   107/199     2.47G   0.01111   0.00397         0   0.01508         0       256         0         0         0         0         0         0         0
   108/199     2.47G    0.0108   0.00391         0   0.01471         0       256         0         0         0         0         0         0         0
   109/199     2.47G   0.01133   0.00399         0   0.01532         0       256         0         0         0         0         0         0         0
   110/199     2.47G    0.0103  0.003817         0   0.01412         0       256         0         0         0         0         0         0         0
   111/199     2.47G  0.008115  0.003578         0   0.01169         0       256         0         0         0         0         0         0         0
   112/199     2.47G  0.009097  0.003641         0   0.01274         0       256         0         0         0         0         0         0         0
   113/199     2.47G   0.01064  0.003811         0   0.01446         0       256         0         0         0         0         0         0         0
   114/199     2.47G   0.01117  0.003649         0   0.01482         0       256         0         0         0         0         0         0         0
   115/199     2.47G  0.009666  0.003629         0    0.0133         0       256         0         0         0         0         0         0         0
   116/199     2.47G   0.01123  0.004008         0   0.01524         0       256         0         0         0         0         0         0         0
   117/199     2.47G    0.0085  0.003523         0   0.01202         0       256         0         0         0         0         0         0         0
   118/199     2.47G  0.009451   0.00362         0   0.01307         0       256         0         0         0         0         0         0         0
   119/199     2.47G  0.009198  0.003539         0   0.01274         0       256         0         0         0         0         0         0         0
   120/199     2.47G   0.01005  0.003608         0   0.01366         0       256         0         0         0         0         0         0         0
   121/199     2.47G   0.00897  0.003506         0   0.01248         0       256         0         0         0         0         0         0         0
   122/199     2.47G  0.008338  0.003343         0   0.01168         0       256         0         0         0         0         0         0         0
   123/199     2.47G  0.008588    0.0033         0   0.01189         0       256         0         0         0         0         0         0         0
   124/199     2.47G  0.009069  0.003493         0   0.01256         0       256         0         0         0         0         0         0         0
   125/199     2.47G  0.008368  0.003297         0   0.01166         0       256         0         0         0         0         0         0         0
   126/199     2.47G  0.008578  0.003273         0   0.01185         0       256         0         0         0         0         0         0         0
   127/199     2.47G  0.009749  0.003513         0   0.01326         0       256         0         0         0         0         0         0         0
   128/199     2.47G  0.007949  0.003307         0   0.01126         0       256         0         0         0         0         0         0         0
   129/199     2.47G  0.009983  0.003583         0   0.01357         0       256         0         0         0         0         0         0         0
   130/199     2.47G  0.008503  0.003256         0   0.01176         0       256         0         0         0         0         0         0         0
   131/199     2.47G  0.008768  0.003323         0   0.01209         0       256         0         0         0         0         0         0         0
   132/199     2.47G  0.007458  0.003211         0   0.01067         0       256         0         0         0         0         0         0         0
   133/199     2.47G    0.0081  0.003263         0   0.01136         0       256         0         0         0         0         0         0         0
   134/199     2.47G  0.008495  0.003279         0   0.01177         0       256         0         0         0         0         0         0         0
   135/199     2.47G  0.006281  0.002939         0  0.009219         0       256         0         0         0         0         0         0         0
   136/199     2.47G  0.008171  0.003298         0   0.01147         0       256         0         0         0         0         0         0         0
   137/199     2.47G  0.008182  0.003138         0   0.01132         0       256         0         0         0         0         0         0         0
   138/199     2.47G  0.007812  0.003073         0   0.01089         0       256         0         0         0         0         0         0         0
   139/199     2.47G  0.007462  0.003048         0   0.01051         0       256         0         0         0         0         0         0         0
   140/199     2.47G  0.007701  0.003246         0   0.01095         0       256         0         0         0         0         0         0         0
   141/199     2.47G  0.006908  0.003029         0  0.009937         0       256         0         0         0         0         0         0         0
   142/199     2.47G    0.0079  0.003024         0   0.01092         0       256         0         0         0         0         0         0         0
   143/199     2.47G   0.00742  0.003005         0   0.01042         0       256         0         0         0         0         0         0         0
   144/199     2.47G  0.007547  0.003087         0   0.01063         0       256         0         0         0         0         0         0         0
   145/199     2.47G   0.00654   0.00283         0  0.009371         0       256         0         0         0         0         0         0         0
   146/199     2.47G  0.007183  0.002919         0    0.0101         0       256         0         0         0         0         0         0         0
   147/199     2.47G  0.006996  0.002862         0  0.009859         0       256         0         0         0         0         0         0         0
   148/199     2.47G  0.007542  0.003079         0   0.01062         0       256         0         0         0         0         0         0         0
   149/199     2.47G  0.006133  0.002729         0  0.008861         0       256         0         0         0         0         0         0         0
   150/199     2.47G  0.007136  0.002974         0   0.01011         0       256         0         0         0         0         0         0         0
   151/199     2.47G  0.006065  0.002707         0  0.008772         0       256         0         0         0         0         0         0         0
   152/199     2.47G  0.007446  0.003062         0   0.01051         0       256         0         0         0         0         0         0         0
   153/199     2.47G  0.006563  0.002828         0  0.009391         0       256         0         0         0         0         0         0         0
   154/199     2.47G  0.005967   0.00266         0  0.008628         0       256         0         0         0         0         0         0         0
   155/199     2.47G  0.007389  0.002864         0   0.01025         0       256         0         0         0         0         0         0         0
   156/199     2.47G  0.005574  0.002657         0  0.008231         0       256         0         0         0         0         0         0         0
   157/199     2.47G   0.00661  0.002783         0  0.009393         0       256         0         0         0         0         0         0         0
   158/199     2.47G  0.005912   0.00268         0  0.008592         0       256         0         0         0         0         0         0         0
   159/199     2.47G  0.004899  0.002525         0  0.007424         0       256         0         0         0         0         0         0         0
   160/199     2.47G  0.006361  0.002839         0    0.0092         0       256         0         0         0         0         0         0         0
   161/199     2.47G  0.006274  0.002735         0  0.009009         0       256         0         0         0         0         0         0         0
   162/199     2.47G  0.006242  0.002646         0  0.008887         0       256         0         0         0         0         0         0         0
   163/199     2.47G  0.005896  0.002665         0  0.008561         0       256         0         0         0         0         0         0         0
   164/199     2.47G  0.006114  0.002722         0  0.008836         0       256         0         0         0         0         0         0         0
   165/199     2.47G  0.005703  0.002584         0  0.008287         0       256         0         0         0         0         0         0         0
   166/199     2.47G  0.005127  0.002399         0  0.007527         0       256         0         0         0         0         0         0         0
   167/199     2.47G  0.005927  0.002547         0  0.008474         0       256         0         0         0         0         0         0         0
   168/199     2.47G  0.005315  0.002554         0  0.007869         0       256         0         0         0         0         0         0         0
   169/199     2.47G  0.005285  0.002453         0  0.007737         0       256         0         0         0         0         0         0         0
   170/199     2.47G  0.005324  0.002391         0  0.007715         0       256         0         0         0         0         0         0         0
   171/199     2.47G  0.005157  0.002481         0  0.007638         0       256         0         0         0         0         0         0         0
   172/199     2.47G  0.005419  0.002553         0  0.007972         0       256         0         0         0         0         0         0         0
   173/199     2.47G  0.005722  0.002541         0  0.008264         0       256         0         0         0         0         0         0         0
   174/199     2.47G  0.004941  0.002359         0    0.0073         0       256         0         0         0         0         0         0         0
   175/199     2.47G  0.004428  0.002261         0  0.006689         0       256         0         0         0         0         0         0         0
   176/199     2.47G  0.006021  0.002636         0  0.008657         0       256         0         0         0         0         0         0         0
   177/199     2.47G  0.004768  0.002319         0  0.007087         0       256         0         0         0         0         0         0         0
   178/199     2.47G  0.005036  0.002318         0  0.007354         0       256         0         0         0         0         0         0         0
   179/199     2.47G  0.004419  0.002288         0  0.006708         0       256         0         0         0         0         0         0         0
   180/199     2.47G  0.004745  0.002374         0  0.007119         0       256         0         0         0         0         0         0         0
   181/199     2.47G  0.004596  0.002301         0  0.006897         0       256         0         0         0         0         0         0         0
   182/199     2.47G  0.004877  0.002295         0  0.007173         0       256         0         0         0         0         0         0         0
   183/199     2.47G   0.00438  0.002257         0  0.006637         0       256         0         0         0         0         0         0         0
   184/199     2.47G  0.005254  0.002518         0  0.007772         0       256         0         0         0         0         0         0         0
   185/199     2.47G  0.005377  0.002492         0  0.007869         0       256         0         0         0         0         0         0         0
   186/199     2.47G  0.004441  0.002176         0  0.006617         0       256         0         0         0         0         0         0         0
   187/199     2.47G    0.0059  0.002555         0  0.008455         0       256         0         0         0         0         0         0         0
   188/199     2.47G  0.004927  0.002335         0  0.007262         0       256         0         0         0         0         0         0         0
   189/199     2.47G  0.005354  0.002417         0  0.007771         0       256         0         0         0         0         0         0         0
   190/199     2.47G  0.004223  0.002196         0  0.006419         0       256         0         0         0         0         0         0         0
   191/199     2.47G  0.003987  0.002187         0  0.006174         0       256         0         0         0         0         0         0         0
   192/199     2.47G  0.005087   0.00244         0  0.007527         0       256         0         0         0         0         0         0         0
   193/199     2.47G  0.004766  0.002291         0  0.007056         0       256         0         0         0         0         0         0         0
   194/199     2.47G  0.004764  0.002222         0  0.006986         0       256         0         0         0         0         0         0         0
   195/199     2.47G  0.005002  0.002309         0  0.007311         0       256         0         0         0         0         0         0         0
   196/199     2.47G  0.004308  0.002214         0  0.006523         0       256         0         0         0         0         0         0         0
   197/199     2.47G  0.004554  0.002253         0  0.006807         0       256         0         0         0         0         0         0         0
   198/199     2.47G   0.00428  0.002106         0  0.006385         0       256         0         0         0         0         0         0         0
   199/199     2.47G  0.004494  0.002161         0  0.006656         0       256    0.7788    0.9643    0.9588    0.6872   0.02685   0.01644         0
